1 720 1333
505.0812072753906 152.82261657714844
526.4630737304688 150.5441436767578
548.1807250976562 148.2646026611328
570.0027465820312 145.8795166015625
592.1740112304688 143.5597686767578
614.4537353515625 141.30650329589844
637.0598754882812 138.90213012695312
659.755126953125 136.55081176757812
682.7852783203125 134.27195739746094
706.0784301757812 131.90383911132812
729.5087280273438 129.59805297851562
507.801513671875 175.87899780273438
529.1644287109375 173.69117736816406
550.5936279296875 171.53646850585938
572.4431762695312 169.357421875
594.4121704101562 167.169677734375
616.5798950195312 164.88319396972656
639.0550537109375 162.639404296875
661.6702270507812 160.48060607910156
684.5562744140625 158.3186798095703
707.688232421875 156.1197967529297
731.0065307617188 153.84913635253906
510.566162109375 198.65432739257812
531.722412109375 196.58270263671875
553.2060546875 194.516357421875
574.727783203125 192.4808349609375
596.6275634765625 190.369384765625
618.677734375 188.30001831054688
641.1004638671875 186.22398376464844
663.5556030273438 184.14134216308594
686.4204711914062 181.99769592285156
709.3388061523438 179.89747619628906
732.4901733398438 177.8223876953125
513.3447875976562 221.26724243164062
534.4041137695312 219.27749633789062
555.5938720703125 217.3571014404297
577.1666870117188 215.3568572998047
598.8419799804688 213.41217041015625
620.780029296875 211.41139221191406
643.01904296875 209.42138671875
665.4528198242188 207.46231079101562
688.1103515625 205.47735595703125
710.9116821289062 203.52012634277344
733.9042358398438 201.5680694580078
515.9935302734375 243.4715576171875
536.884033203125 241.58935546875
558.062744140625 239.7183380126953
579.4486694335938 237.87974548339844
601.1010131835938 236.07887268066406
622.8717651367188 234.27239990234375
644.98583984375 232.38870239257812
667.3193969726562 230.51585388183594
689.7274169921875 228.61822509765625
712.5059814453125 226.7652587890625
735.4364624023438 225.0155029296875
518.6328735351562 265.4510803222656
539.4354248046875 263.6839294433594
560.4772338867188 262.0130920410156
581.6849975585938 260.3169860839844
603.2836303710938 258.5419616699219
624.9497680664062 256.7445068359375
646.8881225585938 255.0955047607422
669.1466674804688 253.37986755371094
691.4765625 251.57321166992188
714.0924072265625 249.8481903076172
736.8029174804688 248.22926330566406
521.3193969726562 287.2203063964844
541.9252319335938 285.55908203125
562.7890625 283.96533203125
583.9850463867188 282.4195251464844
605.3991088867188 280.7225646972656
627.010986328125 279.2462463378906
648.7724609375 277.5109558105469
670.8881225585938 275.8727722167969
693.1976928710938 274.3235778808594
715.6182861328125 272.64617919921875
738.3325805664062 271.0843811035156
523.8438720703125 308.608154296875
544.4398193359375 307.22613525390625
565.2785034179688 305.6382141113281
586.296875 304.2555236816406
607.5375366210938 302.6594543457031
629.0530395507812 301.260009765625
650.7068481445312 299.6702880859375
672.6163940429688 298.26800537109375
694.7658081054688 296.63934326171875
717.2034912109375 295.2500915527344
739.60986328125 293.6337585449219