1 720 1333
589.899169921875 462.3262023925781
604.656982421875 461.3949890136719
619.4664916992188 460.460205078125
634.2782592773438 459.5416564941406
649.0001220703125 458.5758972167969
663.7023315429688 457.6144104003906
678.5064086914062 456.6744384765625
693.3514404296875 455.6794128417969
708.0670166015625 454.7621154785156
722.7769775390625 453.7449951171875
737.48388671875 452.8521728515625
589.6388549804688 475.6717529296875
604.572265625 474.7996826171875
619.54931640625 473.8807678222656
634.494873046875 472.9971008300781
649.483642578125 472.1231689453125
664.4419555664062 471.18634033203125
679.4354858398438 470.2755126953125
694.4111938476562 469.27337646484375
709.3726196289062 468.2884826660156
724.2960205078125 467.3166809082031
739.2721557617188 466.3210144042969
589.40966796875 489.5826721191406
604.5193481445312 488.6366882324219
619.6375122070312 487.71270751953125
634.76220703125 486.8041687011719
649.9720458984375 485.8457946777344
665.2300415039062 484.9178771972656
680.3758544921875 483.9617004394531
695.5064086914062 482.97918701171875
710.6071166992188 482.0025634765625
725.7116088867188 480.97723388671875
740.8186645507812 480.0342102050781
589.1760864257812 503.731201171875
604.452392578125 502.8487548828125
619.7627563476562 501.9300231933594
635.2254028320312 501.0270690917969
650.5297241210938 500.13824462890625
665.8212890625 499.1683654785156
681.3326416015625 498.21820068359375
696.560302734375 497.2063293457031
711.9620971679688 496.1795959472656
727.3499755859375 495.1973571777344
742.6199951171875 494.192626953125
588.72900390625 518.4327392578125
604.3922119140625 517.4871826171875
619.8634033203125 516.5263671875
635.4990844726562 515.5521850585938
651.1519775390625 514.61474609375
666.5867919921875 513.6127319335938
682.2891845703125 512.646728515625
697.7381591796875 511.6023254394531
713.3656616210938 510.62200927734375
728.8416748046875 509.5791015625
744.3955078125 508.623779296875
588.4852294921875 533.4476318359375
604.307373046875 532.4680786132812
620.0543212890625 531.5269165039062
635.775634765625 530.5332641601562
651.6321411132812 529.5404663085938
667.4254150390625 528.5615234375
683.2849731445312 527.579833984375
698.9824829101562 526.5648193359375
714.7545166015625 525.5469970703125
730.478515625 524.5302124023438
746.2891235351562 523.4923706054688
588.2060546875 548.7188720703125
604.221923828125 547.74462890625
620.2151489257812 546.8668823242188
636.2545776367188 545.8640747070312
652.2816162109375 544.8999633789062
668.2875366210938 543.93701171875
684.310302734375 542.9020385742188
700.2922973632812 541.8609619140625
716.25439453125 540.82763671875
732.2227783203125 539.74951171875
748.1326904296875 538.7467651367188
587.7608642578125 564.57861328125
604.0919189453125 563.6229858398438
620.3865966796875 562.6395263671875
636.5355834960938 561.6370239257812
652.7598876953125 560.6937866210938
669.0819091796875 559.653076171875
685.305908203125 558.6680297851562
701.4896850585938 557.6400756835938
717.6702270507812 556.5862426757812
733.8336181640625 555.5485229492188
750.091796875 554.4887084960938