1 720 1333
644.3056030273438 472.67095947265625
655.7357177734375 475.5150451660156
667.5732421875 478.38916015625
679.5184936523438 481.3073425292969
691.7564697265625 484.2618713378906
704.2523193359375 487.29241943359375
716.9137573242188 490.37841796875
729.9346313476562 493.43170166015625
743.1920166015625 496.5863952636719
756.6614379882812 499.80804443359375
770.4542846679688 503.204833984375
637.588623046875 481.0683288574219
649.3168334960938 483.9132080078125
661.1524658203125 486.9575500488281
673.3292846679688 490.0168762207031
685.573974609375 493.16107177734375
698.2763671875 496.33416748046875
711.12548828125 499.4759216308594
724.2548217773438 502.7621765136719
737.614990234375 506.0568542480469
751.33154296875 509.50701904296875
765.298583984375 512.9577026367188
630.6989135742188 489.56866455078125
642.5199584960938 492.6388244628906
654.5582275390625 495.74346923828125
666.7086181640625 498.98480224609375
679.3405151367188 502.289306640625
692.0001220703125 505.5521545410156
705.0884399414062 508.97808837890625
718.3297729492188 512.370361328125
731.8631591796875 515.8248291015625
745.70751953125 519.438720703125
759.8682250976562 523.1513671875
623.6439208984375 498.4151306152344
635.5634155273438 501.58978271484375
647.65185546875 504.8721923828125
660.0623168945312 508.30621337890625
672.6588745117188 511.64605712890625
685.616455078125 515.1658325195312
698.7604370117188 518.6435546875
712.2635498046875 522.365234375
725.96337890625 525.9317016601562
740.0010375976562 529.7125854492188
754.3920288085938 533.5780639648438
616.2987670898438 507.4969177246094
628.3807373046875 510.80328369140625
640.58544921875 514.3291625976562
653.1450805664062 517.7752685546875
665.87744140625 521.4122924804688
678.908203125 525.11962890625
692.3582763671875 528.7530517578125
705.8783569335938 532.5558471679688
719.7860107421875 536.4435424804688
734.0777587890625 540.4132690429688
748.5872802734375 544.4658203125
608.7875366210938 516.7732543945312
620.8169555664062 520.4191284179688
633.30810546875 524.0537109375
645.9398803710938 527.6688842773438
658.8318481445312 531.48681640625
672.0858154296875 535.3486938476562
685.5562744140625 539.26611328125
699.376220703125 543.2439575195312
713.4514770507812 547.2906494140625
727.84521484375 551.454833984375
742.5924072265625 555.666748046875
600.8809204101562 526.517822265625
613.266845703125 530.2317504882812
625.6974487304688 534.01025390625
638.5310668945312 537.8751831054688
651.5986328125 541.8458862304688
664.9381103515625 545.8939208984375
678.61376953125 550.0340576171875
692.55517578125 554.2635498046875
706.8687744140625 558.5009765625
721.5023803710938 562.8616943359375
736.4129028320312 567.4181518554688
592.8680419921875 536.4204711914062
605.2401123046875 540.3986206054688
617.8809814453125 544.3678588867188
630.806640625 548.4505004882812
644.1038818359375 552.5918579101562
657.593017578125 556.8472290039062
671.4331665039062 561.2628784179688
685.5657958984375 565.639404296875
700.0502319335938 570.2113037109375
714.8161010742188 574.7767333984375
729.9854125976562 579.5413818359375