1 720 1333
681.4807739257812 457.3022155761719
695.2330322265625 454.2757568359375
708.36376953125 451.30181884765625
721.2078247070312 448.39056396484375
733.529296875 445.5951843261719
745.536376953125 442.8410949707031
757.2474975585938 440.2793273925781
768.4883422851562 437.6474609375
779.4920654296875 435.18896484375
790.1198120117188 432.705322265625
800.427001953125 430.39501953125
689.2337036132812 472.29644775390625
702.8134765625 468.8765869140625
716.1201782226562 465.6414794921875
728.8626098632812 462.56182861328125
741.3387451171875 459.4704895019531
753.3695068359375 456.5373840332031
764.981689453125 453.6197509765625
776.3095092773438 450.81256103515625
787.3160400390625 448.1059265136719
797.858154296875 445.4861145019531
808.2129516601562 442.8629150390625
697.0643310546875 487.5572509765625
710.7376098632812 483.91790771484375
724.0491333007812 480.427978515625
736.823974609375 476.9803466796875
749.3038940429688 473.6500549316406
761.3211059570312 470.45660400390625
772.9945678710938 467.38739013671875
784.301025390625 464.29638671875
795.26220703125 461.31781005859375
805.8037109375 458.4580383300781
816.138427734375 455.6576232910156
705.180908203125 503.2878112792969
718.88330078125 499.3484802246094
732.1531982421875 495.50054931640625
744.9908447265625 491.743896484375
757.4459838867188 488.1994323730469
769.4552612304688 484.67645263671875
781.152099609375 481.3370666503906
792.4176635742188 477.99957275390625
803.3768920898438 474.7563171386719
813.93115234375 471.693603515625
824.1834106445312 468.6732177734375
713.4442138671875 519.315673828125
727.209228515625 515.0443115234375
740.470947265625 510.8658447265625
753.3377685546875 506.8446960449219
765.7598876953125 503.0555114746094
777.774658203125 499.28997802734375
789.4419555664062 495.56707763671875
800.697509765625 492.0548095703125
811.6155395507812 488.56976318359375
822.276123046875 485.29913330078125
832.4694213867188 482.0370178222656
721.8701171875 535.7535400390625
735.7139282226562 531.191650390625
748.988037109375 526.6705322265625
761.8710327148438 522.412841796875
774.3316650390625 518.2230224609375
786.350830078125 514.168212890625
797.9558715820312 510.2503967285156
809.2633056640625 506.4037170410156
820.16650390625 502.65252685546875
830.65185546875 499.1658630371094
840.889404296875 495.6327819824219
730.6190185546875 552.634765625
744.4378051757812 547.6408081054688
757.718505859375 542.8712158203125
770.6204223632812 538.2724609375
783.0339965820312 533.7194213867188
795.0746459960938 529.4090576171875
806.6306762695312 525.2127075195312
817.900634765625 521.1224365234375
828.7425537109375 517.1400756835938
839.3458862304688 513.298095703125
849.4695434570312 509.5330810546875
739.5834350585938 569.9092407226562
753.4400634765625 564.5850219726562
766.7072143554688 559.4632568359375
779.5759887695312 554.4724731445312
791.9666748046875 549.6369018554688
803.9525146484375 545.0199584960938
815.5441284179688 540.503173828125
826.7091674804688 536.1343383789062
837.5983276367188 531.8544311523438
848.0645141601562 527.7335815429688
858.2885131835938 523.7426147460938