1 720 1333
518.2489624023438 203.9223175048828
534.381591796875 194.8377685546875
550.772705078125 185.6865692138672
567.5591430664062 176.396484375
584.57763671875 166.8726348876953
601.9072875976562 157.30557250976562
619.548095703125 147.50946044921875
637.4927978515625 137.5684814453125
655.6963500976562 127.50419616699219
674.3124389648438 117.29914855957031
693.157958984375 106.88884735107422
528.7103881835938 221.39471435546875
544.755615234375 212.5708770751953
561.1853637695312 203.58070373535156
577.7607421875 194.53273010253906
594.752685546875 185.3238983154297
612.0018920898438 175.90879821777344
629.5430297851562 166.42881774902344
647.3767700195312 156.7248992919922
665.504150390625 146.9652862548828
683.9188842773438 137.05120849609375
702.6613159179688 126.91497802734375
539.0369262695312 238.50735473632812
555.031494140625 229.85609436035156
571.3237915039062 221.20547485351562
587.865234375 212.33645629882812
604.7097778320312 203.3717803955078
621.8746337890625 194.2386016845703
639.3391723632812 184.938720703125
657.065185546875 175.55343627929688
675.1089477539062 166.01866149902344
693.4225463867188 156.3685760498047
712.0322265625 146.51669311523438
549.1527099609375 255.29476928710938
565.0233764648438 246.89222717285156
581.2928466796875 238.4017333984375
597.6996459960938 229.7729034423828
614.5225219726562 221.02880859375
631.5621337890625 212.2013397216797
648.9087524414062 203.16925048828125
666.5364990234375 194.00498962402344
684.480224609375 184.681396484375
702.6758422851562 175.3435516357422
721.1871948242188 165.71316528320312
558.9794311523438 271.73388671875
574.837158203125 263.60333251953125
590.9900512695312 255.34518432617188
607.4215087890625 246.86419677734375
624.1341552734375 238.4004364013672
641.0775146484375 229.70372009277344
658.330078125 220.96214294433594
675.8223876953125 212.08114624023438
693.639892578125 203.04632568359375
711.7341918945312 193.81605529785156
730.1589965820312 184.56666564941406
568.7115478515625 287.95013427734375
584.516357421875 279.95892333984375
600.5667114257812 271.9494934082031
616.8419189453125 263.7380676269531
633.52685546875 255.43666076660156
650.4031982421875 246.99993896484375
667.5534057617188 238.44998168945312
684.927490234375 229.76182556152344
702.6786499023438 220.990966796875
720.6464233398438 212.11959838867188
738.8880615234375 203.04580688476562
578.287109375 303.77740478515625
594.0010986328125 296.1432800292969
609.9841918945312 288.25421142578125
626.263671875 280.2641906738281
642.7433471679688 272.20916748046875
659.5104370117188 263.90887451171875
676.576904296875 255.6170196533203
693.9369506835938 247.19081115722656
711.509765625 238.58184814453125
729.4160766601562 229.85040283203125
747.5004272460938 221.10772705078125
587.6264038085938 319.4505310058594
603.312744140625 311.83831787109375
619.2323608398438 304.26666259765625
635.4094848632812 296.4441223144531
651.7549438476562 288.55987548828125
668.5137329101562 280.5437316894531
685.479736328125 272.4385986328125
702.6943969726562 264.2057800292969
720.2315063476562 255.7831573486328
737.9170532226562 247.3822479248047
755.8679809570312 238.73397827148438