1 720 1333
614.7923583984375 429.31640625
636.0652465820312 429.990966796875
657.2642211914062 430.6402587890625
678.3561401367188 431.4369201660156
699.3404541015625 432.11492919921875
720.2049560546875 432.6799621582031
740.9046630859375 433.4137268066406
761.5753784179688 433.95855712890625
782.161865234375 434.558349609375
802.4808349609375 435.25909423828125
822.6636962890625 435.6715393066406
614.2593383789062 449.30755615234375
635.339599609375 449.8913269042969
656.3138427734375 450.58282470703125
677.25537109375 451.3144226074219
697.9683227539062 451.81231689453125
718.6788330078125 452.5082702636719
739.3406372070312 453.10345458984375
759.81396484375 453.6160583496094
780.2743530273438 454.31085205078125
800.4732055664062 454.68743896484375
820.5258178710938 455.3316345214844
613.5869750976562 468.91326904296875
634.500732421875 469.58465576171875
655.3782958984375 470.2968444824219
676.0794677734375 470.7896728515625
696.7094116210938 471.43939208984375
717.3112182617188 471.9397277832031
737.7269897460938 472.5038757324219
758.18798828125 473.0458679199219
778.4147338867188 473.5412902832031
798.4571533203125 474.0487365722656
818.4379272460938 474.4748229980469
613.0751342773438 488.3868408203125
633.71484375 488.9098815917969
654.4421997070312 489.5278625488281
675.0401000976562 490.17059326171875
695.4911499023438 490.6213684082031
715.8651123046875 491.19134521484375
736.2576904296875 491.6048278808594
756.4400634765625 492.2008056640625
776.5283203125 492.570556640625
796.4848022460938 493.0194091796875
816.2936401367188 493.4667053222656
612.4827880859375 507.44061279296875
633.0357666015625 508.00213623046875
653.5150756835938 508.50146484375
673.8828735351562 509.0550842285156
694.35107421875 509.5442199707031
714.5057983398438 510.02801513671875
734.6669921875 510.4649658203125
754.6897583007812 510.8690185546875
774.6828002929688 511.3912048339844
794.5048828125 511.64117431640625
814.23779296875 512.1144409179688
611.81982421875 526.280517578125
632.3526000976562 526.6702880859375
652.5606079101562 527.2717895507812
672.8742065429688 527.649658203125
693.1494750976562 528.23046875
713.2390747070312 528.5690307617188
733.2311401367188 529.0010986328125
753.1373901367188 529.4503173828125
772.8567504882812 529.7227783203125
792.6028442382812 530.1804809570312
812.1845092773438 530.4341430664062
611.3681640625 544.62890625
631.5472412109375 545.2059326171875
651.7291870117188 545.5774536132812
671.7899169921875 546.1149291992188
691.8591918945312 546.4782104492188
711.7658081054688 546.808837890625
731.681884765625 547.3099365234375
751.475341796875 547.56591796875
771.1973876953125 547.867919921875
790.6380615234375 548.2769165039062
810.13134765625 548.4841918945312
610.703857421875 562.8553466796875
630.845947265625 563.3978271484375
650.8530883789062 563.6983642578125
670.8228759765625 564.2260131835938
690.6936645507812 564.5145263671875
710.5237426757812 564.8133544921875
730.3265380859375 565.2354125976562
749.817626953125 565.4948120117188
769.4122924804688 565.703857421875
788.765869140625 566.0592041015625
808.074951171875 566.30859375