1 720 1333
481.6640625 295.47210693359375
500.900390625 297.1112365722656
520.670166015625 298.67010498046875
541.1680908203125 300.450439453125
562.1868286132812 302.234619140625
583.7855834960938 303.9891052246094
606.268798828125 305.8285827636719
629.3648681640625 307.76397705078125
653.1535034179688 309.8061218261719
677.6663818359375 311.8960266113281
703.0715942382812 314.1365966796875
483.3203125 318.5102233886719
502.3327941894531 320.4439392089844
521.8907470703125 322.4328918457031
542.16015625 324.477294921875
562.9513549804688 326.5591735839844
584.4368896484375 328.6888732910156
606.5823974609375 330.93353271484375
629.4459838867188 333.3265075683594
653.0376586914062 335.6479187011719
677.333984375 338.1622009277344
702.4360961914062 340.6422424316406
484.7240905761719 341.1998596191406
503.6440734863281 343.4082946777344
523.1404418945312 345.619140625
543.1605834960938 348.0717468261719
563.6926879882812 350.47357177734375
585.07470703125 352.9730224609375
606.948974609375 355.549560546875
629.5472412109375 358.2579040527344
652.8313598632812 360.94598388671875
676.9656982421875 363.7366943359375
701.689208984375 366.63580322265625
486.3603820800781 363.40814208984375
504.9913635253906 365.8689880371094
524.3514404296875 368.52093505859375
544.1648559570312 371.2344970703125
564.5509033203125 373.93536376953125
585.5874633789062 376.7345275878906
607.4141235351562 379.6548156738281
629.6669921875 382.65875244140625
652.7351684570312 385.7413330078125
676.531005859375 388.87884521484375
701.1368408203125 392.1742248535156
487.7294006347656 385.2361145019531
506.4252014160156 388.0246887207031
525.4486694335938 390.8463439941406
545.17529296875 393.8582763671875
565.4065551757812 396.926025390625
586.288330078125 400.0972900390625
607.6650390625 403.3382263183594
629.81396484375 406.5880126953125
652.6265869140625 409.9971923828125
676.295166015625 413.48602294921875
700.4532470703125 417.0169982910156
489.3365783691406 406.584228515625
507.63934326171875 409.6519775390625
526.5978393554688 412.8538818359375
546.14404296875 416.14996337890625
566.2607421875 419.4619140625
586.7516479492188 422.8512878417969
608.1907348632812 426.39788818359375
630.0416259765625 430.0506896972656
652.5729370117188 433.71026611328125
675.8099365234375 437.4788818359375
699.7344360351562 441.3582763671875
490.6998596191406 427.5991516113281
509.0096740722656 430.94085693359375
527.716552734375 434.3863525390625
547.1419067382812 437.8803405761719
566.9738159179688 441.51275634765625
587.4517822265625 445.2237243652344
608.5202026367188 449.0170593261719
630.2816162109375 452.8443298339844
652.5350341796875 456.8543701171875
675.5367431640625 460.9123840332031
699.2822265625 465.06427001953125
492.1990051269531 448.21966552734375
510.3308410644531 451.75323486328125
528.8319091796875 455.4797058105469
548.1273803710938 459.2759094238281
567.7092895507812 463.1471862792969
588.116943359375 467.11163330078125
608.8623657226562 471.0940246582031
630.4462280273438 475.28546142578125
652.4986572265625 479.4917297363281
675.3113403320312 483.7519836425781
698.571533203125 488.2088928222656