1 720 1333
578.6981201171875 453.5298767089844
595.8995361328125 452.99322509765625
613.2166748046875 452.4846496582031
630.4126586914062 451.8904724121094
647.6123657226562 451.4437255859375
664.8751831054688 450.8309020996094
682.279052734375 450.3530578613281
699.494873046875 449.6583557128906
716.7349243164062 449.18658447265625
734.1004638671875 448.5179443359375
751.3632202148438 447.8984680175781
579.6879272460938 470.2050476074219
596.8343505859375 469.6019592285156
613.9716186523438 469.11932373046875
631.2429809570312 468.5732421875
648.3925170898438 468.0986633300781
665.5520629882812 467.50244140625
682.6827392578125 466.9200134277344
699.9241943359375 466.4038391113281
717.214111328125 465.70660400390625
734.4484252929688 465.2588195800781
751.5685424804688 464.53985595703125
580.71875 486.5480041503906
597.7066040039062 486.1324157714844
614.79931640625 485.56597900390625
631.8917236328125 485.0941162109375
649.1724853515625 484.53131103515625
666.220947265625 484.04925537109375
683.3497924804688 483.4684143066406
700.4500732421875 482.84136962890625
717.5785522460938 482.35076904296875
734.6383056640625 481.61138916015625
751.7330932617188 481.1254577636719
581.6883544921875 502.8984375
598.6536254882812 502.4598388671875
615.6460571289062 501.8805236816406
632.65087890625 501.4749755859375
649.7106323242188 500.8691711425781
666.7531127929688 500.3924255371094
683.7867431640625 499.7414245605469
700.9151000976562 499.314453125
717.9088134765625 498.6436767578125
735.0882568359375 498.13079833984375
752.0763549804688 497.4794006347656
582.6989135742188 519.1351318359375
599.6043090820312 518.5850219726562
616.5419921875 518.189697265625
633.4912719726562 517.5980224609375
650.4789428710938 517.133056640625
667.427978515625 516.55224609375
684.4579467773438 516.0457153320312
701.376953125 515.4741821289062
718.4186401367188 514.8433837890625
735.3494873046875 514.349609375
752.3763427734375 513.6148681640625
583.6346435546875 535.212890625
600.5387573242188 534.6437377929688
617.39208984375 534.287353515625
634.313720703125 533.6353149414062
651.2105712890625 533.205810546875
668.0311279296875 532.6016235351562
684.9461669921875 532.1360473632812
701.7772216796875 531.5081176757812
718.65234375 530.9177856445312
735.6138305664062 530.3780517578125
752.5038452148438 529.656005859375
584.6182250976562 551.1224975585938
601.4216918945312 550.5853881835938
618.267578125 550.164306640625
634.982421875 549.5755004882812
651.76904296875 549.0760498046875
668.5955200195312 548.502197265625
685.4887084960938 547.9676513671875
702.3699951171875 547.4754638671875
719.19482421875 546.7774047851562
735.8569946289062 546.3048095703125
752.6887817382812 545.5946655273438
585.6035766601562 566.8319091796875
602.3809204101562 566.4075317382812
619.0282592773438 565.8200073242188
635.7156982421875 565.4209594726562
652.5106811523438 564.7949829101562
669.30908203125 564.3695068359375
685.9458618164062 563.6782836914062
702.69384765625 563.195068359375
719.4818725585938 562.58056640625
736.3135375976562 561.9456787109375
752.9913330078125 561.4265747070312