1 720 1333
547.169921875 441.44146728515625
559.2835693359375 446.626708984375
571.7850952148438 451.9656066894531
584.764892578125 457.5069885253906
598.2957153320312 463.28656005859375
612.17529296875 469.2452087402344
626.5990600585938 475.32568359375
641.5540771484375 481.6184997558594
657.0307006835938 488.1853942871094
673.1570434570312 494.9388732910156
689.7818603515625 501.965576171875
539.5196533203125 457.7687072753906
551.5289916992188 463.3028259277344
564.0765380859375 468.9765930175781
577.00439453125 474.7832946777344
590.3924560546875 480.8865661621094
604.2631225585938 487.2055969238281
618.5941772460938 493.6214599609375
633.477294921875 500.3541564941406
648.857177734375 507.2765197753906
664.9519653320312 514.4445190429688
681.5741577148438 521.8433227539062
531.739013671875 474.3363342285156
543.7174072265625 480.1161193847656
556.2222900390625 486.1512451171875
569.080078125 492.3385925292969
582.4256591796875 498.6771240234375
596.2227172851562 505.3523864746094
610.5013427734375 512.1812133789062
625.3175659179688 519.2705078125
640.656494140625 526.517822265625
656.6348876953125 534.1553955078125
673.29443359375 542.0101928710938
523.9019775390625 491.0303955078125
535.8233642578125 497.1367492675781
548.26953125 503.46575927734375
561.0870971679688 509.9361877441406
574.3554077148438 516.6828002929688
588.0884399414062 523.6559448242188
602.3269653320312 530.8800048828125
617.0576171875 538.3511352539062
632.3699340820312 546.0816650390625
648.3054809570312 554.109130859375
664.7686767578125 562.3928833007812
516.0302734375 507.84368896484375
527.8883666992188 514.3113403320312
540.2513427734375 520.926513671875
552.9423217773438 527.7520751953125
566.218017578125 534.8446044921875
579.7931518554688 542.2230834960938
593.9996337890625 549.7570190429688
608.6774291992188 557.6435546875
623.9244995117188 565.741455078125
639.7738037109375 574.2488403320312
656.3253784179688 583.001708984375
508.0274658203125 524.8734130859375
519.7973022460938 531.611572265625
532.1306762695312 538.598388671875
544.7492065429688 545.76123046875
557.8578491210938 553.2824096679688
571.5164184570312 560.9525146484375
585.6134643554688 568.916259765625
600.2630615234375 577.2420654296875
615.4391479492188 585.7224731445312
631.2483520507812 594.62744140625
647.6347045898438 603.8132934570312
499.8500061035156 542.1154174804688
511.6397399902344 549.1957397460938
523.8057861328125 556.47119140625
536.477783203125 564.022216796875
549.5291748046875 571.8047485351562
563.1560668945312 579.9259033203125
577.171875 588.3403930664062
591.7002563476562 596.9563598632812
606.7835083007812 605.927734375
622.5526123046875 615.3277587890625
638.8695678710938 624.9400024414062
491.6556091308594 559.4880981445312
503.4013366699219 566.83740234375
515.5130004882812 574.5376586914062
528.11181640625 582.4694213867188
541.1474609375 590.6439819335938
554.5584106445312 599.132080078125
568.5809326171875 607.8748168945312
583.11865234375 616.9862060546875
598.2061157226562 626.4191284179688
613.8013916015625 636.2105712890625
630.15771484375 646.386962890625