1 720 1333
469.7618713378906 21.708255767822266
497.9879150390625 20.351627349853516
526.1175537109375 18.885955810546875
554.0841674804688 17.576650619506836
581.804931640625 16.390640258789062
609.5197143554688 15.267501831054688
636.9993896484375 14.148763656616211
664.3456420898438 12.973376274108887
691.4432373046875 11.883722305297852
718.3729248046875 11.021658897399902
745.1014404296875 10.171708106994629
471.67022705078125 48.86405944824219
499.9330749511719 47.43494415283203
528.1617431640625 45.939579010009766
556.1696166992188 44.56180191040039
583.9800415039062 43.31526184082031
611.658203125 42.019447326660156
639.2871704101562 40.722572326660156
666.5433959960938 39.59244918823242
693.7063598632812 38.459129333496094
720.6636352539062 37.4587516784668
747.4853515625 36.4408073425293
473.6417236328125 76.27679443359375
501.9786682128906 74.61213684082031
530.218017578125 73.20694732666016
558.2940673828125 71.63973236083984
586.2037353515625 70.33677673339844
613.8244018554688 68.89930725097656
641.4593505859375 67.59374237060547
668.8303833007812 66.38341522216797
696.0890502929688 65.13859558105469
723.1217651367188 63.96650314331055
749.8157958984375 62.815818786621094
475.62835693359375 103.64508819580078
503.99224853515625 102.11959075927734
532.2971801757812 100.48070526123047
560.3889770507812 98.91876983642578
588.3467407226562 97.49388885498047
616.1358642578125 96.0781478881836
643.6952514648438 94.5889892578125
671.218017578125 93.32312774658203
698.4283447265625 91.8825454711914
725.4545288085938 90.64400482177734
752.3062744140625 89.47900390625
477.6195373535156 131.32266235351562
506.1459045410156 129.55950927734375
534.40771484375 127.88123321533203
562.485107421875 126.33837890625
590.4976806640625 124.71378326416016
618.342041015625 123.27809143066406
645.9366455078125 121.63241577148438
673.4778442382812 120.2546157836914
700.6934814453125 118.73612213134766
727.8019409179688 117.48436737060547
754.6300048828125 116.21661376953125
479.6934814453125 159.01255798339844
508.24139404296875 157.304443359375
536.5198974609375 155.4903106689453
564.6253051757812 153.70208740234375
592.6812744140625 152.1614227294922
620.522216796875 150.46595764160156
648.3285522460938 148.8065185546875
675.7071533203125 147.37213134765625
703.1405639648438 145.72634887695312
730.2588500976562 144.41116333007812
757.1582641601562 142.9574432373047
481.72320556640625 186.76361083984375
510.3324279785156 184.8612518310547
538.5704345703125 183.13632202148438
566.7882690429688 181.3542022705078
594.8423461914062 179.51939392089844
622.7819213867188 177.7585906982422
650.5109252929688 176.18228149414062
678.1266479492188 174.50054931640625
705.4617919921875 172.80462646484375
732.5896606445312 171.40122985839844
759.4971923828125 169.81784057617188
483.8694152832031 214.64356994628906
512.406494140625 212.71189880371094
540.7147216796875 210.7202606201172
568.9756469726562 208.86102294921875
597.1676025390625 207.07017517089844
625.0671997070312 205.2664337158203
652.7848510742188 203.4578399658203
680.44287109375 201.6741943359375
707.774169921875 200.0703887939453
734.9891967773438 198.46829223632812
761.9110107421875 196.81045532226562