1 720 1333
559.2845458984375 403.6218566894531
565.2941284179688 412.50823974609375
571.57275390625 421.76416015625
578.1356201171875 431.3753662109375
584.8757934570312 441.3907470703125
591.938232421875 451.716796875
599.3591918945312 462.5233154296875
606.9224243164062 473.7010498046875
614.929443359375 485.4225158691406
623.2780151367188 497.5660705566406
631.94140625 510.31597900390625
547.8480224609375 415.1095275878906
553.7157592773438 424.2118835449219
559.78369140625 433.623779296875
566.1773071289062 443.4917907714844
572.6602172851562 453.6602783203125
579.4984130859375 464.3314208984375
586.5833129882812 475.3521728515625
593.9984130859375 486.7518310546875
601.634765625 498.7055358886719
609.7185668945312 511.2168273925781
618.16796875 524.2002563476562
536.5645141601562 426.4950866699219
542.2353515625 435.774658203125
548.119384765625 445.5050964355469
554.2093505859375 455.5292663574219
560.4912109375 465.9754638671875
567.0921630859375 476.77569580078125
573.897216796875 488.1286926269531
581.0252075195312 499.79766845703125
588.4578857421875 512.0374145507812
596.2379760742188 524.718017578125
604.3467407226562 538.0753173828125
525.3092041015625 437.8589782714844
530.673095703125 447.4215393066406
536.3788452148438 457.3304138183594
542.267822265625 467.55621337890625
548.3452758789062 478.270751953125
554.6073608398438 489.336181640625
561.2703247070312 500.8313903808594
568.1246948242188 512.782470703125
575.249755859375 525.3157958984375
582.6728515625 538.3543701171875
590.4987182617188 551.9072875976562
513.9719848632812 449.2639465332031
519.2599487304688 459.0074462890625
524.6114501953125 469.11822509765625
530.3104248046875 479.560791015625
536.17822265625 490.47833251953125
542.2623291015625 501.7726135253906
548.5618286132812 513.5542602539062
555.2223510742188 525.7676391601562
562.0501098632812 538.517578125
569.29833984375 551.8082275390625
576.715576171875 565.7019653320312
502.6443176269531 460.601318359375
507.6829528808594 470.54168701171875
512.8726806640625 480.8551025390625
518.3719482421875 491.5552673339844
523.9795532226562 502.694580078125
529.7919311523438 514.2836303710938
535.92333984375 526.30908203125
542.304931640625 538.723876953125
548.814697265625 551.7431640625
555.7515869140625 565.3758544921875
563.0191650390625 579.50830078125
491.4183044433594 471.8953857421875
496.27813720703125 482.0888366699219
501.27459716796875 492.56866455078125
506.45977783203125 503.5581970214844
511.81817626953125 514.8763427734375
517.4902954101562 526.6926879882812
523.3659057617188 538.9163208007812
529.4476318359375 551.7077026367188
535.69677734375 564.9502563476562
542.4239501953125 578.8170166015625
549.3482666015625 593.2931518554688
480.1695251464844 483.2522888183594
484.6848449707031 493.60772705078125
489.5499267578125 504.36663818359375
494.5365905761719 515.4927978515625
499.7052001953125 527.1009521484375
505.1814880371094 539.1228637695312
510.7213134765625 551.6393432617188
516.5950927734375 564.6168212890625
522.6605834960938 578.2337036132812
529.1049194335938 592.3265380859375
535.6444091796875 607.0857543945312