1 720 1333
570.4981079101562 306.1859130859375
594.603515625 303.2633056640625
618.6732788085938 300.3614807128906
642.747314453125 297.47259521484375
666.7127685546875 294.5957336425781
690.6488647460938 291.7359313964844
714.5048828125 288.97808837890625
738.283447265625 286.2702331542969
761.7676391601562 283.507568359375
785.33056640625 280.725341796875
808.556396484375 278.1622314453125
574.1299438476562 329.6180114746094
597.9241333007812 326.70599365234375
621.7760620117188 323.82135009765625
645.5743408203125 320.9905090332031
669.402099609375 318.1723937988281
693.084716796875 315.34771728515625
716.6384887695312 312.5052185058594
740.1949462890625 309.66290283203125
763.5394287109375 306.8942565917969
786.6919555664062 304.23541259765625
809.7562255859375 301.48565673828125
577.5806274414062 352.6932067871094
601.254150390625 349.78277587890625
624.7830200195312 346.9281311035156
648.447265625 344.13262939453125
671.9120483398438 341.27001953125
695.4321899414062 338.39208984375
718.6806030273438 335.5386657714844
742.071044921875 332.7148132324219
765.2138671875 329.9397888183594
788.2361450195312 327.2135314941406
811.0114135742188 324.4339904785156
581.1321411132812 375.37249755859375
604.4738159179688 372.47979736328125
627.8281860351562 369.5811462402344
651.2099609375 366.69195556640625
674.4906616210938 363.83636474609375
697.6267700195312 361.06768798828125
720.7884521484375 358.2195129394531
743.7648315429688 355.3927917480469
766.7546997070312 352.54876708984375
789.5064086914062 349.7059020996094
812.2046508789062 346.92877197265625
584.5238647460938 397.5069580078125
607.6786499023438 394.6429748535156
630.733642578125 391.7763671875
653.8704833984375 388.9126281738281
676.9031982421875 386.0971984863281
699.9195556640625 383.289794921875
722.7509155273438 380.390869140625
745.5889892578125 377.4896545410156
768.3521118164062 374.67529296875
790.7960205078125 371.8230895996094
813.22705078125 369.0306701660156
587.8837890625 419.2699279785156
610.7965698242188 416.41436767578125
633.6876220703125 413.56781005859375
656.5525512695312 410.6872253417969
679.4176025390625 407.7901306152344
702.15673828125 404.9656066894531
724.7396240234375 402.16241455078125
747.3463745117188 399.30419921875
769.744384765625 396.4400329589844
792.150390625 393.501708984375
814.3386840820312 390.6405334472656
591.30126953125 440.50555419921875
613.8699340820312 437.66436767578125
636.5379028320312 434.8214416503906
659.2178344726562 432.0237731933594
681.72802734375 429.1840515136719
704.2737426757812 426.3042907714844
726.6315307617188 423.3937072753906
748.98974609375 420.5039978027344
771.2595825195312 417.6168518066406
793.3341674804688 414.7120666503906
815.27001953125 411.82562255859375
594.526123046875 461.3886413574219
616.9761962890625 458.5417175292969
639.3883056640625 455.68267822265625
661.7225341796875 452.8152160644531
684.1217041015625 449.98712158203125
706.380859375 447.1549072265625
728.5067749023438 444.2521667480469
750.5846557617188 441.3585205078125
772.5562744140625 438.44451904296875
794.4666137695312 435.4791259765625
816.2509765625 432.5882263183594