1 720 1333
567.1919555664062 456.54217529296875
580.5967407226562 463.5104064941406
594.413330078125 470.6403503417969
608.5413208007812 477.9683837890625
623.0510864257812 485.486328125
637.8656005859375 493.17388916015625
653.1903686523438 501.0066223144531
668.7797241210938 509.01995849609375
684.8272705078125 517.25244140625
701.4075927734375 525.6437377929688
718.3155517578125 534.33056640625
557.34521484375 471.2288513183594
570.7075805664062 478.4208679199219
584.5602416992188 485.7928771972656
598.6444702148438 493.4094543457031
613.2716674804688 501.2110900878906
628.1497192382812 509.1365661621094
643.41455078125 517.2791748046875
659.1151733398438 525.554931640625
675.218017578125 534.1282958984375
691.7114868164062 542.8214111328125
708.7135009765625 551.818603515625
547.2650756835938 486.11822509765625
560.6656494140625 493.57305908203125
574.4743041992188 501.26361083984375
588.6358642578125 509.1136474609375
603.2230834960938 517.1914672851562
618.1558227539062 525.410400390625
633.4552001953125 533.78857421875
649.2120971679688 542.489990234375
665.3045043945312 551.3461303710938
681.879150390625 560.4216918945312
698.9052734375 569.7046508789062
536.9401245117188 501.3204040527344
550.42724609375 509.0447692871094
564.2860107421875 516.9923706054688
578.4164428710938 525.139404296875
592.9759521484375 533.4705200195312
607.8680419921875 541.9611206054688
623.288330078125 550.766845703125
638.9872436523438 559.6962890625
655.2402954101562 568.9097290039062
671.7826538085938 578.3978271484375
688.8878173828125 588.09375
526.5188598632812 516.70751953125
539.9662475585938 524.7698974609375
553.7171020507812 532.9933471679688
567.966552734375 541.45556640625
582.5020141601562 550.1351928710938
597.490234375 558.9508056640625
612.8055419921875 568.0380859375
628.615234375 577.37158203125
644.8060302734375 586.8711547851562
661.568115234375 596.7018432617188
678.6675415039062 606.7537231445312
515.7650756835938 532.5421142578125
529.2920532226562 540.8307495117188
543.0932006835938 549.41845703125
557.2976684570312 558.1846923828125
571.8289794921875 567.1151733398438
586.7807006835938 576.2943725585938
602.25341796875 585.6954956054688
618.0301513671875 595.392822265625
634.3086547851562 605.3297119140625
651.007080078125 615.498046875
668.2608642578125 625.978271484375
504.87451171875 548.6331176757812
518.3541870117188 557.2932739257812
532.1967163085938 566.1414184570312
546.381591796875 575.193603515625
560.9764404296875 584.4736328125
575.9557495117188 593.9761962890625
591.4193725585938 603.7506103515625
607.2545776367188 613.7899169921875
623.50390625 624.1506958007812
640.3106079101562 634.6852416992188
657.5209350585938 645.580322265625
493.65838623046875 565.0963134765625
507.21197509765625 574.025634765625
520.981689453125 583.192626953125
535.2799072265625 592.5845947265625
549.781005859375 602.2474365234375
564.82275390625 612.109619140625
580.3185424804688 622.3012084960938
596.216064453125 632.6506958007812
612.495849609375 643.3812866210938
629.3256225585938 654.384765625
646.5888671875 665.6056518554688