1 720 1333
633.371826171875 499.0282897949219
651.07080078125 496.84442138671875
668.4254760742188 494.7790222167969
685.5333862304688 492.7206726074219
702.4057006835938 490.6510314941406
718.8953857421875 488.63916015625
735.2679443359375 486.594482421875
751.3189086914062 484.5851745605469
767.0422973632812 482.58740234375
782.5451049804688 480.64129638671875
797.7186889648438 478.7042236328125
636.6687622070312 516.228759765625
654.5811767578125 513.8632202148438
672.2386474609375 511.5785827636719
689.5336303710938 509.37042236328125
706.5914916992188 507.2186584472656
723.3773193359375 504.906494140625
739.8120727539062 502.72003173828125
756.0823364257812 500.5716247558594
772.072265625 498.4588928222656
787.6547241210938 496.3622131347656
803.1407470703125 494.266845703125
640.0995483398438 533.8145751953125
658.2799072265625 531.3767700195312
676.1561279296875 528.87451171875
693.6653442382812 526.4805908203125
710.9039306640625 524.0974731445312
727.864013671875 521.6635131835938
744.57080078125 519.3604125976562
761.0057983398438 517.0379638671875
777.1643676757812 514.626953125
792.9805297851562 512.4427490234375
808.5363159179688 510.2115478515625
643.6218872070312 552.0859985351562
662.07861328125 549.3715209960938
680.1620483398438 546.6669311523438
697.9033813476562 544.12451171875
715.4197998046875 541.5066528320312
732.5584106445312 538.9600830078125
749.5126342773438 536.4500122070312
766.0950317382812 533.87744140625
782.4307861328125 531.4198608398438
798.4436645507812 528.9519653320312
814.19921875 526.5523681640625
647.30078125 570.78759765625
665.940185546875 567.9108276367188
684.3019409179688 565.074951171875
702.349365234375 562.2998657226562
719.9920654296875 559.488525390625
737.4468383789062 556.7129516601562
754.5201416015625 553.990478515625
771.37744140625 551.3345336914062
787.8123779296875 548.6298828125
804.0551147460938 546.0183715820312
819.9356079101562 543.4591674804688
651.102294921875 590.2291870117188
669.984130859375 587.1115112304688
688.5862426757812 584.0352172851562
706.777099609375 580.98583984375
724.78076171875 578.038818359375
742.4097900390625 575.0753784179688
759.6925659179688 572.1911010742188
776.7037963867188 569.2946166992188
793.447998046875 566.4024658203125
809.7863159179688 563.5865478515625
825.9081420898438 560.8011474609375
654.9376220703125 610.2357788085938
674.1915283203125 606.794921875
692.9669189453125 603.5723876953125
711.5354614257812 600.3651123046875
729.6652221679688 597.1345825195312
747.5308837890625 593.953369140625
765.0801391601562 590.7991943359375
782.3015747070312 587.70849609375
799.2060546875 584.659912109375
815.7190551757812 581.6632080078125
832.0667114257812 578.7102661132812
659.0106201171875 630.84716796875
678.49365234375 627.305419921875
697.5687866210938 623.739501953125
716.3915405273438 620.2764282226562
734.7367553710938 616.8457641601562
752.8186645507812 613.477294921875
770.5717163085938 610.174072265625
787.9796752929688 606.7718505859375
805.0888671875 603.5369873046875
821.8355712890625 600.3709716796875
838.3308715820312 597.1994018554688