1 720 1333
671.7940673828125 420.88079833984375
690.5723266601562 416.69317626953125
708.8846435546875 412.59283447265625
726.6026000976562 408.6445617675781
743.8635864257812 404.7298583984375
760.6334838867188 401.0101623535156
777.1107177734375 397.3109130859375
792.86572265625 393.6782531738281
808.4091186523438 390.2554626464844
823.310302734375 386.7818908691406
837.7928466796875 383.4831237792969
673.0430908203125 440.6716003417969
691.6429443359375 436.3084411621094
709.6747436523438 431.9801940917969
727.361572265625 427.71795654296875
744.4541625976562 423.6427001953125
761.153076171875 419.6402893066406
777.2689208984375 415.7326354980469
793.0706787109375 411.9720153808594
808.3821411132812 408.29168701171875
823.2301635742188 404.6322937011719
837.6483154296875 401.1697998046875
674.2841186523438 460.2164306640625
692.572265625 455.5269470214844
710.5210571289062 450.97235107421875
727.9370727539062 446.58941650390625
745.014404296875 442.2835693359375
761.4558715820312 438.06121826171875
777.5267333984375 433.8887939453125
793.1378784179688 429.908935546875
808.4085693359375 426.0443115234375
823.125732421875 422.2342529296875
837.5042114257812 418.4969787597656
675.3846435546875 479.3121643066406
693.6007080078125 474.4297180175781
711.3582153320312 469.6742248535156
728.5979614257812 465.0597839355469
745.4713134765625 460.53436279296875
761.7605590820312 456.1373596191406
777.6622924804688 451.7801208496094
793.3085327148438 447.5920104980469
808.3834228515625 443.5168151855469
823.0265502929688 439.49609375
837.2844848632812 435.5804138183594
676.511474609375 498.02081298828125
694.5369262695312 492.951416015625
712.2413940429688 488.00592041015625
729.3211059570312 483.251953125
745.9066162109375 478.4930114746094
762.2111206054688 473.8554382324219
777.9497680664062 469.3883972167969
793.38671875 464.9781494140625
808.398681640625 460.6702880859375
822.8119506835938 456.5173645019531
837.0828247070312 452.439453125
677.6051025390625 516.4501953125
695.5255126953125 511.24285888671875
712.942138671875 506.0583190917969
729.8269653320312 501.0601501464844
746.451416015625 496.1820068359375
762.513671875 491.3707275390625
778.2601318359375 486.652099609375
793.4735717773438 482.0990905761719
808.3444213867188 477.6309509277344
822.720947265625 473.3025207519531
836.7632446289062 469.0328674316406
678.6903686523438 534.5089111328125
696.487060546875 529.1113891601562
713.66796875 523.7327270507812
730.50732421875 518.5621948242188
746.8945922851562 513.474609375
762.7800903320312 508.5150451660156
778.4161987304688 503.6326904296875
793.4922485351562 498.8826904296875
808.3486938476562 494.30133056640625
822.5264892578125 489.7278137207031
836.5546264648438 485.3348693847656
679.82861328125 552.2941284179688
697.4285278320312 546.6329345703125
714.506591796875 541.2080078125
731.2256469726562 535.7667236328125
747.3971557617188 530.5391235351562
763.2479858398438 525.3762817382812
778.5381469726562 520.372802734375
793.5715942382812 515.4358520507812
808.251953125 510.5952453613281
822.4284057617188 505.8807067871094
836.3463745117188 501.3238220214844