1 720 1333
584.3924560546875 448.1148376464844
600.5125122070312 447.5221252441406
616.6005249023438 446.8912658691406
632.7481079101562 446.39739990234375
649.05517578125 445.6913146972656
665.2438354492188 445.1943664550781
681.3949584960938 444.5130310058594
697.5641479492188 443.832275390625
713.7213134765625 443.3329772949219
729.8671264648438 442.58416748046875
746.070068359375 441.98895263671875
584.6256713867188 464.40057373046875
600.810546875 463.7256774902344
617.1375732421875 463.30078125
633.33349609375 462.6054992675781
649.518310546875 462.1125183105469
665.7277221679688 461.4799499511719
681.9711303710938 460.7911071777344
698.3361206054688 460.30224609375
714.485595703125 459.5596618652344
730.64013671875 458.8815612792969
746.8966674804688 458.3348388671875
585.0288696289062 480.7313537597656
601.3058471679688 480.304931640625
617.49560546875 479.6081237792969
633.7263793945312 479.0599365234375
650.1072387695312 478.4786682128906
666.4193725585938 477.7733459472656
682.5814208984375 477.2814636230469
698.9713134765625 476.5643310546875
715.2804565429688 475.94970703125
731.522705078125 475.3556213378906
747.6859741210938 474.6056213378906
585.3734741210938 497.3800354003906
601.5933227539062 496.6785583496094
617.892333984375 496.243408203125
634.3094482421875 495.55218505859375
650.581787109375 494.9903259277344
666.91259765625 494.4054870605469
683.3518676757812 493.6651306152344
699.630126953125 493.1476745605469
715.9073486328125 492.4607238769531
732.3592529296875 491.7109375
748.5601806640625 491.17626953125
585.6092529296875 513.8366088867188
602.0211791992188 513.40478515625
618.402099609375 512.7259521484375
634.6929321289062 512.25537109375
651.2258911132812 511.56170654296875
667.5338745117188 510.9643249511719
683.8631591796875 510.3721923828125
700.3890380859375 509.6300048828125
716.61572265625 509.0557556152344
733.1513061523438 508.4004821777344
749.4303588867188 507.6398010253906
585.9926147460938 530.6140747070312
602.4304809570312 530.1234741210938
618.75 529.5003051757812
635.2874755859375 528.8446655273438
651.666259765625 528.3324584960938
668.1641845703125 527.616943359375
684.544677734375 527.0750732421875
701.082763671875 526.4335327148438
717.4732055664062 525.6530151367188
733.7907104492188 525.0990600585938
750.3629760742188 524.4202270507812
586.3577880859375 547.497802734375
602.7327270507812 546.840087890625
619.3033447265625 546.3659057617188
635.7110595703125 545.6370239257812
652.332275390625 545.1206665039062
668.6781005859375 544.4661865234375
685.2702026367188 543.75341796875
701.6934814453125 543.2315063476562
718.2572631835938 542.5250854492188
734.6143798828125 541.7717895507812
751.1436767578125 541.2059326171875
586.5883178710938 564.4143676757812
603.2443237304688 563.7791137695312
619.6619262695312 563.281494140625
636.3231201171875 562.6199951171875
652.7382202148438 562.0928955078125
669.3758544921875 561.4170532226562
685.8816528320312 560.7144165039062
702.4617309570312 560.122314453125
718.981201171875 559.4363403320312
735.4794921875 558.673583984375
751.930419921875 558.0233154296875