1 720 1333
684.5069580078125 273.06170654296875
703.9971923828125 267.5677490234375
722.7464599609375 262.3694763183594
740.8313598632812 257.32818603515625
758.3731689453125 252.4658203125
775.2324829101562 247.71603393554688
791.4810791015625 243.2798309326172
807.2594604492188 238.82952880859375
822.446533203125 234.61216735839844
837.2032470703125 230.51890563964844
851.430908203125 226.56361389160156
687.9573364257812 296.20281982421875
707.172607421875 290.4154357910156
725.5907592773438 284.7945556640625
743.5001220703125 279.4529724121094
760.7343139648438 274.2876281738281
777.407470703125 269.29974365234375
793.4774780273438 264.4388427734375
809.0235595703125 259.74700927734375
824.1377563476562 255.27020263671875
838.5543212890625 250.86058044433594
852.65234375 246.62335205078125
691.307373046875 318.7727966308594
710.2692260742188 312.6549072265625
728.4503784179688 306.78314208984375
746.1757202148438 301.12725830078125
763.1492309570312 295.6175537109375
779.545654296875 290.3385314941406
795.4299926757812 285.2129211425781
810.7918090820312 280.2728271484375
825.6455078125 275.46246337890625
840.0463256835938 270.7550354003906
853.927490234375 266.3089599609375
694.6190795898438 340.9226379394531
713.2807006835938 334.519287109375
731.3387451171875 328.3089599609375
748.6248779296875 322.34881591796875
765.4683837890625 316.53155517578125
781.5953979492188 310.93597412109375
797.3888549804688 305.54205322265625
812.512939453125 300.3422546386719
827.353759765625 295.2817077636719
841.4300537109375 290.3679504394531
855.2540893554688 285.5632629394531
697.79052734375 362.53851318359375
716.2659912109375 355.8153076171875
733.9956665039062 349.35491943359375
751.2210693359375 343.0660705566406
767.653076171875 337.009765625
783.70849609375 331.1757507324219
799.27001953125 325.4912109375
814.2994384765625 319.96380615234375
828.6878662109375 314.65948486328125
842.7500610351562 309.49560546875
856.3770751953125 304.5166931152344
701.005126953125 383.6385803222656
719.134521484375 376.6349792480469
736.6212768554688 369.8895568847656
753.5504760742188 363.3963317871094
769.9318237304688 357.0622253417969
785.6510620117188 350.9347839355469
801.0824584960938 344.9814147949219
815.7648315429688 339.2874450683594
830.2898559570312 333.6734619140625
844.1137084960938 328.3106384277344
857.54736328125 323.0382385253906
704.1370239257812 404.2580871582031
721.9531860351562 397.0177001953125
739.2803955078125 390.0111999511719
755.9369506835938 383.2524108886719
772.1029663085938 376.6195373535156
787.6309814453125 370.3141784667969
802.739501953125 364.1219482421875
817.4522705078125 358.14068603515625
831.58935546875 352.3223571777344
845.3284912109375 346.6597595214844
858.5628662109375 341.2544250488281
707.1539306640625 424.39093017578125
724.7101440429688 416.8621520996094
741.6908569335938 409.6438293457031
758.2836303710938 402.6031494140625
774.140869140625 395.8003234863281
789.5621337890625 389.2304382324219
804.46044921875 382.7945251464844
818.8941040039062 376.5629577636719
832.8758544921875 370.5697326660156
846.4371948242188 364.6955871582031
859.611328125 359.0360412597656