1 720 1333
396.3493957519531 65.65250396728516
420.0288391113281 62.60517501831055
444.1767883300781 59.63862609863281
468.58221435546875 56.59675979614258
493.4903564453125 53.591094970703125
518.6860961914062 50.57374954223633
544.4169921875 47.55830764770508
570.3896484375 44.532466888427734
596.579833984375 41.47037124633789
623.3822021484375 38.5080451965332
650.4204711914062 35.50197219848633
397.3987121582031 91.5232162475586
421.15838623046875 88.6673355102539
445.2834167480469 85.84367370605469
469.6765441894531 83.10802459716797
494.5855712890625 80.28995513916016
519.7886962890625 77.43385314941406
545.4734497070312 74.57958221435547
571.4129028320312 71.71783447265625
597.6911010742188 68.80760955810547
624.47265625 66.0519027709961
651.4874877929688 63.28388595581055
398.4742431640625 117.44096374511719
422.2814025878906 114.72750091552734
446.3746337890625 112.21112823486328
470.7825012207031 109.5195541381836
495.6572570800781 106.86627197265625
520.931884765625 104.30589294433594
546.5333251953125 101.60155487060547
572.5117797851562 98.8982925415039
598.7513427734375 96.29762268066406
625.518310546875 93.58136749267578
652.5050048828125 90.92557525634766
399.6004333496094 143.3863067626953
423.350830078125 140.907470703125
447.494384765625 138.48611450195312
471.9366455078125 136.06689453125
496.7660217285156 133.54393005371094
522.0836791992188 131.1678466796875
547.6305541992188 128.59991455078125
573.537353515625 126.14607238769531
599.8880004882812 123.6052474975586
626.5531616210938 121.19595336914062
653.619384765625 118.63898468017578
400.69024658203125 169.30369567871094
424.520263671875 167.02828979492188
448.5603332519531 164.7267303466797
473.196044921875 162.49598693847656
497.9137878417969 160.30313110351562
523.2476196289062 157.89202880859375
548.6846923828125 155.62596130371094
574.66162109375 153.36582946777344
600.9650268554688 150.94346618652344
627.6514282226562 148.62794494628906
654.647216796875 146.40708923339844
401.94134521484375 195.26553344726562
425.65057373046875 193.1659393310547
449.75335693359375 191.09152221679688
474.3457336425781 188.97305297851562
499.1786804199219 186.7877655029297
524.3547973632812 184.72047424316406
549.8538818359375 182.61074829101562
575.74755859375 180.4634246826172
602.1351318359375 178.3480987548828
628.6901245117188 176.2413330078125
655.7450561523438 174.02072143554688
403.25054931640625 221.09014892578125
426.8172607421875 219.27316284179688
451.0207214355469 217.34397888183594
475.42962646484375 215.4153594970703
500.34246826171875 213.49752807617188
525.4418334960938 211.5313262939453
550.9653930664062 209.53863525390625
576.8385009765625 207.55979919433594
603.25341796875 205.5717315673828
629.7921142578125 203.59170532226562
656.799560546875 201.64146423339844
404.4195556640625 246.8588409423828
428.1647644042969 245.28025817871094
452.2122802734375 243.49258422851562
476.5877685546875 241.73483276367188
501.42034912109375 240.06053161621094
526.544921875 238.33534240722656
552.1568603515625 236.50820922851562
578.05908203125 234.63067626953125
604.34619140625 232.83030700683594
630.9710083007812 231.1571807861328
657.9349365234375 229.37071228027344