1 720 1333
343.1922912597656 113.5073471069336
356.1725158691406 109.7390365600586
369.7016906738281 105.8641357421875
383.93487548828125 101.76039123535156
398.7578125 97.57124328613281
414.34442138671875 93.25423431396484
430.4469909667969 88.66612243652344
447.3704528808594 83.90235137939453
464.85675048828125 79.0096664428711
483.4617919921875 73.87154388427734
502.7124938964844 68.56657409667969
343.42205810546875 136.42526245117188
356.5318298339844 133.07818603515625
370.1033630371094 129.5968475341797
384.3788757324219 126.042236328125
399.1686096191406 122.3343505859375
414.520263671875 118.505859375
430.60107421875 114.48274230957031
447.48638916015625 110.34541320800781
465.1109924316406 105.97840881347656
483.4883728027344 101.5206069946289
502.7962646484375 96.79232788085938
343.82757568359375 159.14198303222656
356.7523193359375 156.3032989501953
370.5121765136719 153.3162384033203
384.5763854980469 150.23739624023438
399.4305114746094 147.010986328125
414.67767333984375 143.65586853027344
430.8561706542969 140.2324981689453
447.62890625 136.63760375976562
465.26116943359375 132.8205108642578
483.5871887207031 129.01947021484375
502.8426818847656 124.97241973876953
344.2598571777344 181.8405303955078
357.33404541015625 179.40536499023438
370.7139587402344 176.88412475585938
384.9417724609375 174.32736206054688
399.6341247558594 171.59803771972656
415.1470031738281 168.80784606933594
431.1910400390625 165.8657684326172
447.8243103027344 162.81173706054688
465.3746032714844 159.70220947265625
483.71435546875 156.4229278564453
502.91583251953125 153.0372772216797
344.6394958496094 204.45863342285156
357.5942077636719 202.4881591796875
371.29632568359375 200.44778442382812
385.3348693847656 198.3468780517578
400.0531005859375 196.1531524658203
415.3829650878906 193.8137969970703
431.42742919921875 191.4829864501953
448.1053466796875 189.00205993652344
465.5567626953125 186.40817260742188
483.80377197265625 183.71669006347656
503.12469482421875 180.93240356445312
345.181884765625 227.03057861328125
358.0940856933594 225.47183227539062
371.5555419921875 223.84385681152344
385.6618347167969 222.260986328125
400.3877868652344 220.55055236816406
415.6347351074219 218.74444580078125
431.6362609863281 216.9284210205078
448.380615234375 215.02496337890625
465.6619873046875 213.0686492919922
484.0535888671875 210.9137725830078
503.20159912109375 208.7515411376953
345.5096435546875 249.45762634277344
358.4938049316406 248.4085693359375
371.9826965332031 247.2884521484375
386.0780334472656 246.07830810546875
400.6709899902344 244.7896728515625
416.0798034667969 243.57833862304688
431.98931884765625 242.3394012451172
448.5775451660156 240.8628387451172
466.0457763671875 239.48666381835938
484.29168701171875 238.01144409179688
503.3636169433594 236.4774169921875
345.96331787109375 271.7537536621094
358.8746032714844 271.203369140625
372.4246826171875 270.4930114746094
386.46917724609375 269.71478271484375
401.177490234375 269.0718078613281
416.4456481933594 268.3497314453125
432.41058349609375 267.5173034667969
448.93988037109375 266.6473693847656
466.4026184082031 265.79156494140625
484.50994873046875 264.8982238769531
503.5098876953125 263.9637756347656