1 720 1333
540.4352416992188 476.8448181152344
556.572509765625 470.09088134765625
572.9210815429688 463.1776123046875
589.4577026367188 456.1575012207031
606.1832275390625 449.047607421875
622.9558715820312 441.838623046875
639.9910888671875 434.5924072265625
657.26513671875 427.3138122558594
674.5750122070312 419.864990234375
692.1526489257812 412.4102783203125
709.7442626953125 404.82330322265625
549.6620483398438 490.5892028808594
565.6864624023438 483.8692932128906
581.9129028320312 477.1503601074219
598.3245849609375 470.29412841796875
614.8157348632812 463.3657531738281
631.5430908203125 456.35479736328125
648.4210205078125 449.27252197265625
665.4526977539062 442.1072082519531
682.6021118164062 434.8268737792969
699.9898071289062 427.4896545410156
717.4902954101562 420.1372985839844
558.7484130859375 503.966064453125
574.6321411132812 497.4444580078125
590.6904907226562 490.75616455078125
606.9547729492188 484.1368103027344
623.38232421875 477.3282470703125
639.8470458984375 470.4671936035156
656.5789184570312 463.51416015625
673.4603881835938 456.5108642578125
690.4828491210938 449.44061279296875
707.6371459960938 442.302001953125
724.979248046875 434.98101806640625
567.6470947265625 517.1166381835938
583.398193359375 510.64422607421875
599.341796875 504.2026062011719
615.4102783203125 497.5794372558594
631.6082153320312 490.9707946777344
648.0625 484.2844543457031
664.5741577148438 477.4754638671875
681.3133544921875 470.5909118652344
698.1771240234375 463.6610412597656
715.166015625 456.6011047363281
732.3113403320312 449.51678466796875
576.3431396484375 529.8237915039062
591.9166870117188 523.5836181640625
607.7179565429688 517.265869140625
623.6284790039062 510.7749938964844
639.7387084960938 504.3332824707031
655.9602661132812 497.7029724121094
672.418212890625 491.0874328613281
688.9298095703125 484.3865051269531
705.62841796875 477.56341552734375
722.4553833007812 470.6566467285156
739.4422607421875 463.6849365234375
584.7804565429688 542.4486694335938
600.3405151367188 536.2566528320312
615.9196166992188 529.9969482421875
631.7281494140625 523.6727294921875
647.6807861328125 517.3473510742188
663.74755859375 510.8555603027344
680.0623168945312 504.38604736328125
696.41796875 497.7439270019531
712.9389038085938 491.16851806640625
729.5820922851562 484.38909912109375
746.4212036132812 477.529541015625
593.1481323242188 554.6278686523438
608.455078125 548.5996704101562
624.001953125 542.4803466796875
639.6317749023438 536.3250732421875
655.480224609375 530.0497436523438
671.3976440429688 523.689697265625
687.5078735351562 517.34619140625
703.6673583984375 510.82647705078125
720.1304321289062 504.3389587402344
736.5449829101562 497.6834716796875
753.2305908203125 490.9842224121094
601.2738647460938 566.6248168945312
616.4871215820312 560.6769409179688
631.8028564453125 554.6826782226562
647.398193359375 548.6009521484375
663.0601806640625 542.4998779296875
678.8189086914062 536.2840576171875
694.7335205078125 529.9843139648438
710.8081665039062 523.6104125976562
727.0325317382812 517.2544555664062
743.3739624023438 510.6509704589844
759.7962036132812 504.1858215332031