1 720 1333
657.6932373046875 364.14208984375
659.5623168945312 347.20361328125
661.4246826171875 329.8129577636719
663.3826293945312 312.0596008300781
665.3460693359375 293.8414611816406
667.3492431640625 275.28057861328125
669.4118041992188 256.1966857910156
671.4962768554688 236.60086059570312
673.6435546875 216.6429443359375
675.8699951171875 196.2165069580078
678.2366943359375 175.20066833496094
675.760009765625 367.2764892578125
677.763671875 350.3294372558594
679.9515380859375 332.910400390625
682.0863647460938 315.150390625
684.2692260742188 296.8828125
686.5181884765625 278.2952880859375
688.7810668945312 259.1907653808594
691.2311401367188 239.59854125976562
693.5509643554688 219.54913330078125
696.0972900390625 199.04940795898438
698.6343994140625 177.9683837890625
693.92431640625 370.45928955078125
696.2584228515625 353.49932861328125
698.51708984375 336.0936279296875
700.8665771484375 318.3135070800781
703.385498046875 300.03460693359375
705.7988891601562 281.36749267578125
708.4111328125 262.2295227050781
710.9671020507812 242.59959411621094
713.6360473632812 222.5045166015625
716.4361572265625 201.92628479003906
719.2796020507812 180.85699462890625
712.279296875 373.667236328125
714.7076416015625 356.6767883300781
717.3360595703125 339.31634521484375
719.8806762695312 321.4345397949219
722.5823974609375 303.21337890625
725.3662109375 284.45660400390625
728.1280517578125 265.3135986328125
730.9759521484375 245.63987731933594
733.8546142578125 225.5296630859375
736.8939819335938 204.89561462402344
739.9743041992188 183.73419189453125
730.618408203125 376.9213562011719
733.3999633789062 359.92987060546875
736.1964111328125 342.4836120605469
739.01953125 324.6250915527344
741.939208984375 306.3398742675781
744.927734375 287.5955810546875
747.9931640625 268.4327697753906
751.1171264648438 248.70498657226562
754.2977905273438 228.5883026123047
757.518798828125 207.87364196777344
760.8700561523438 186.7227020263672
749.1973876953125 380.236083984375
752.135986328125 363.2030944824219
755.21337890625 345.7152404785156
758.29736328125 327.8377685546875
761.4711303710938 309.5228271484375
764.6398315429688 290.80023193359375
767.9656372070312 271.55694580078125
771.373291015625 251.84173583984375
774.746337890625 231.6684112548828
778.3516845703125 210.99270629882812
781.9171142578125 189.7218017578125
767.7516479492188 383.51800537109375
770.9797973632812 366.4789733886719
774.263916015625 349.0495910644531
777.6043090820312 331.1453857421875
781.025146484375 312.77197265625
784.49755859375 294.0329895019531
788.092529296875 274.7252502441406
791.6566772460938 255.02699279785156
795.4550170898438 234.79306030273438
799.2514038085938 214.06085205078125
803.1848754882812 192.7462158203125
786.5100708007812 386.7899169921875
789.9117431640625 369.7714538574219
793.4602661132812 352.3493347167969
797.0261840820312 334.4159851074219
800.6976318359375 316.0633850097656
804.447998046875 297.28717041015625
808.259521484375 277.9811706542969
812.2041625976562 258.2377624511719
816.1725463867188 237.92147827148438
820.3313598632812 217.20030212402344
824.4877319335938 195.78065490722656