1 720 1333
569.57666015625 265.6315612792969
579.951171875 250.72239685058594
590.5709228515625 235.52769470214844
601.4444580078125 220.02801513671875
612.4833374023438 204.2271728515625
623.7410888671875 188.0738067626953
635.3320922851562 171.6459197998047
647.097412109375 154.79705810546875
659.126708984375 137.7093963623047
671.3787841796875 120.2700424194336
683.8292236328125 102.41170501708984
585.5534057617188 275.76055908203125
595.9566650390625 261.127685546875
606.6312866210938 246.20602416992188
617.5523071289062 230.8968048095703
628.6746215820312 215.40087890625
640.0008544921875 199.57701110839844
651.5586547851562 183.42054748535156
663.4212036132812 166.9542999267578
675.451171875 150.1969757080078
687.7123413085938 133.0101318359375
700.3042602539062 115.51978302001953
601.2423095703125 285.7182922363281
611.6900024414062 271.33367919921875
622.4589233398438 256.580810546875
633.4114990234375 241.61598205566406
644.5111694335938 226.37020874023438
655.8903198242188 210.770263671875
667.5309448242188 194.96343994140625
679.3932495117188 178.7591094970703
691.4713134765625 162.37696838378906
703.7316284179688 145.49472045898438
716.3447875976562 128.39024353027344
616.5933227539062 295.5107421875
627.155029296875 281.3601379394531
637.887939453125 266.83941650390625
648.832275390625 252.14102172851562
660.1063232421875 237.21063232421875
671.5137329101562 221.8265838623047
683.1526489257812 206.33370971679688
695.0328369140625 190.45399475097656
707.1513671875 174.30474853515625
719.47412109375 157.74838256835938
732.0477905273438 140.89108276367188
631.6654663085938 305.0772399902344
642.2974243164062 291.1763916015625
653.0927124023438 276.8971862792969
664.105224609375 262.4783020019531
675.3539428710938 247.6811981201172
686.7281494140625 232.6830291748047
698.4432983398438 217.4290313720703
710.352294921875 201.79937744140625
722.4674072265625 185.9561004638672
734.7603759765625 169.72222900390625
747.3877563476562 153.28355407714844
646.4964599609375 314.5233154296875
657.1493530273438 300.745361328125
667.9426879882812 286.794677734375
679.0149536132812 272.5794982910156
690.27197265625 258.1365661621094
701.699951171875 243.35324096679688
713.4255981445312 228.34295654296875
725.3438720703125 213.0194091796875
737.4566650390625 197.41017150878906
749.7576293945312 181.51138305664062
762.39306640625 165.3057098388672
661.0145263671875 323.7188415527344
671.6365966796875 310.3027648925781
682.5206298828125 296.5267639160156
693.5848999023438 282.5182800292969
704.84521484375 268.2724914550781
716.3943481445312 253.73342895507812
728.0867309570312 238.96717834472656
740.0145874023438 223.8887939453125
752.1580810546875 208.60662841796875
764.4605102539062 192.95111083984375
777.05908203125 177.11244201660156
675.2890014648438 332.8294982910156
685.9248046875 319.5415954589844
696.7909545898438 306.0567321777344
707.8771362304688 292.29437255859375
719.2467651367188 278.29132080078125
730.6865234375 263.94256591796875
742.4307250976562 249.45286560058594
754.3283081054688 234.61465454101562
766.4567260742188 219.560791015625
778.7560424804688 204.28128051757812
791.3613891601562 188.5622100830078