1 720 1333
502.53973388671875 109.11173248291016
530.4068603515625 109.50969696044922
557.8091430664062 109.99170684814453
585.0615234375 110.48545837402344
611.8031616210938 110.95328521728516
638.3402099609375 111.5189437866211
664.4592895507812 112.12995910644531
690.2328491210938 112.6272201538086
715.5623168945312 113.33624267578125
740.52978515625 113.8656005859375
765.24609375 114.55077362060547
504.3593444824219 137.72947692871094
531.7811889648438 138.10128784179688
559.0405883789062 138.3656768798828
585.8190307617188 138.5882110595703
612.4207153320312 138.8571319580078
638.518310546875 139.33241271972656
664.4285278320312 139.59815979003906
689.7845458984375 140.0269012451172
715.0134887695312 140.45138549804688
739.677978515625 140.8111572265625
764.1814575195312 141.37423706054688
506.1949768066406 165.85743713378906
533.3543701171875 165.95855712890625
560.2103881835938 166.0672607421875
586.6380615234375 166.19488525390625
612.8795166015625 166.30963134765625
638.6909790039062 166.44125366210938
664.3947143554688 166.57608032226562
689.5358276367188 166.6919708251953
714.4790649414062 167.00711059570312
738.9329833984375 167.3376922607422
763.1319580078125 167.52984619140625
507.86883544921875 193.4357147216797
534.6910400390625 193.3219451904297
561.344970703125 193.24563598632812
587.4910888671875 193.11666870117188
613.437255859375 192.99293518066406
639.0407104492188 192.9731903076172
664.3633422851562 192.9398193359375
689.3095703125 192.96385192871094
713.8198852539062 193.05323791503906
738.210205078125 193.16751098632812
762.0799560546875 193.30816650390625
509.5982971191406 220.3146209716797
536.2072143554688 219.9539031982422
562.4021606445312 219.64236450195312
588.3435668945312 219.43849182128906
613.9039916992188 219.24729919433594
639.302490234375 218.92178344726562
664.3362426757812 218.7209930419922
689.0418701171875 218.6017303466797
713.395263671875 218.54319763183594
737.4168701171875 218.46548461914062
761.1268920898438 218.41094970703125
511.3716735839844 246.54501342773438
537.5064086914062 246.14044189453125
563.4506225585938 245.6136932373047
589.1237182617188 245.2971954345703
614.4695434570312 244.75059509277344
639.4699096679688 244.4716033935547
664.3202514648438 244.1578826904297
688.6492919921875 243.75706481933594
712.8267822265625 243.5176544189453
736.5730590820312 243.34268188476562
760.082763671875 243.0728759765625
512.9519653320312 272.31475830078125
538.8292846679688 271.6157531738281
564.4959106445312 271.0965576171875
589.8018188476562 270.5059509277344
614.8887939453125 269.9094543457031
639.6703491210938 269.4252624511719
664.2969360351562 268.8591003417969
688.4718627929688 268.4848937988281
712.389892578125 268.04541015625
735.7925415039062 267.5832214355469
759.1336669921875 267.27935791015625
514.6142578125 297.4500732421875
540.2681884765625 296.6372375488281
565.553955078125 295.9136962890625
590.576416015625 295.3147888183594
615.4656372070312 294.5420837402344
639.9168701171875 293.84844970703125
664.2600708007812 293.3250732421875
688.2069091796875 292.5660705566406
711.75341796875 292.01611328125
735.1594848632812 291.45001220703125
758.1051635742188 290.80865478515625