1 720 1333
522.9340209960938 162.88232421875
541.115234375 156.7318878173828
559.6007080078125 150.48883056640625
578.4779052734375 144.1785888671875
597.6651000976562 137.68402099609375
617.349609375 131.1835174560547
637.2996826171875 124.44570922851562
657.5572509765625 117.70536804199219
678.3141479492188 110.76603698730469
699.3822021484375 103.83453369140625
720.782470703125 96.7702407836914
529.208251953125 183.37472534179688
547.3203735351562 177.42298889160156
565.6887817382812 171.4363250732422
584.5552368164062 165.30043029785156
603.701416015625 159.08058166503906
623.2709350585938 152.671630859375
643.1945190429688 146.29489135742188
663.4341430664062 139.6963348388672
684.0775146484375 133.1554412841797
705.12548828125 126.41263580322266
726.4409790039062 119.56532287597656
535.3251953125 203.58218383789062
553.3627319335938 197.8294219970703
571.7455444335938 192.0723876953125
590.5185546875 186.1854705810547
609.6473388671875 180.1529541015625
629.1497192382812 174.03465270996094
648.9393920898438 167.81964111328125
669.184814453125 161.5367431640625
689.7553100585938 155.1825408935547
710.6517333984375 148.67837524414062
732.0568237304688 142.1397705078125
541.3707275390625 223.6100616455078
559.4091186523438 218.12879943847656
577.7089233398438 212.49649047851562
596.4602661132812 206.77783203125
615.5211791992188 201.01004028320312
634.9183959960938 195.1693115234375
654.7315063476562 189.2131805419922
674.8660888671875 183.13609313964844
695.392333984375 176.91729736328125
716.2996215820312 170.69346618652344
737.5220947265625 164.4261016845703
547.378662109375 243.46884155273438
565.3803100585938 238.16346740722656
583.614013671875 232.7035675048828
602.3472290039062 227.2425079345703
621.3536376953125 221.61785888671875
640.6690673828125 215.9998779296875
660.445068359375 210.26939392089844
680.529052734375 204.43641662597656
700.9564819335938 198.4950408935547
721.7481079101562 192.5148468017578
742.954345703125 186.4373321533203
553.3141479492188 263.1261901855469
571.2250366210938 257.9391174316406
589.48193359375 252.73260498046875
608.14990234375 247.4835205078125
627.1078491210938 242.13829040527344
646.3974609375 236.6341552734375
666.120849609375 231.15310668945312
686.1260986328125 225.50421142578125
706.47998046875 219.7942352294922
727.3023681640625 214.07225036621094
748.3755493164062 208.22930908203125
559.1826171875 282.5066223144531
577.0294799804688 277.5721740722656
595.2758178710938 272.5653076171875
613.811767578125 267.5028076171875
632.7452392578125 262.35638427734375
652.071044921875 257.0963134765625
671.629150390625 251.7478485107422
691.6234130859375 246.42788696289062
711.90283203125 240.90992736816406
732.613037109375 235.410400390625
753.5908203125 229.71829223632812
564.9476928710938 301.7033386230469
582.7564086914062 297.054931640625
600.9715576171875 292.2412109375
619.5120849609375 287.3550720214844
638.4241943359375 282.3760070800781
657.6054077148438 277.3554382324219
677.2488403320312 272.2649841308594
697.1184692382812 267.0309753417969
717.3770751953125 261.7300109863281
737.9575805664062 256.4396667480469
758.843017578125 251.03553771972656