1 720 1333
494.57745361328125 184.38108825683594
519.6722412109375 183.7748565673828
544.581787109375 183.3893585205078
569.337646484375 182.8209991455078
593.6432495117188 182.43972778320312
617.7959594726562 182.01083374023438
641.7455444335938 181.56570434570312
665.4998168945312 181.3195037841797
688.98779296875 180.8500518798828
712.2115478515625 180.57247924804688
735.1151123046875 180.38294982910156
497.02972412109375 209.437744140625
521.7032470703125 208.68130493164062
546.3364868164062 208.1934814453125
570.5814208984375 207.5259552001953
594.6837158203125 206.93727111816406
618.546142578125 206.4438934326172
642.3172607421875 205.88751220703125
665.6198120117188 205.43661499023438
688.7886962890625 204.93997192382812
711.6871948242188 204.53407287597656
734.4225463867188 204.17178344726562
499.37725830078125 233.74395751953125
523.7062377929688 233.10592651367188
547.9155883789062 232.35568237304688
571.9496459960938 231.57530212402344
595.6923217773438 230.85128784179688
619.376220703125 230.32212829589844
642.6328735351562 229.56541442871094
665.765380859375 229.04470825195312
688.6431274414062 228.4610137939453
711.3934326171875 227.8655548095703
733.6897583007812 227.42819213867188
501.5931396484375 257.591796875
525.64501953125 256.7197570800781
549.5503540039062 255.91758728027344
573.3023681640625 255.18275451660156
596.7079467773438 254.39073181152344
620.0160522460938 253.5382537841797
643.205078125 252.74302673339844
665.8968505859375 252.1308135986328
688.5709838867188 251.4305877685547
710.9871215820312 250.6612548828125
733.1734008789062 250.1320343017578
503.7601623535156 280.7747802734375
527.5966796875 279.87237548828125
551.2042236328125 278.9101867675781
574.5592041015625 278.0722961425781
597.6859741210938 277.240966796875
620.68359375 276.3782043457031
643.5004272460938 275.4615783691406
666.1766357421875 274.588134765625
688.47119140625 273.806396484375
710.54736328125 273.1201171875
732.4569702148438 272.365966796875
506.06195068359375 303.48095703125
529.47998046875 302.51043701171875
552.6983642578125 301.46112060546875
575.7562866210938 300.4887390136719
598.6929321289062 299.4696960449219
621.4463500976562 298.5178527832031
643.913330078125 297.5473937988281
666.3013916015625 296.59796142578125
688.4475708007812 295.6919250488281
710.2698364257812 294.79779052734375
731.7755737304688 294.0240173339844
508.2195739746094 325.57025146484375
531.3668823242188 324.505859375
554.3265380859375 323.43310546875
577.1226806640625 322.3877868652344
599.639404296875 321.30963134765625
622.1920166015625 320.2811279296875
644.4117431640625 319.25115966796875
666.4342041015625 318.1766357421875
688.2828369140625 317.24334716796875
709.7440795898438 316.22808837890625
731.2430419921875 315.22698974609375
510.3326110839844 347.1988830566406
533.189697265625 345.96746826171875
555.7797241210938 344.7557678222656
578.3714599609375 343.6250915527344
600.6239013671875 342.524658203125
622.73388671875 341.41021728515625
644.6900024414062 340.30718994140625
666.5250244140625 339.1990966796875
688.1220703125 338.0232238769531
709.454833984375 336.87939453125
730.5267333984375 335.82275390625