1 720 1333
573.8492431640625 437.5297546386719
592.10693359375 441.54571533203125
610.5606079101562 445.62835693359375
629.4317626953125 449.7718200683594
648.581787109375 454.0007019042969
668.1653442382812 458.2976379394531
688.015380859375 462.57794189453125
708.28125 467.01312255859375
728.7704467773438 471.4281005859375
749.7322387695312 475.9134521484375
771.0047607421875 480.4811706542969
571.118896484375 456.8944091796875
589.2138061523438 461.13568115234375
607.5975952148438 465.3643798828125
626.3639526367188 469.6313171386719
645.4996948242188 474.03515625
664.8985595703125 478.4495544433594
684.704345703125 482.9372253417969
704.8287963867188 487.4890441894531
725.3499755859375 492.1204833984375
746.1915283203125 496.7339172363281
767.376220703125 501.48187255859375
568.2913208007812 476.2239074707031
586.3433837890625 480.531982421875
604.619140625 484.8941650390625
623.3826293945312 489.4162902832031
642.3892822265625 493.8846130371094
661.723876953125 498.5108337402344
681.4469604492188 503.18829345703125
701.4931640625 507.8547668457031
721.8190307617188 512.6424560546875
742.6002197265625 517.4664306640625
763.6790161132812 522.3931884765625
565.4802856445312 495.4067687988281
583.44775390625 499.8410339355469
601.671630859375 504.41162109375
620.3338623046875 509.0613098144531
639.322265625 513.7174682617188
658.5380859375 518.4651489257812
678.1903686523438 523.304443359375
698.1334228515625 528.1721801757812
718.4061279296875 533.1288452148438
739.0761108398438 538.111572265625
760.0919189453125 543.150634765625
562.6807861328125 514.4526977539062
580.589599609375 519.078857421875
598.7566528320312 523.7630615234375
617.3660888671875 528.530029296875
636.2293090820312 533.3849487304688
655.398681640625 538.3220825195312
674.8790893554688 543.2755126953125
694.743408203125 548.3055419921875
714.97216796875 553.3960571289062
735.54248046875 558.5184326171875
756.4884033203125 563.7332153320312
559.9305419921875 533.422119140625
577.7149047851562 538.2320556640625
595.8295288085938 543.0239868164062
614.370849609375 547.9600219726562
633.181640625 552.92626953125
652.29931640625 557.9862060546875
671.6353149414062 563.1325073242188
691.4698486328125 568.329345703125
711.5593872070312 573.5398559570312
732.0841064453125 578.8631591796875
752.83447265625 584.29931640625
557.2195434570312 552.3078002929688
574.8731689453125 557.2098999023438
593.0092163085938 562.2171020507812
611.3801879882812 567.275390625
630.1216430664062 572.3939208984375
649.1358032226562 577.5520629882812
668.5219116210938 582.7792358398438
688.1864013671875 588.2086791992188
708.253173828125 593.5939331054688
728.5713500976562 599.0535278320312
749.3688354492188 604.6251220703125
554.4033203125 571.0374145507812
572.119873046875 576.1494140625
590.108154296875 581.2600708007812
608.4255981445312 586.447265625
627.0779418945312 591.6821899414062
646.021484375 597.0399169921875
665.311279296875 602.4425048828125
684.941650390625 607.908935546875
704.8179321289062 613.4885864257812
725.2182006835938 619.1597290039062
745.7791748046875 624.79345703125