1 720 1333
581.9537963867188 499.88250732421875
600.0811157226562 501.245849609375
618.2491455078125 502.47540283203125
636.5491333007812 503.6863708496094
654.9481201171875 504.9899597167969
673.5115356445312 506.30694580078125
692.2000732421875 507.4902648925781
710.9020385742188 508.6505126953125
729.6871948242188 509.7919616699219
748.663330078125 511.13665771484375
767.691162109375 512.3375244140625
579.0635375976562 517.8400268554688
597.3651123046875 519.3052978515625
615.758056640625 520.55126953125
634.35400390625 521.8433227539062
653.062255859375 523.2901611328125
671.7454223632812 524.5265502929688
690.676513671875 525.7926025390625
709.6826782226562 527.1870727539062
728.8265380859375 528.4406127929688
748.048095703125 529.6454467773438
767.4254150390625 530.9326782226562
575.990478515625 536.3977661132812
594.5711669921875 537.7083129882812
613.2708740234375 539.2513427734375
632.110107421875 540.6013793945312
650.9963989257812 542.0204467773438
670.088134765625 543.423828125
689.26416015625 544.724853515625
708.5142822265625 546.1856079101562
727.8703002929688 547.471923828125
747.439697265625 548.790283203125
767.0474853515625 550.25341796875
572.7994995117188 555.385986328125
591.6484375 556.8034057617188
610.6259765625 558.3909301757812
629.687744140625 559.7606201171875
648.9266357421875 561.3607177734375
668.2927856445312 562.745361328125
687.6961059570312 564.3062744140625
707.3238525390625 565.641845703125
726.9993286132812 567.1515502929688
746.6807250976562 568.552001953125
766.6083984375 570.016357421875
569.6080932617188 574.8778686523438
588.7006225585938 576.4887084960938
607.9232788085938 578.1097412109375
627.3707885742188 579.6104736328125
646.7713012695312 581.2523193359375
666.4341430664062 582.7177124023438
686.1923217773438 584.3359375
705.9905395507812 585.7734985351562
725.9341430664062 587.38623046875
746.1133422851562 588.8088989257812
766.3261108398438 590.4364013671875
566.324951171875 595.0900268554688
585.64453125 596.6691284179688
605.2359619140625 598.4439086914062
624.7760620117188 600.0639038085938
644.6229858398438 601.657470703125
664.4827270507812 603.3897094726562
684.5314331054688 604.953125
704.6454467773438 606.5736694335938
725.0144653320312 608.2664794921875
745.3807983398438 609.7763061523438
765.7944946289062 611.4419555664062
562.8192138671875 615.742431640625
582.5112915039062 617.5609741210938
602.33642578125 619.38818359375
622.3141479492188 621.1253662109375
642.3551025390625 622.7691650390625
662.51318359375 624.539306640625
682.8375244140625 626.3497314453125
703.3650512695312 628.0153198242188
723.8743286132812 629.6602783203125
744.5839233398438 631.4539794921875
765.4638671875 633.20751953125
559.329833984375 637.2396850585938
579.3112182617188 639.0975341796875
599.3985595703125 640.874267578125
619.5994262695312 642.7039794921875
640.0068969726562 644.6022338867188
660.5208129882812 646.4794311523438
681.2271728515625 648.3226318359375
701.9326782226562 650.1417846679688
722.8346557617188 651.8818969726562
743.8092651367188 653.662109375
765.0530395507812 655.5151977539062