1 720 1333
606.3287353515625 461.7931213378906
615.111328125 447.5741882324219
624.0460815429688 433.08905029296875
633.2243041992188 418.31207275390625
642.4862670898438 403.1947021484375
652.0402221679688 387.7663879394531
661.6620483398438 372.1362609863281
671.5379028320312 356.1461181640625
681.5922241210938 339.86541748046875
691.78662109375 323.3204345703125
702.2715454101562 306.4781494140625
621.783203125 471.8751525878906
630.7268676757812 457.7005615234375
639.8212890625 443.3351135253906
649.1834106445312 428.5622863769531
658.6341552734375 413.54132080078125
668.3177490234375 398.29986572265625
678.1915893554688 382.6423034667969
688.2299194335938 366.74688720703125
698.3784790039062 350.5769958496094
708.7493896484375 334.1358337402344
719.3690795898438 317.3275451660156
637.3543701171875 481.99566650390625
646.4619140625 467.9129943847656
655.6783447265625 453.55267333984375
665.2252197265625 438.92535400390625
674.7592163085938 423.95269775390625
684.6060791015625 408.7314147949219
694.61669921875 393.28082275390625
704.7694091796875 377.4449768066406
715.2372436523438 361.377685546875
725.7340698242188 344.8980712890625
736.498291015625 328.262939453125
652.9199829101562 492.1815490722656
662.2037963867188 478.1396484375
671.6000366210938 463.8330078125
681.2373657226562 449.3197937011719
691.013916015625 434.46539306640625
700.9869384765625 419.3113708496094
711.2001342773438 403.8652648925781
721.5083618164062 388.1818542480469
732.0393676757812 372.1853942871094
742.7747802734375 355.7591247558594
753.6757202148438 339.1877136230469
668.5083618164062 502.251953125
677.8910522460938 488.36651611328125
687.499267578125 474.1303405761719
697.2979125976562 459.65380859375
707.28564453125 444.8585510253906
717.406494140625 429.8494567871094
727.6854248046875 414.49072265625
738.2770385742188 398.850341796875
748.9139404296875 382.8836364746094
759.80712890625 366.6386413574219
770.8629150390625 350.1797790527344
684.1791381835938 512.3978881835938
693.6699829101562 498.5211486816406
703.4551391601562 484.45428466796875
713.387451171875 470.06195068359375
723.497314453125 455.38238525390625
733.7388916015625 440.4023132324219
744.3200073242188 425.1836853027344
754.9507446289062 409.5799255371094
765.81689453125 393.682861328125
776.855712890625 377.5809631347656
788.1392211914062 361.14288330078125
699.74951171875 522.5007934570312
709.50439453125 508.73974609375
719.4056396484375 494.70416259765625
729.4794921875 480.42840576171875
739.73974609375 465.76092529296875
750.2538452148438 450.9248352050781
760.8262329101562 435.7240295410156
771.681396484375 420.3152160644531
782.7009887695312 404.5349426269531
793.8994140625 388.47021484375
805.336181640625 372.18621826171875
715.4610595703125 532.6346435546875
725.35009765625 518.9531860351562
735.3621215820312 505.03802490234375
745.585693359375 490.75543212890625
756.0330810546875 476.32623291015625
766.6199340820312 461.4811706542969
777.4741821289062 446.40985107421875
788.4395141601562 431.0123291015625
799.5859375 415.35919189453125
810.9592895507812 399.3890686035156
822.4928588867188 383.11065673828125