1 720 1333
654.9501342773438 277.5081481933594
669.5908203125 275.71856689453125
683.6381225585938 274.1395568847656
697.2017822265625 272.4900817871094
710.1390380859375 271.0408630371094
722.5401000976562 269.5331726074219
734.50390625 268.2107849121094
746.1698608398438 266.7552185058594
757.2755126953125 265.5456848144531
767.8561401367188 264.3426208496094
778.3141479492188 263.155029296875
656.0046997070312 297.38897705078125
670.5068359375 295.22833251953125
684.499267578125 293.196533203125
697.8135986328125 291.2664489746094
710.7169799804688 289.37109375
723.1961059570312 287.54449462890625
735.1199340820312 285.78369140625
746.5136108398438 284.2010192871094
757.62744140625 282.586181640625
768.29345703125 281.0553894042969
778.5314331054688 279.5703125
657.1031494140625 316.93011474609375
671.4949340820312 314.4452819824219
685.3231811523438 312.05706787109375
698.59033203125 309.6927185058594
711.411865234375 307.5129089355469
723.7052001953125 305.385986328125
735.5692138671875 303.3280334472656
747.0922241210938 301.365478515625
758.0335693359375 299.45928955078125
768.5552978515625 297.6405029296875
778.7028198242188 295.8443298339844
658.1588745117188 336.36724853515625
672.4544677734375 333.4483337402344
686.2432861328125 330.662841796875
699.3878784179688 328.0717468261719
712.1615600585938 325.45855712890625
724.3811645507812 323.0154724121094
736.1785278320312 320.6429138183594
747.476318359375 318.3512268066406
758.4694213867188 316.22479248046875
768.847900390625 314.0529479980469
779.0877075195312 312.0169372558594
659.225830078125 355.4678039550781
673.3898315429688 352.2576904296875
687.0870971679688 349.1259460449219
700.2117309570312 346.1240539550781
712.6903076171875 343.2669982910156
724.9075317382812 340.4359130859375
736.5418701171875 337.72137451171875
747.8292846679688 335.25299072265625
758.7047729492188 332.66796875
769.2691040039062 330.3674621582031
779.2938232421875 327.994140625
660.2893676757812 374.4047546386719
674.3727416992188 370.7393493652344
687.7952270507812 367.355712890625
700.8554077148438 363.9627685546875
713.4203491210938 360.7420349121094
725.4642333984375 357.6565246582031
737.1406860351562 354.68505859375
748.3865356445312 351.8022766113281
759.203857421875 349.1643371582031
769.5211791992188 346.4034423828125
779.5054321289062 343.8109130859375
661.3441162109375 393.0254211425781
675.3060913085938 389.118896484375
688.6715698242188 385.31622314453125
701.5828247070312 381.6019287109375
714.1240844726562 378.1714172363281
725.9412231445312 374.70172119140625
737.5779418945312 371.4580078125
748.6275634765625 368.3512268066406
759.4902954101562 365.25677490234375
769.6766967773438 362.3846740722656
779.678955078125 359.48004150390625
662.3779296875 411.4416198730469
676.3359375 407.172607421875
689.5305786132812 403.0437316894531
702.4666137695312 399.10101318359375
714.6168212890625 395.2976989746094
726.5533447265625 391.5601501464844
737.9799194335938 388.0290222167969
749.1353149414062 384.56207275390625
759.6503295898438 381.3199462890625
769.939697265625 378.0603942871094
779.7406005859375 375.01300048828125