1 720 1333
563.4295654296875 199.45465087890625
581.0422973632812 201.81199645996094
598.655517578125 204.3096923828125
616.5001831054688 206.6840057373047
634.373046875 209.1925811767578
652.3223876953125 211.64366149902344
670.2813110351562 214.18421936035156
688.349365234375 216.6525421142578
706.38134765625 219.25347900390625
724.5441284179688 221.72914123535156
742.7025756835938 224.33274841308594
563.7178955078125 215.91616821289062
581.1343994140625 218.40257263183594
598.4927368164062 220.76327514648438
615.8932495117188 223.25119018554688
633.4761962890625 225.65676879882812
651.1204833984375 228.18438720703125
668.69970703125 230.6052703857422
686.5053100585938 233.1695098876953
704.3150024414062 235.6719512939453
722.1541137695312 238.24888610839844
740.0408935546875 240.73826599121094
564.1768188476562 231.95851135253906
581.1931762695312 234.39279174804688
598.2890625 236.72500610351562
615.4033813476562 239.20953369140625
632.6137084960938 241.6329345703125
649.92822265625 244.15000915527344
667.3751831054688 246.58041381835938
684.7190551757812 249.10931396484375
702.3064575195312 251.60272216796875
719.7597045898438 254.14976501464844
737.3944091796875 256.647216796875
564.468505859375 247.46429443359375
581.2606201171875 249.8153839111328
597.9738159179688 252.2819366455078
614.855224609375 254.65670776367188
631.778564453125 257.1351013183594
648.8178100585938 259.5556335449219
665.909423828125 262.0755310058594
683.1241455078125 264.53948974609375
700.28076171875 267.0869445800781
717.52490234375 269.5529479980469
734.7997436523438 272.10113525390625
564.74560546875 262.46502685546875
581.3292846679688 264.82379150390625
597.711181640625 267.2821350097656
614.4345092773438 269.658447265625
631.1195678710938 272.15478515625
647.7572631835938 274.54010009765625
664.5968017578125 276.9952392578125
681.46875 279.5033264160156
698.4021606445312 281.9891662597656
715.3912353515625 284.4828796386719
732.3790893554688 286.9675598144531
565.203857421875 276.9919738769531
581.36572265625 279.40838623046875
597.5598754882812 281.75201416015625
613.8724365234375 284.2290344238281
630.3823852539062 286.60040283203125
646.7481689453125 289.07861328125
663.3649291992188 291.49920654296875
679.8980712890625 293.92327880859375
696.5391235351562 296.45623779296875
713.272216796875 298.88787841796875
729.9324951171875 301.416259765625
565.4668579101562 291.0999450683594
581.4085083007812 293.45050048828125
597.4210205078125 295.7822570800781
613.4507446289062 298.26800537109375
629.5974731445312 300.6361999511719
645.7365112304688 303.0940246582031
662.1215209960938 305.5115051269531
678.4358520507812 307.9504699707031
694.7340087890625 310.43060302734375
711.2027587890625 312.8807067871094
727.6342163085938 315.3617858886719
565.7017211914062 304.6886901855469
581.467529296875 307.1086120605469
597.2390747070312 309.4879455566406
613.0299072265625 311.825439453125
628.8389892578125 314.2810974121094
644.8078002929688 316.6704406738281
660.7965087890625 319.1164245605469
676.901123046875 321.5195007324219
693.03173828125 323.9361572265625
709.253662109375 326.39385986328125
725.395263671875 328.8013916015625