1 720 1333
300.26947021484375 309.5282287597656
337.18115234375 288.89215087890625
371.767822265625 269.6366882324219
404.474609375 251.5228271484375
435.1603698730469 234.53570556640625
464.00732421875 218.58372497558594
491.23187255859375 203.57810974121094
516.9517822265625 189.43629455566406
541.324462890625 176.1172637939453
564.2744140625 163.48358154296875
585.9771118164062 151.60145568847656
319.61004638671875 341.4405212402344
354.5517578125 320.5848083496094
387.44622802734375 301.0433349609375
418.42999267578125 282.62689208984375
447.6246032714844 265.398193359375
475.14959716796875 249.09056091308594
501.2122802734375 233.63046264648438
525.75244140625 219.203369140625
549.2506713867188 205.4307403564453
571.28759765625 192.43240356445312
592.2949829101562 180.12257385253906
337.6298828125 370.8375549316406
370.7332458496094 349.92156982421875
401.9976806640625 330.25299072265625
431.4752502441406 311.6415710449219
459.3434753417969 294.109375
485.5851135253906 277.5657958984375
510.512939453125 261.8592529296875
534.2216186523438 247.04270935058594
556.6110229492188 233.0089874267578
577.884521484375 219.6463165283203
598.151123046875 207.06268310546875
354.47076416015625 398.19720458984375
385.8864440917969 377.2347412109375
415.5955810546875 357.4268798828125
443.6394348144531 338.6964416503906
470.31280517578125 321.03302001953125
495.4573974609375 304.2940979003906
519.3333129882812 288.4129638671875
542.0802001953125 273.32415771484375
563.6647338867188 259.0679626464844
584.1858520507812 245.4187774658203
603.695068359375 232.4861297607422
370.1019287109375 423.4945373535156
400.0308837890625 402.54510498046875
428.353515625 382.7234191894531
455.18634033203125 363.9927673339844
480.5625915527344 346.25872802734375
504.6487121582031 329.3719177246094
527.6170654296875 313.3263244628906
549.4730224609375 298.12066650390625
570.3447875976562 283.5322265625
590.099853515625 269.7189636230469
608.9338989257812 256.56353759765625
384.65625 447.1006774902344
413.25970458984375 426.2536926269531
440.280029296875 406.4565734863281
465.8493957519531 387.6822204589844
490.2892761230469 369.8576354980469
513.389892578125 352.9010925292969
535.439453125 336.80145263671875
556.4967041015625 321.42156982421875
576.5692138671875 306.7806701660156
595.6694946289062 292.7381286621094
613.9088134765625 279.45855712890625
398.387451171875 469.0138854980469
425.6024169921875 448.3304138183594
451.45269775390625 428.61981201171875
476.0256042480469 409.8977966308594
499.3827209472656 392.1103210449219
521.5704345703125 375.1934509277344
542.7831420898438 358.92254638671875
563.124755859375 343.4721374511719
582.4967651367188 328.6825256347656
600.9108276367188 314.6027526855469
618.6353149414062 301.13079833984375
411.1904296875 489.5453186035156
437.2712707519531 468.9971008300781
462.00555419921875 449.45037841796875
485.5366516113281 430.7832336425781
507.965576171875 413.02703857421875
529.3907470703125 396.0711669921875
549.7545166015625 379.8173828125
569.3796997070312 364.3351745605469
588.072265625 349.4962158203125
605.8878784179688 335.3134765625
623.0173950195312 321.6836242675781