1 720 1333
393.7787170410156 113.2132568359375
420.3801574707031 112.20748901367188
445.6373291015625 111.31002044677734
469.9112243652344 110.44046783447266
493.111572265625 109.60563659667969
515.2816772460938 108.93061828613281
536.4926147460938 108.35808563232422
556.852294921875 107.62905883789062
576.4249267578125 107.12162780761719
595.1250610351562 106.5578384399414
613.1216430664062 106.1232681274414
401.8047790527344 138.66261291503906
428.2309265136719 137.18751525878906
453.3951110839844 135.6501007080078
477.45562744140625 134.35276794433594
500.446044921875 133.01641845703125
522.4526977539062 131.77426147460938
543.5394287109375 130.65335083007812
563.7053833007812 129.56704711914062
583.1439208984375 128.48487854003906
601.6484375 127.54727935791016
619.5458374023438 126.62641143798828
409.93170166015625 164.37232971191406
436.1394348144531 162.1920166015625
461.1414489746094 160.1637420654297
484.9715881347656 158.26541137695312
507.7740783691406 156.41551208496094
529.6188354492188 154.6332550048828
550.5496215820312 153.00904846191406
570.6017456054688 151.46182250976562
589.813720703125 149.8700408935547
608.3043823242188 148.5052490234375
625.9649047851562 147.24172973632812
418.1569519042969 189.9225311279297
444.1131896972656 187.20790100097656
468.8392639160156 184.56454467773438
492.52490234375 182.13600158691406
515.2109985351562 179.66294860839844
536.7974243164062 177.49354553222656
557.5874633789062 175.37008666992188
577.483154296875 173.28414916992188
596.5651245117188 171.3332977294922
614.805908203125 169.474365234375
632.4031982421875 167.65676879882812
426.2887878417969 215.5242156982422
452.0555114746094 212.21554565429688
476.5978088378906 208.97142028808594
500.1181945800781 205.85401916503906
522.528076171875 202.99400329589844
544.0418090820312 200.2904510498047
564.5597534179688 197.5904083251953
584.3693237304688 195.0724334716797
603.2869873046875 192.60169982910156
621.431884765625 190.3933868408203
638.796630859375 188.24813842773438
434.48541259765625 241.1348876953125
459.9813537597656 237.1522979736328
484.3853454589844 233.3710174560547
507.59002685546875 229.71475219726562
529.9038696289062 226.33517456054688
551.215576171875 223.0279998779297
571.6176147460938 219.83148193359375
591.2000122070312 216.81430053710938
609.9732055664062 213.96498107910156
627.9281616210938 211.28819274902344
645.3095703125 208.65133666992188
442.5987243652344 266.6368713378906
467.9566650390625 262.04608154296875
492.10894775390625 257.6526794433594
515.2284545898438 253.48135375976562
537.25048828125 249.52268981933594
558.3828735351562 245.70620727539062
578.5714111328125 242.146484375
598.0260009765625 238.60623168945312
616.6095581054688 235.33750915527344
634.5018310546875 232.22067260742188
651.6287841796875 229.20077514648438
450.8050537109375 292.0909423828125
475.8663635253906 286.914306640625
499.8133239746094 281.9544372558594
522.6746215820312 277.2583923339844
544.5880126953125 272.7305603027344
565.4925537109375 268.46319580078125
585.5686645507812 264.3691711425781
604.7548217773438 260.43212890625
623.331787109375 256.6244201660156
640.9551391601562 253.11517333984375
657.9707641601562 249.6390380859375