1 720 1333
597.7259521484375 126.6357650756836
604.8336181640625 150.6185760498047
611.7050170898438 173.96241760253906
618.4656982421875 196.72361755371094
624.9957885742188 218.95005798339844
631.3783569335938 240.62535095214844
637.5812377929688 261.7965393066406
643.673095703125 282.50531005859375
649.6377563476562 302.6762390136719
655.4638671875 322.4321594238281
661.1337890625 341.6104736328125
575.789794921875 133.0562286376953
583.2850341796875 157.2688446044922
590.482421875 180.72279357910156
597.5098266601562 203.67066955566406
604.4334716796875 226.0753631591797
611.1312255859375 247.8389892578125
617.64306640625 269.2239990234375
624.1038208007812 289.9449768066406
630.3486938476562 310.33660888671875
636.4437255859375 330.11541748046875
642.3868408203125 349.4673156738281
553.3487548828125 139.63015747070312
561.2034912109375 163.9827880859375
568.7402954101562 187.6902313232422
576.217529296875 210.76504516601562
583.4307861328125 233.36009216308594
590.4510498046875 255.31809997558594
597.3389892578125 276.6861877441406
604.024658203125 297.6215515136719
610.6402587890625 318.10333251953125
617.0062255859375 337.9705810546875
623.328369140625 357.4050598144531
530.4088745117188 146.42636108398438
538.5903930664062 170.94602966308594
546.5553588867188 194.81275939941406
554.40478515625 218.12060546875
561.9376220703125 240.7646484375
569.3626708984375 262.84368896484375
576.5326538085938 284.4575500488281
583.631103515625 305.4913330078125
590.515380859375 326.03717041015625
597.2940673828125 346.03192138671875
603.7664794921875 365.5295104980469
506.9324035644531 153.3795166015625
515.5582885742188 178.10084533691406
523.9636840820312 202.1861114501953
532.1547241210938 225.55613708496094
540.1300659179688 248.42242431640625
547.7891845703125 270.632080078125
555.4395751953125 292.35919189453125
562.7882690429688 313.49151611328125
570.0943603515625 334.1424865722656
577.1294555664062 354.26434326171875
583.9375 373.803466796875
482.93988037109375 160.46824645996094
491.9997253417969 185.40158081054688
500.7843933105469 209.60923767089844
509.42803955078125 233.26454162597656
517.7313842773438 256.2542419433594
525.8668823242188 278.57073974609375
533.7944946289062 300.4318542480469
541.56884765625 321.65057373046875
549.1879272460938 342.4136962890625
556.556640625 362.5675964355469
563.7498168945312 382.2908020019531
458.4451904296875 167.73883056640625
467.93701171875 192.8359832763672
477.2628173828125 217.3075408935547
486.2366027832031 241.05528259277344
494.97003173828125 264.23284912109375
503.49029541015625 286.6703796386719
511.8047790527344 308.6175537109375
519.9136352539062 329.9937438964844
527.8538818359375 350.7713928222656
535.6279907226562 371.118408203125
543.1957397460938 390.7760925292969
433.4649353027344 175.30087280273438
443.3883972167969 200.53977966308594
453.119384765625 225.1463165283203
462.5274353027344 249.07681274414062
471.71514892578125 272.3651123046875
480.64971923828125 294.9649353027344
489.4029846191406 317.0299987792969
497.9046325683594 338.4795837402344
506.25457763671875 359.4078674316406
514.3477172851562 379.6806945800781
522.281005859375 399.5156555175781