1 720 1333
508.818359375 282.654541015625
528.3646240234375 286.8170166015625
547.3692016601562 290.84368896484375
565.988525390625 294.8533020019531
584.250244140625 298.73583984375
602.06640625 302.57696533203125
619.4637451171875 306.3187255859375
636.546875 309.941162109375
653.2782592773438 313.5401306152344
669.564697265625 317.028076171875
685.4886474609375 320.4471130371094
504.8534240722656 301.8265686035156
524.3195190429688 305.7659606933594
543.3530883789062 309.6095275878906
561.866943359375 313.3665466308594
580.13916015625 317.05145263671875
597.8336791992188 320.5909118652344
615.347412109375 324.1603088378906
632.3463134765625 327.56927490234375
649.04296875 330.95184326171875
665.320068359375 334.2881774902344
681.3053588867188 337.4918212890625
500.8972473144531 320.8774108886719
520.3703002929688 324.58294677734375
539.2999267578125 328.20965576171875
557.8372192382812 331.6946105957031
576.03759765625 335.1953125
593.7319946289062 338.53546142578125
611.191162109375 341.8202209472656
628.235595703125 345.0843505859375
644.819091796875 348.2628479003906
661.1449584960938 351.3458557128906
677.0617065429688 354.4128723144531
497.0826110839844 339.7637939453125
516.4161987304688 343.2598571777344
535.37744140625 346.6147155761719
553.8027954101562 349.87908935546875
571.9868774414062 353.1864318847656
589.6775512695312 356.32318115234375
607.1019287109375 359.445068359375
624.1181640625 362.4643859863281
640.7109375 365.41680908203125
656.9252319335938 368.3583984375
672.8098754882812 371.14239501953125
493.2759094238281 358.4710388183594
512.5587768554688 361.6819763183594
531.4292602539062 364.84405517578125
549.8980712890625 367.923095703125
568.0303955078125 370.9386291503906
585.6575317382812 373.94671630859375
603.0715942382812 376.7887268066406
620.0167846679688 379.6332092285156
636.6063842773438 382.4575500488281
652.789794921875 385.1168212890625
668.7166748046875 387.7428894042969
489.4931945800781 377.0422058105469
508.70745849609375 380.0378112792969
527.5673828125 382.9434509277344
546.0208740234375 385.83447265625
564.095947265625 388.65301513671875
581.71875 391.4343566894531
599.008544921875 394.1557312011719
616.0409545898438 396.7037048339844
632.53125 399.3304138183594
648.751953125 401.8022766113281
664.5861206054688 404.2706604003906
485.75433349609375 395.36090087890625
504.9922790527344 398.1719055175781
523.7797241210938 400.85321044921875
542.193603515625 403.5267333984375
560.2427978515625 406.1955261230469
577.7581787109375 408.69287109375
595.1111450195312 411.2461853027344
611.9955444335938 413.64337158203125
628.5325927734375 416.03875732421875
644.6673583984375 418.3512878417969
660.5647583007812 420.59130859375
482.1056823730469 413.5317687988281
501.31414794921875 416.1866760253906
520.0365600585938 418.6135559082031
538.4258422851562 421.1533508300781
556.3782958984375 423.5220947265625
573.96484375 425.819580078125
591.1993408203125 428.16546630859375
608.0676879882812 430.410400390625
624.5208740234375 432.5519104003906
640.6806030273438 434.64654541015625
656.5028076171875 436.7158203125