1 720 1333
193.7287139892578 222.86915588378906
219.7216339111328 219.6971435546875
245.35276794433594 216.60560607910156
270.55023193359375 213.5872802734375
295.42205810546875 210.58883666992188
319.86004638671875 207.6898956298828
344.0299987792969 204.87979125976562
367.7445068359375 202.24566650390625
391.1893310546875 199.4855194091797
414.2132263183594 196.82861328125
436.7852783203125 194.36924743652344
201.71961975097656 246.1556396484375
227.31695556640625 242.73757934570312
252.51995849609375 239.53607177734375
277.3365173339844 236.3760528564453
301.8335876464844 233.31019592285156
325.938232421875 230.25265502929688
349.70587158203125 227.29861450195312
373.1700744628906 224.37179565429688
396.2388610839844 221.52699279785156
418.8489074707031 218.72352600097656
441.2378845214844 216.06761169433594
209.5187225341797 268.6816101074219
234.7134246826172 265.3245849609375
259.5173645019531 261.85479736328125
284.0058898925781 258.5499572753906
308.1599426269531 255.31878662109375
331.88482666015625 252.1734161376953
355.3455505371094 249.04025268554688
378.4599914550781 246.01002502441406
401.1770324707031 243.04527282714844
423.52874755859375 240.15872192382812
445.5184020996094 237.28660583496094
217.2389373779297 290.73101806640625
241.94073486328125 287.2135314941406
266.4206848144531 283.6578063964844
290.50341796875 280.274658203125
314.3310852050781 276.8166198730469
337.6593933105469 273.5606384277344
360.8127746582031 270.3372802734375
383.5675354003906 267.187255859375
406.0045166015625 264.0245056152344
428.0304260253906 260.92449951171875
449.7030944824219 257.9562683105469
224.6300811767578 312.27117919921875
249.10630798339844 308.544677734375
273.1241455078125 304.8509521484375
296.8992919921875 301.3805236816406
320.344970703125 297.79229736328125
343.4784851074219 294.4389953613281
366.2384338378906 291.0500793457031
388.6436767578125 287.6996765136719
410.6992492675781 284.5116271972656
432.4930419921875 281.3329162597656
453.8042297363281 278.154296875
232.03436279296875 333.2166748046875
255.9972381591797 329.3897399902344
279.75640869140625 325.6397705078125
303.19287109375 321.91558837890625
326.322021484375 318.3311767578125
349.050537109375 314.73779296875
371.5323486328125 311.3022766113281
393.5810852050781 307.835205078125
415.3905944824219 304.4509582519531
436.7621154785156 301.1737060546875
457.84722900390625 297.844482421875
239.16195678710938 353.5710144042969
262.8340759277344 349.6380920410156
286.2590637207031 345.7618713378906
309.3358459472656 342.0385437011719
332.1080627441406 338.287109375
354.5361328125 334.6034851074219
376.6405029296875 330.99505615234375
398.4845275878906 327.4300537109375
419.92620849609375 323.9637145996094
441.0766296386719 320.49212646484375
461.8006286621094 317.1133728027344
246.201416015625 373.4307556152344
269.5045166015625 369.48370361328125
292.55743408203125 365.4967346191406
315.3516845703125 361.5629577636719
337.7519226074219 357.7466125488281
359.89013671875 353.9444885253906
381.6949768066406 350.260986328125
403.274658203125 346.5458984375
424.38604736328125 342.88287353515625
445.24713134765625 339.3792419433594
465.66583251953125 335.8368835449219