1 720 1333
490.659912109375 214.7075958251953
509.61212158203125 225.89984130859375
527.9149780273438 236.68772888183594
545.6189575195312 247.20498657226562
562.7667846679688 257.3150939941406
579.4537353515625 267.0807189941406
595.5615234375 276.5256042480469
611.2528686523438 285.6943054199219
626.3964233398438 294.66876220703125
641.0964965820312 303.34552001953125
655.4066162109375 311.6574401855469
479.76385498046875 229.59092712402344
498.58526611328125 240.3954620361328
516.7745361328125 250.72543334960938
534.4485473632812 260.815673828125
551.4954223632812 270.5668640136719
568.0650634765625 280.04229736328125
584.1422119140625 289.23150634765625
599.6639404296875 298.0870361328125
614.8139038085938 306.6954345703125
629.5198974609375 315.0772399902344
643.761962890625 323.2164306640625
469.3004455566406 244.0260772705078
487.93011474609375 254.39361572265625
506.044189453125 264.4216003417969
523.5574340820312 274.1307067871094
540.5499877929688 283.5140075683594
557.0140380859375 292.6134338378906
572.9995727539062 301.490234375
588.5338745117188 310.10906982421875
603.6021118164062 318.4532470703125
618.2930297851562 326.5230407714844
632.51416015625 334.3922424316406
459.09735107421875 257.97509765625
477.61328125 268.0050354003906
495.59881591796875 277.6231384277344
513.0185546875 287.0466003417969
529.8775634765625 296.15277099609375
546.3344116210938 304.9095458984375
562.2372436523438 313.4840087890625
577.686767578125 321.74945068359375
592.6889038085938 329.8381652832031
607.3677978515625 337.6615905761719
621.5051879882812 345.3150939941406
449.24578857421875 271.5483093261719
467.609130859375 281.19671630859375
485.494384765625 290.498046875
502.7420654296875 299.547607421875
519.5691528320312 308.358154296875
535.8885498046875 316.8078918457031
551.7291259765625 325.149658203125
567.1766357421875 333.1893615722656
582.1392822265625 340.9992980957031
596.6576538085938 348.5168151855469
610.8449096679688 355.83251953125
439.6311340332031 284.6682434082031
457.9201354980469 294.0035705566406
475.65997314453125 302.9548645019531
492.88360595703125 311.7040710449219
509.569091796875 320.2520751953125
525.7638549804688 328.4571228027344
541.567626953125 336.4420166015625
556.87744140625 344.2489013671875
571.7990112304688 351.7525634765625
586.3412475585938 359.12738037109375
600.4268798828125 366.2231140136719
430.4072265625 297.4695129394531
448.5453796386719 306.43267822265625
466.2019348144531 315.175537109375
483.2845764160156 323.54559326171875
499.8841247558594 331.70440673828125
516.0296020507812 339.6813659667969
531.686279296875 347.4278869628906
546.9454956054688 354.9080810546875
561.7681274414062 362.302734375
576.2762451171875 369.33758544921875
590.3341674804688 376.2554626464844
421.44818115234375 309.80523681640625
439.4644775390625 318.5139465332031
456.970458984375 326.86932373046875
473.92926025390625 335.0779724121094
490.46331787109375 342.9615478515625
506.5318908691406 350.6339416503906
522.130126953125 358.16180419921875
537.2894287109375 365.3978576660156
552.0732421875 372.4300231933594
566.4631958007812 379.2973327636719
580.47265625 385.88720703125