1 720 1333
353.0885925292969 381.60321044921875
379.7372131347656 381.7619323730469
406.14349365234375 381.9841613769531
432.1346130371094 382.2381896972656
457.6722106933594 382.3821716308594
482.9447021484375 382.4590148925781
507.7737121582031 382.5296325683594
532.400390625 382.591552734375
556.5406494140625 382.6866149902344
580.432861328125 382.7072448730469
603.9157104492188 382.76641845703125
356.9508056640625 401.08953857421875
383.0600280761719 401.21380615234375
408.7642517089844 401.2465515136719
434.2406311035156 401.2789611816406
459.28631591796875 401.2872619628906
483.867431640625 401.31048583984375
508.2920837402344 401.311767578125
532.2950439453125 401.2950134277344
555.89013671875 401.298828125
579.3707885742188 401.2008972167969
602.36669921875 401.11700439453125
360.6729431152344 419.6136169433594
386.23291015625 419.572021484375
411.3778991699219 419.5347595214844
436.25616455078125 419.4697265625
460.65997314453125 419.4241638183594
484.77581787109375 419.32171630859375
508.6336364746094 419.2211608886719
532.2425537109375 419.1074523925781
555.3914184570312 418.9420166015625
578.3027954101562 418.7034912109375
600.793212890625 418.5598449707031
364.3480224609375 437.4777526855469
389.2650146484375 437.3640441894531
413.8031005859375 437.19140625
438.18902587890625 436.9397277832031
462.1372985839844 436.705810546875
485.6794738769531 436.5526123046875
509.0796203613281 436.411376953125
532.14501953125 436.24493408203125
554.74853515625 435.93109130859375
577.302734375 435.6494445800781
599.4095458984375 435.46820068359375
367.7642822265625 454.5074157714844
392.183349609375 454.3256530761719
416.26214599609375 453.9737243652344
440.00213623046875 453.6506652832031
463.4897155761719 453.45916748046875
486.5860595703125 453.2138366699219
509.476806640625 452.81689453125
532.0624389648438 452.52337646484375
554.3359375 452.3475036621094
576.3345947265625 451.8340759277344
598.0429077148438 451.54266357421875
371.14849853515625 470.7423400878906
394.9681091308594 470.5188293457031
418.536376953125 470.23809814453125
441.7646789550781 469.74847412109375
464.7438659667969 469.466064453125
487.4710998535156 469.11236572265625
509.80426025390625 468.6380310058594
531.9776000976562 468.3637390136719
553.7391357421875 467.9078063964844
575.4165649414062 467.5171203613281
596.6376953125 467.0715026855469
374.3900146484375 486.4936828613281
397.6458435058594 486.1639099121094
420.7108154296875 485.63458251953125
443.52197265625 485.31256103515625
466.0966796875 484.7304382324219
488.3383483886719 484.38031005859375
510.32080078125 483.80609130859375
531.882568359375 483.45550537109375
553.4044189453125 482.9253845214844
574.4981079101562 482.4535217285156
595.4415893554688 481.83453369140625
377.4642333984375 501.51837158203125
400.33062744140625 501.1420593261719
422.84442138671875 500.55950927734375
445.27313232421875 500.15069580078125
467.3487548828125 499.5504455566406
489.14239501953125 499.0588073730469
510.5897216796875 498.47381591796875
531.877197265625 497.84259033203125
552.8535766601562 497.40521240234375
573.6614379882812 496.68280029296875
594.2364501953125 496.17822265625