1 720 1333
325.3531494140625 262.3264465332031
356.1111755371094 251.24984741210938
385.3720703125 240.62355041503906
413.4565734863281 230.5738525390625
440.2287902832031 220.9960174560547
465.74139404296875 211.82044982910156
490.2914733886719 203.1248321533203
513.6867065429688 194.73983764648438
536.1571655273438 186.7682342529297
557.617431640625 179.16104125976562
578.24072265625 171.83595275878906
337.4365539550781 290.0126953125
367.0775146484375 278.51190185546875
395.43597412109375 267.60382080078125
422.5496826171875 257.2313232421875
448.4908142089844 247.26852416992188
473.27520751953125 237.70791625976562
497.0472106933594 228.626953125
519.716796875 219.89186096191406
541.6127319335938 211.5941162109375
562.4989013671875 203.62510681152344
582.6224365234375 195.9793701171875
348.9108581542969 316.2528381347656
377.57928466796875 304.513427734375
405.0368957519531 293.279052734375
431.2683410644531 282.5090637207031
456.3856506347656 272.2882385253906
480.431884765625 262.4434814453125
503.47137451171875 253.02792358398438
525.5962524414062 244.02328491210938
546.8482055664062 235.406982421875
567.2958984375 227.07713317871094
586.8101196289062 219.1630859375
359.94366455078125 341.236328125
387.6396789550781 329.20721435546875
414.1668395996094 317.67919921875
439.5628356933594 306.6794738769531
463.90069580078125 296.20526123046875
487.2890625 286.0881042480469
509.65740966796875 276.42633056640625
531.2295532226562 267.08966064453125
551.8983764648438 258.2008056640625
571.7392578125 249.57313537597656
590.8473510742188 241.3619842529297
370.4022521972656 364.8498840332031
397.25396728515625 352.6369934082031
422.86968994140625 340.9289245605469
447.5140075683594 329.71466064453125
471.209228515625 318.9181213378906
493.7662048339844 308.6593933105469
515.5956420898438 298.6719970703125
536.5447998046875 289.2236022949219
556.70361328125 280.00836181640625
576.119140625 271.2215576171875
594.7262573242188 262.68896484375
380.433837890625 387.4443359375
406.41864013671875 375.0141296386719
431.29339599609375 363.1786804199219
455.15252685546875 351.70709228515625
478.050537109375 340.7513427734375
500.1615905761719 330.2666015625
521.3384399414062 320.1505432128906
541.6831665039062 310.376953125
561.3770751953125 300.9948425292969
580.293212890625 291.9139099121094
598.4833984375 283.2889709472656
389.9300842285156 408.8428039550781
415.1661376953125 396.3731994628906
439.3218078613281 384.32965087890625
462.44195556640625 372.7308654785156
484.6856384277344 361.6161193847656
506.1520690917969 350.89178466796875
526.7020263671875 340.5893859863281
546.5944213867188 330.6785888671875
565.773193359375 321.1433410644531
584.243408203125 311.8352355957031
602.055908203125 302.9825439453125
399.1522216796875 429.34393310546875
423.5098571777344 416.6463928222656
446.9226379394531 404.5350341796875
469.4754333496094 392.7939147949219
491.1335144042969 381.5471496582031
511.87701416015625 370.71038818359375
532.0133666992188 360.2688903808594
551.409423828125 350.1698303222656
570.0383911132812 340.4458923339844
588.07275390625 331.0063171386719
605.4330444335938 321.94232177734375