1 720 1333
585.2147216796875 235.79913330078125
597.8314819335938 235.01031494140625
610.9464721679688 234.1930389404297
624.4071655273438 233.35226440429688
638.2319946289062 232.4204559326172
652.4077758789062 231.4844970703125
666.8901977539062 230.5523223876953
681.8223266601562 229.58172607421875
697.2716064453125 228.66639709472656
713.0859985351562 227.67843627929688
729.307861328125 226.69773864746094
586.5289306640625 251.7513427734375
599.3058471679688 251.2419891357422
612.3184814453125 250.526611328125
625.6107788085938 249.80917358398438
639.408203125 249.2861785888672
653.4900512695312 248.5255889892578
667.9635620117188 247.78823852539062
682.8235473632812 247.204345703125
698.2449340820312 246.4744873046875
713.8286743164062 245.6746368408203
730.0906372070312 245.02529907226562
587.8662109375 267.5754699707031
600.5549926757812 267.2883605957031
613.5333862304688 266.67279052734375
626.8280029296875 266.3666687011719
640.5302734375 265.8013000488281
654.5833129882812 265.4423828125
669.08837890625 264.87713623046875
683.8209838867188 264.514404296875
699.1304321289062 264.0490417480469
714.7057495117188 263.5276184082031
730.816650390625 263.12213134765625
589.3328247070312 283.3765563964844
601.8101196289062 283.13311767578125
614.7337646484375 282.76702880859375
628.1121215820312 282.60211181640625
641.6815795898438 282.442138671875
655.6453857421875 282.196533203125
670.1406860351562 281.8981018066406
684.78515625 281.64935302734375
699.9713745117188 281.4768981933594
715.5947265625 281.298095703125
731.5880737304688 280.9717102050781
590.5569458007812 298.7629089355469
603.218017578125 298.73284912109375
616.0053100585938 298.7062072753906
629.3214111328125 298.6810302734375
642.7529907226562 298.6725158691406
656.7273559570312 298.65765380859375
671.1548461914062 298.6587829589844
685.7586669921875 298.6505126953125
700.84765625 298.6591491699219
716.4608764648438 298.6566467285156
732.41064453125 298.6611328125
591.906005859375 314.3209533691406
604.4382934570312 314.4807434082031
617.33056640625 314.5932312011719
630.4529418945312 314.6945495605469
643.9874877929688 314.9737548828125
657.8062744140625 315.2567138671875
672.1871948242188 315.4142761230469
686.6849975585938 315.57513427734375
701.7357788085938 315.77020263671875
717.2456665039062 316.09002685546875
733.2017211914062 316.358154296875
593.2860717773438 329.5432434082031
605.6680297851562 329.84844970703125
618.4928588867188 330.34442138671875
631.6150512695312 330.6167297363281
645.1697998046875 331.0958557128906
658.9332885742188 331.4518737792969
673.1729125976562 331.81414794921875
687.6946411132812 332.3587646484375
702.59130859375 332.66851806640625
718.100830078125 333.2696533203125
733.7647094726562 333.6391296386719
594.5090942382812 344.6097717285156
606.9302368164062 345.29937744140625
619.6534423828125 345.73779296875
632.7494506835938 346.40936279296875
646.281494140625 346.9361877441406
659.9817504882812 347.5530090332031
674.1910400390625 348.2407531738281
688.5899658203125 348.7417297363281
703.5668334960938 349.4620361328125
718.8997192382812 350.1539306640625
734.5708618164062 350.7573547363281