1 720 1333
460.41949462890625 154.57542419433594
479.3575134277344 162.7239532470703
498.2921142578125 170.8697509765625
517.2188720703125 179.0809326171875
536.0851440429688 187.21070861816406
554.9027709960938 195.33306884765625
573.726806640625 203.39010620117188
592.5845336914062 211.4898681640625
611.4021606445312 219.54989624023438
630.2047119140625 227.63888549804688
648.8602294921875 235.66664123535156
456.2947692871094 173.85916137695312
474.8507995605469 181.8319091796875
493.5591735839844 189.89906311035156
512.1978149414062 197.86717224121094
530.758544921875 205.86520385742188
549.3609008789062 213.85337829589844
567.91943359375 221.8119659423828
586.4439697265625 229.75009155273438
604.9511108398438 237.72271728515625
623.479248046875 245.6546173095703
641.9254760742188 253.61135864257812
452.22552490234375 192.5491943359375
470.5869140625 200.49609375
488.8874206542969 208.3421630859375
507.3158264160156 216.27719116210938
525.5806274414062 224.09548950195312
543.9210205078125 231.92218017578125
562.234619140625 239.7432403564453
580.485595703125 247.60350036621094
598.6996459960938 255.43820190429688
616.92626953125 263.2641906738281
635.2426147460938 271.06695556640625
448.33660888671875 210.74752807617188
466.39605712890625 218.4952392578125
484.4886474609375 226.3382568359375
502.5485534667969 234.0404815673828
520.6322021484375 241.7891387939453
538.6197509765625 249.51907348632812
556.6290893554688 257.2515563964844
574.6266479492188 264.9088134765625
592.6403198242188 272.6216125488281
610.6338500976562 280.359130859375
628.5782470703125 288.01776123046875
444.4659118652344 228.4390869140625
462.3642883300781 236.15321350097656
480.22052001953125 243.68601989746094
497.9783935546875 251.4002685546875
515.7413330078125 258.93853759765625
533.5414428710938 266.58111572265625
551.303955078125 274.2366638183594
569.0791015625 281.72222900390625
586.7161865234375 289.40667724609375
604.5072631835938 296.946533203125
622.2748413085938 304.53045654296875
440.8060302734375 245.63414001464844
458.38861083984375 253.1962127685547
476.0059814453125 260.6872863769531
493.5202941894531 268.2023010253906
511.12750244140625 275.71673583984375
528.5726928710938 283.2313232421875
546.1091918945312 290.6493835449219
563.55810546875 298.2295837402344
581.08837890625 305.6234436035156
598.5372924804688 313.15087890625
616.0462036132812 320.5627136230469
437.2393798828125 262.3676452636719
454.59747314453125 269.75030517578125
471.8528137207031 277.2055358886719
489.25164794921875 284.5673522949219
506.538330078125 291.95953369140625
523.7150268554688 299.3407287597656
541.107666015625 306.70721435546875
558.32958984375 314.1084899902344
575.557861328125 321.4830017089844
592.791015625 328.7820739746094
610.0128784179688 336.1904602050781
433.7421569824219 278.57012939453125
450.8482971191406 285.9090270996094
467.90350341796875 293.21966552734375
485.07177734375 300.51995849609375
502.1165466308594 307.7730712890625
519.1842041015625 315.097900390625
536.1668701171875 322.35455322265625
553.2717895507812 329.5848693847656
570.26708984375 336.81103515625
587.2511596679688 344.079833984375
604.2384033203125 351.29534912109375