1 720 1333
390.1380615234375 296.7899169921875
402.86260986328125 303.8934631347656
415.7174987792969 311.12322998046875
428.79400634765625 318.4180603027344
442.0794372558594 325.7230529785156
455.413818359375 333.2675476074219
468.88531494140625 340.69427490234375
482.5467834472656 348.4159851074219
496.33380126953125 356.0789489746094
510.3894348144531 363.8392639160156
524.4782104492188 371.7042541503906
386.46392822265625 311.4261779785156
399.069580078125 318.5053405761719
411.8486022949219 325.711669921875
424.7321472167969 333.00689697265625
437.8245849609375 340.4510803222656
451.06805419921875 347.8349914550781
464.4423522949219 355.48406982421875
477.848388671875 363.0400695800781
491.5550842285156 370.78533935546875
505.4084167480469 378.5873718261719
519.3948974609375 386.46075439453125
382.8049621582031 325.6556701660156
395.4234924316406 332.895263671875
407.95526123046875 340.1094055175781
420.740478515625 347.4342956542969
433.6781921386719 354.7572326660156
446.7339172363281 362.33984375
460.01788330078125 369.8260803222656
473.36077880859375 377.50927734375
486.79638671875 385.24139404296875
500.4934997558594 393.03125
514.3687744140625 400.9428405761719
379.37200927734375 339.8350524902344
391.60650634765625 346.9615478515625
404.2335205078125 354.2900695800781
416.77679443359375 361.55572509765625
429.62615966796875 368.97015380859375
442.56622314453125 376.4287109375
455.6234130859375 384.0145568847656
468.8518371582031 391.65045166015625
482.2105712890625 399.4242248535156
495.7077331542969 407.2432556152344
509.4240417480469 415.1304016113281
375.7511291503906 353.61883544921875
388.12744140625 360.8638000488281
400.4329528808594 368.14410400390625
412.9688720703125 375.4433288574219
425.64990234375 382.8411865234375
438.4550476074219 390.3962707519531
451.4298095703125 397.9685974121094
464.4632873535156 405.5790100097656
477.6594543457031 413.3651428222656
491.0568542480469 421.1844482421875
504.6106872558594 429.0680236816406
372.43603515625 367.33978271484375
384.48583984375 374.5155334472656
396.7600402832031 381.7208557128906
409.2116394042969 389.1772155761719
421.6976013183594 396.5041198730469
434.44610595703125 404.03009033203125
447.2639465332031 411.6210021972656
460.22552490234375 419.32958984375
473.2766418457031 427.02813720703125
486.52294921875 434.82843017578125
499.89703369140625 442.68133544921875
369.0904846191406 380.68133544921875
381.0793762207031 387.85992431640625
393.2300109863281 395.2637939453125
405.48553466796875 402.4957275390625
417.9078674316406 409.9573059082031
430.4488220214844 417.4556579589844
443.2126770019531 425.0817565917969
455.9202575683594 432.65692138671875
468.9431457519531 440.4657897949219
482.005126953125 448.26483154296875
495.3412170410156 456.20074462890625
365.7381896972656 393.8096923828125
377.63677978515625 401.1761474609375
389.5845947265625 408.30517578125
401.80889892578125 415.71630859375
414.1204528808594 423.1809997558594
426.583251953125 430.64508056640625
439.1654357910156 438.2623291015625
451.8513488769531 445.8407287597656
464.6571350097656 453.5770568847656
477.6906433105469 461.41253662109375
490.7667541503906 469.2831115722656