1 720 1333
593.8838500976562 259.62213134765625
611.455078125 257.13238525390625
628.7145385742188 254.60899353027344
645.9039916992188 252.28762817382812
662.848388671875 249.8246307373047
679.6533203125 247.51502990722656
696.3640747070312 245.22999572753906
712.7089233398438 242.93804931640625
729.0001220703125 240.69097900390625
745.0977783203125 238.49168395996094
760.7972412109375 236.3772430419922
596.1889038085938 276.6864318847656
613.490478515625 274.200927734375
630.5975341796875 271.6473388671875
647.5772094726562 269.1676330566406
664.417236328125 266.6858825683594
680.99609375 264.3525695800781
697.4520874023438 261.8841857910156
713.6355590820312 259.6137390136719
729.7225952148438 257.3513488769531
745.6179809570312 255.0499725341797
761.3460693359375 252.7793426513672
598.4031982421875 293.5083312988281
615.4849853515625 290.8836669921875
632.4662475585938 288.31024169921875
649.2821655273438 285.7506408691406
665.8236694335938 283.26470947265625
682.2916870117188 280.74285888671875
698.516845703125 278.3655700683594
714.580322265625 275.9195251464844
730.5098876953125 273.57672119140625
746.31787109375 271.29364013671875
761.6913452148438 268.91845703125
600.5359497070312 309.9485778808594
617.5162963867188 307.2957763671875
634.27490234375 304.6199645996094
650.8079833984375 302.0334167480469
667.3158569335938 299.4883117675781
683.541259765625 296.90570068359375
699.5986328125 294.4521789550781
715.5464477539062 291.9705505371094
731.317138671875 289.5540466308594
746.7913818359375 287.14398193359375
762.2213134765625 284.7666320800781
602.6698608398438 326.07745361328125
619.4366455078125 323.3549499511719
636.0157470703125 320.6275634765625
652.4197387695312 317.9870300292969
668.6370849609375 315.3719482421875
684.6882934570312 312.76275634765625
700.641845703125 310.2484436035156
716.421875 307.6553039550781
732.0161743164062 305.2340087890625
747.3935546875 302.7229919433594
762.5529174804688 300.30413818359375
604.7551879882812 341.80029296875
621.4024658203125 339.09893798828125
637.6971435546875 336.359375
653.9522705078125 333.6142272949219
670.0988159179688 330.9260559082031
685.9313354492188 328.33380126953125
701.6461791992188 325.6472473144531
717.3362426757812 323.1041564941406
732.6349487304688 320.55523681640625
747.855712890625 317.9814758300781
762.9769897460938 315.5126037597656
606.859619140625 357.31005859375
623.2721557617188 354.48834228515625
639.4681396484375 351.67498779296875
655.5040283203125 348.9320373535156
671.454345703125 346.2217102050781
687.1800537109375 343.5035400390625
702.6702880859375 340.8228759765625
718.19677734375 338.19580078125
733.410400390625 335.5612487792969
748.45703125 332.9893798828125
763.3960571289062 330.4072570800781
608.9022216796875 372.44122314453125
625.1328125 369.5731201171875
641.1673583984375 366.70440673828125
657.02099609375 363.8984069824219
672.6873168945312 361.18157958984375
688.3551635742188 358.40130615234375
703.6537475585938 355.6485900878906
719.0070190429688 352.9510498046875
734.03564453125 350.3319091796875
748.9624633789062 347.6261291503906
763.6277465820312 345.0609130859375