1 720 1333
458.30804443359375 259.464599609375
475.5480041503906 276.6533203125
492.4547119140625 293.4498596191406
508.85162353515625 309.7921447753906
524.986083984375 325.8153991699219
540.67138671875 341.4893798828125
556.1220703125 356.7459411621094
571.1770629882812 371.6767883300781
585.816162109375 386.3548889160156
600.2831420898438 400.5321350097656
614.3544921875 414.433349609375
442.78076171875 273.63043212890625
460.08935546875 290.4801330566406
476.9422607421875 306.8819274902344
493.44720458984375 323.00262451171875
509.51348876953125 338.6579895019531
525.287353515625 354.01300048828125
540.620361328125 368.9880065917969
555.6749877929688 383.6416931152344
570.4644775390625 397.97216796875
584.8344116210938 411.90625
599.0006713867188 425.5491027832031
427.6745300292969 287.49957275390625
444.9583435058594 304.0459899902344
461.7635498046875 320.16888427734375
478.34747314453125 335.8441467285156
494.4322509765625 351.30364990234375
510.1897277832031 366.32037353515625
525.5477905273438 380.993408203125
540.640380859375 395.3675231933594
555.417236328125 409.4173278808594
569.7967529296875 423.1080322265625
583.9364624023438 436.4751281738281
412.8561096191406 301.1645812988281
430.16650390625 317.3044738769531
447.045654296875 333.0609130859375
463.4976806640625 348.49774169921875
479.60064697265625 363.5818786621094
495.37518310546875 378.35107421875
510.7564697265625 392.69622802734375
525.8281860351562 406.8004150390625
540.6201782226562 420.5902404785156
555.1241455078125 434.0265808105469
569.278076171875 447.16357421875
398.4494934082031 314.3879699707031
415.66064453125 330.27239990234375
432.4873046875 345.70599365234375
449.0487060546875 360.81842041015625
465.16748046875 375.6291809082031
480.86395263671875 390.13214111328125
496.33978271484375 404.2762145996094
511.4314270019531 418.0708312988281
526.206298828125 431.55621337890625
540.6519775390625 444.68572998046875
554.8036499023438 457.5829772949219
384.3262023925781 327.44769287109375
401.516845703125 342.9441223144531
418.401611328125 358.1169738769531
434.80426025390625 372.96441650390625
450.9488220214844 387.46728515625
466.68267822265625 401.6036682128906
482.1878356933594 415.47589111328125
497.2885437011719 429.060302734375
512.0191650390625 442.327392578125
526.5128784179688 455.23529052734375
540.6841430664062 467.8010559082031
370.4964599609375 340.20843505859375
387.6494140625 355.3710021972656
404.48858642578125 370.30169677734375
420.9713439941406 384.7605895996094
437.1171569824219 399.03948974609375
452.8306579589844 412.8643798828125
468.31243896484375 426.5082702636719
483.4153747558594 439.7405700683594
498.2117614746094 452.7406921386719
512.6763916015625 465.4598388671875
526.8433837890625 477.8159484863281
356.93792724609375 352.6072692871094
374.1593933105469 367.59844970703125
390.90411376953125 382.16802978515625
407.40020751953125 396.444580078125
423.4992980957031 410.37432861328125
439.2979736328125 423.935302734375
454.68878173828125 437.3094482421875
469.80804443359375 450.3287658691406
484.6162414550781 463.0283508300781
499.1715393066406 475.4530944824219
513.359619140625 487.5826110839844