1 720 1333
464.0904235839844 99.88268280029297
474.4619140625 108.45636749267578
485.07159423828125 117.2137680053711
495.8109130859375 126.13263702392578
506.82135009765625 135.20045471191406
518.1022338867188 144.43992614746094
529.51220703125 153.78665161132812
541.177978515625 163.45384216308594
552.9854736328125 173.2165069580078
565.1085205078125 183.19786071777344
577.4364624023438 193.34010314941406
453.339111328125 113.33160400390625
463.5805358886719 121.92494201660156
474.08331298828125 130.7616424560547
484.7181091308594 139.76693725585938
495.6255798339844 148.9886932373047
506.7025451660156 158.35215759277344
518.0496215820312 167.85220336914062
529.5313720703125 177.5607452392578
541.2677001953125 187.47633361816406
553.2573852539062 197.54270935058594
565.4192504882812 207.8098602294922
442.5757141113281 126.6272964477539
452.7294006347656 135.4461669921875
463.1575012207031 144.3774871826172
473.66778564453125 153.48068237304688
484.48931884765625 162.72296142578125
495.42486572265625 172.27874755859375
506.5924377441406 181.8363494873047
517.96435546875 191.6627960205078
529.5357666015625 201.62330627441406
541.4071655273438 211.89027404785156
553.445556640625 222.3093719482422
431.894287109375 139.96009826660156
441.93768310546875 148.7935333251953
452.2568054199219 157.8885955810547
462.6236267089844 167.12222290039062
473.3441467285156 176.5398712158203
484.1589660644531 186.1085968017578
495.24285888671875 195.8282470703125
506.44061279296875 205.7089080810547
517.8598022460938 215.85626220703125
529.548095703125 226.2147216796875
541.50537109375 236.7012176513672
421.2745666503906 153.2505340576172
431.2461242675781 162.2823944091797
441.3702697753906 171.3856201171875
451.6408386230469 180.69668579101562
462.2306823730469 190.24349975585938
472.8912658691406 199.85975646972656
483.7769470214844 209.71278381347656
494.9472961425781 219.78257751464844
506.2945861816406 230.00491333007812
517.8029174804688 240.4847412109375
529.5813598632812 251.11656188964844
410.6456298828125 166.52725219726562
420.4551086425781 175.54888916015625
430.52197265625 184.8305206298828
440.6654357910156 194.27322387695312
451.1841735839844 203.89271545410156
461.69036865234375 213.6293182373047
472.5279541015625 223.66390991210938
483.5016784667969 233.75401306152344
494.6736755371094 244.2252655029297
506.1693115234375 254.662109375
517.7686767578125 265.5004577636719
400.0708312988281 179.66128540039062
409.7691650390625 188.88818359375
419.6462707519531 198.25531005859375
429.7944030761719 207.76947021484375
440.0995178222656 217.48931884765625
450.6011657714844 227.45651245117188
461.3155822753906 237.49803161621094
472.20623779296875 247.77066040039062
483.2440490722656 258.2496643066406
494.5376281738281 268.9259948730469
506.1009826660156 279.7591552734375
389.53643798828125 192.8475341796875
399.1555480957031 202.16928100585938
408.96185302734375 211.6033935546875
418.8946533203125 221.31214904785156
429.1844787597656 231.1284942626953
439.4942321777344 241.13528442382812
450.110595703125 251.36302185058594
460.8650207519531 261.66876220703125
471.78607177734375 272.3330383300781
483.0443115234375 283.078369140625
494.4133605957031 294.0970764160156