1 720 1333
558.4441528320312 106.7932357788086
568.077392578125 127.30126953125
577.2620239257812 146.845703125
586.1288452148438 165.75022888183594
594.6064453125 183.9920654296875
602.812255859375 201.4888153076172
610.7628173828125 218.40090942382812
618.4397583007812 234.6527557373047
625.7802124023438 250.4617919921875
632.9205322265625 265.604248046875
639.8466186523438 280.3519592285156
538.818603515625 115.11505889892578
548.7045288085938 135.27330017089844
558.3043823242188 154.5830841064453
567.4454345703125 173.3212127685547
576.2915649414062 191.28102111816406
584.7355346679688 208.5723876953125
593.0086059570312 225.27825927734375
600.888916015625 241.404296875
608.5804443359375 256.96697998046875
615.9639282226562 271.9612121582031
623.1730346679688 286.51824951171875
519.449462890625 123.29072570800781
529.6677856445312 143.19837951660156
539.4954223632812 162.32762145996094
548.9569702148438 180.71495056152344
558.1188354492188 198.47769165039062
566.8548583984375 215.57717895507812
575.4035034179688 232.13339233398438
583.5728759765625 248.07662963867188
591.4950561523438 263.4560852050781
599.1875 278.31793212890625
606.54541015625 292.67559814453125
500.26007080078125 131.3831787109375
510.7311706542969 151.06324768066406
520.8839721679688 169.88790893554688
530.6552124023438 188.1873779296875
540.105224609375 205.66053771972656
549.16845703125 222.58111572265625
557.8832397460938 238.88796997070312
566.3863525390625 254.64466857910156
574.5516967773438 269.86981201171875
582.4646606445312 284.57489013671875
590.1441650390625 298.7579345703125
481.2886657714844 139.43080139160156
492.1228332519531 158.7387237548828
502.5301818847656 177.48919677734375
512.5814819335938 195.46682739257812
522.2977294921875 212.7859649658203
531.6161499023438 229.53150939941406
540.6257934570312 245.64642333984375
549.3958740234375 261.25244140625
557.7869873046875 276.350830078125
565.9234619140625 290.7976379394531
573.7913818359375 304.8634033203125
462.4793395996094 147.38853454589844
473.5841369628906 166.54351806640625
484.364013671875 184.97393798828125
494.6509704589844 202.73594665527344
504.63006591796875 219.86802673339844
514.3267211914062 236.421875
523.556884765625 252.35548400878906
532.5293579101562 267.74969482421875
541.2333984375 282.607177734375
549.5877685546875 297.03375244140625
557.6812744140625 310.8636169433594
443.864501953125 155.320556640625
455.400146484375 174.24264526367188
466.37152099609375 192.4342803955078
476.97528076171875 209.9427947998047
487.243896484375 226.8538055419922
497.14569091796875 243.2554473876953
506.6217956542969 258.9759521484375
515.859619140625 274.223876953125
524.7263793945312 288.89306640625
533.4212036132812 303.0950927734375
541.7091674804688 316.8187255859375
425.5751647949219 163.17359924316406
437.28778076171875 181.7561798095703
448.5577697753906 199.7599639892578
459.4706115722656 217.1791229248047
469.94073486328125 233.81578063964844
480.1323547363281 249.92864990234375
489.8830871582031 265.51983642578125
499.3973083496094 280.5506896972656
508.52679443359375 295.1155700683594
517.4048461914062 309.1231384277344
525.9263305664062 322.6618957519531