1 720 1333
490.4762268066406 400.1432189941406
517.3030395507812 394.5147399902344
542.6550903320312 389.1943664550781
566.7627563476562 384.1136779785156
589.6660766601562 379.2520751953125
611.4188232421875 374.5584716796875
632.154296875 370.1514892578125
651.7738037109375 365.853271484375
670.5430908203125 361.81219482421875
688.4073486328125 357.8702697753906
705.4341430664062 354.2125244140625
485.37310791015625 418.70111083984375
511.5586242675781 412.7906188964844
536.4594116210938 407.2110900878906
560.0648193359375 401.77337646484375
582.5294799804688 396.6357421875
603.8787841796875 391.70855712890625
624.3363647460938 387.0325927734375
643.7213745117188 382.523681640625
662.3300170898438 378.293212890625
679.9188842773438 374.0772399902344
696.7655029296875 370.0807189941406
480.5693054199219 436.33447265625
506.24945068359375 430.1888732910156
530.5634155273438 424.2572021484375
553.7093505859375 418.58807373046875
575.799560546875 413.27276611328125
596.8052978515625 408.1017761230469
616.9088134765625 403.176025390625
636.0904541015625 398.455810546875
654.4069213867188 393.894775390625
671.8153686523438 389.4944763183594
688.5800170898438 385.3050842285156
476.0869445800781 452.9366760253906
501.1728515625 446.5791015625
524.9708862304688 440.4879150390625
547.7039184570312 434.588134765625
569.4334716796875 429.0430603027344
590.0989379882812 423.6678466796875
609.8069458007812 418.53729248046875
628.7449951171875 413.5885009765625
646.8077392578125 408.8445739746094
664.1717529296875 404.3343505859375
680.587158203125 399.8434143066406
471.73486328125 468.6709289550781
496.3755187988281 462.15423583984375
519.6744995117188 455.80523681640625
542.0219116210938 449.7831115722656
563.3591918945312 444.1114807128906
583.6303100585938 438.5089111328125
603.2022094726562 433.2691955566406
621.7702026367188 428.1297302246094
639.6510620117188 423.2398986816406
656.6695556640625 418.4203186035156
673.0093994140625 413.8271179199219
467.7047424316406 483.6160888671875
491.7455749511719 476.8681640625
514.7036743164062 470.44891357421875
536.6333618164062 464.3078918457031
557.5527954101562 458.3562927246094
577.5317993164062 452.6556396484375
596.7186889648438 447.2248840332031
615.1369018554688 441.96063232421875
632.6408081054688 436.8629150390625
649.559814453125 431.9693603515625
665.6827392578125 427.2903747558594
463.86700439453125 497.7772216796875
487.4791259765625 490.93682861328125
509.9840087890625 484.3817443847656
531.481689453125 478.10137939453125
552.0722045898438 471.9817810058594
571.7086181640625 466.1986389160156
590.5599975585938 460.5471496582031
608.6978149414062 455.1655578613281
626.0963134765625 449.9315185546875
642.6760864257812 444.8568420410156
658.7350463867188 439.9613342285156
460.3111267089844 511.32696533203125
483.4296875 504.3539733886719
505.4535217285156 497.5950012207031
526.5862426757812 491.2525329589844
546.75830078125 485.0029602050781
566.2007446289062 479.1009216308594
584.7174682617188 473.3329772949219
602.5681762695312 467.7444763183594
619.6516723632812 462.4487609863281
636.2166748046875 457.2425842285156
651.9449462890625 452.22412109375