1 720 1333
440.5199890136719 297.9071960449219
458.2156677246094 294.63189697265625
475.94293212890625 291.3692932128906
493.8206787109375 288.0108337402344
511.8214111328125 284.6515197753906
529.947265625 281.2895812988281
548.2462158203125 277.8150329589844
566.5505981445312 274.4588623046875
585.05029296875 271.05792236328125
603.5836181640625 267.5857849121094
622.3262329101562 264.1483154296875
447.6869812011719 313.48248291015625
465.1385498046875 310.30255126953125
482.5625 307.11444091796875
500.2278747558594 303.8337097167969
517.8719482421875 300.60992431640625
535.7047729492188 297.3818664550781
553.6387329101562 294.0889587402344
571.6826782226562 290.7574768066406
589.8546752929688 287.4841003417969
608.2157592773438 284.1291198730469
626.54931640625 280.75238037109375
454.6517028808594 328.48846435546875
471.7611999511719 325.4495849609375
489.0055236816406 322.3512268066406
506.34197998046875 319.2396545410156
523.7220458984375 316.1107482910156
541.325927734375 312.90362548828125
558.9215087890625 309.7232360839844
576.6796264648438 306.5527648925781
594.5709228515625 303.3943786621094
612.5563354492188 300.1585693359375
630.6578979492188 296.8788146972656
461.4344482421875 343.0727844238281
478.3090515136719 340.11077880859375
495.25103759765625 337.1125183105469
512.2880249023438 334.1142883300781
529.4242553710938 331.0548095703125
546.6490478515625 328.01959228515625
564.0564575195312 324.9183654785156
581.5291748046875 321.8212890625
599.1710205078125 318.7298278808594
616.808349609375 315.6103820800781
634.6376342773438 312.501708984375
467.98382568359375 357.1767578125
484.5487060546875 354.3234558105469
501.2684631347656 351.3854675292969
518.0197143554688 348.49969482421875
534.88916015625 345.5505676269531
551.8670043945312 342.5868835449219
569.0480346679688 339.61767578125
586.2769775390625 336.61956787109375
603.5764770507812 333.633544921875
620.9791259765625 330.58966064453125
638.5304565429688 327.562744140625
474.33648681640625 370.78887939453125
490.6138610839844 368.083984375
507.0982666015625 365.2693786621094
523.5894165039062 362.44073486328125
540.2734375 359.5653381347656
556.9830932617188 356.717041015625
573.8001098632812 353.83294677734375
590.7745971679688 350.9775390625
607.816650390625 348.1172180175781
625.0384521484375 345.12713623046875
642.3072509765625 342.1780700683594
480.4884033203125 384.0591735839844
496.5477294921875 381.3890380859375
512.719482421875 378.67059326171875
529.0206909179688 375.9163513183594
545.4413452148438 373.2093200683594
561.8742065429688 370.4201965332031
578.5039672851562 367.61090087890625
595.2371826171875 364.7740478515625
612.0479736328125 361.9820861816406
628.9207153320312 359.1702880859375
645.90185546875 356.2999267578125
486.44281005859375 396.8429260253906
502.3246765136719 394.3070373535156
518.2199096679688 391.6451416015625
534.3284912109375 389.03643798828125
550.4578857421875 386.3993225097656
566.6632080078125 383.671142578125
583.0650024414062 380.9055480957031
599.53515625 378.2516784667969
616.0835571289062 375.4808349609375
632.6666259765625 372.6655578613281
649.4378051757812 369.8468017578125