1 720 1333
375.18017578125 111.4346923828125
391.3516540527344 117.16510009765625
407.70654296875 122.89810180664062
424.42132568359375 128.79981994628906
441.3465576171875 134.7568817138672
458.453857421875 140.918701171875
475.77166748046875 147.09286499023438
493.42376708984375 153.38235473632812
511.2898254394531 159.6620330810547
529.355224609375 166.18490600585938
547.6390380859375 172.66519165039062
365.8779296875 128.3580322265625
382.0838317871094 134.1775360107422
398.51934814453125 140.0998992919922
415.2103576660156 146.13632202148438
432.1297912597656 152.31454467773438
449.2957458496094 158.47506713867188
466.6610107421875 164.76309204101562
484.3123474121094 171.2344512939453
502.17437744140625 177.64932250976562
520.279541015625 184.3167266845703
538.6197509765625 190.94529724121094
356.5655822753906 145.36367797851562
372.7472839355469 151.3372344970703
389.23065185546875 157.40968322753906
405.9002380371094 163.541015625
422.82080078125 169.81765747070312
440.0317077636719 176.24655151367188
457.4685363769531 182.65640258789062
475.094482421875 189.24765014648438
492.9541015625 195.77333068847656
511.1497497558594 202.5831756591797
529.4844360351562 209.42649841308594
347.2250671386719 162.55636596679688
363.37841796875 168.65768432617188
379.82098388671875 174.8707733154297
396.5215148925781 181.2324676513672
413.5206298828125 187.61427307128906
430.6470642089844 194.1556396484375
448.1809997558594 200.7461700439453
465.73626708984375 207.44757080078125
483.6513671875 214.24098205566406
501.7974853515625 221.12387084960938
520.2781372070312 228.1435546875
337.6637878417969 179.88511657714844
353.8908996582031 186.22463989257812
370.36871337890625 192.52822875976562
387.1353759765625 199.0305633544922
404.0824279785156 205.5736083984375
421.2981262207031 212.27247619628906
438.7073974609375 218.96421813964844
456.4441833496094 225.8268280029297
474.3688049316406 232.73812866210938
492.55169677734375 239.79598999023438
510.93243408203125 246.93106079101562
328.2058410644531 197.49893188476562
344.3795471191406 203.82919311523438
360.8434143066406 210.43075561523438
377.5323486328125 216.9866180419922
394.5967712402344 223.71343994140625
411.7506408691406 230.52578735351562
429.3027038574219 237.47203063964844
446.9316711425781 244.44842529296875
464.92071533203125 251.53060913085938
483.1615295410156 258.735595703125
501.5570983886719 266.0711364746094
318.5157775878906 215.17364501953125
334.775146484375 221.7122802734375
351.2660827636719 228.37799072265625
368.0235595703125 235.19078063964844
384.98040771484375 242.07582092285156
402.2994384765625 249.0086669921875
419.69921875 256.101318359375
437.48651123046875 263.2993469238281
455.4508972167969 270.4883728027344
473.6697998046875 277.85406494140625
492.1363220214844 285.37469482421875
308.82635498046875 233.0338134765625
325.1208190917969 239.6968231201172
341.57989501953125 246.53794860839844
358.38818359375 253.47389221191406
375.4018859863281 260.53411865234375
392.5908203125 267.6481018066406
410.2061462402344 274.88897705078125
427.8855285644531 282.26654052734375
445.9381103515625 289.647705078125
464.2021484375 297.2420349121094
482.6976318359375 304.8231201171875