1 720 1333
275.6659240722656 130.26051330566406
311.8954162597656 124.98772430419922
346.0712890625 120.15463256835938
378.39306640625 115.59773254394531
408.86138916015625 111.45159912109375
437.7185974121094 107.55372619628906
465.1416015625 103.8886489868164
491.0733337402344 100.49099731445312
515.6388549804688 97.25253295898438
539.0169067382812 94.31526184082031
561.2109985351562 91.46121978759766
290.695556640625 158.3057861328125
326.74560546875 152.17083740234375
360.745849609375 146.46688842773438
392.8836669921875 141.2014923095703
423.3056945800781 136.26882934570312
451.91021728515625 131.63046264648438
479.1458435058594 127.35707092285156
504.8072204589844 123.30332946777344
529.2622680664062 119.41275787353516
552.37841796875 115.81082153320312
574.365966796875 112.47416687011719
305.9916687011719 186.71148681640625
341.9259948730469 179.6795196533203
375.7502746582031 173.22360229492188
407.7090759277344 167.11183166503906
437.8905334472656 161.41998291015625
466.3868713378906 156.0714569091797
493.3256530761719 151.06192016601562
518.8009033203125 146.33885192871094
542.9490356445312 141.7637939453125
565.8662109375 137.6422576904297
587.6298217773438 133.70977783203125
321.6625671386719 215.68922424316406
357.440185546875 207.71261596679688
391.16650390625 200.3899688720703
422.81622314453125 193.4337921142578
452.75146484375 186.900146484375
480.9867248535156 180.7909698486328
507.684814453125 175.12319946289062
532.9522705078125 169.6066436767578
556.8875732421875 164.4961395263672
579.565185546875 159.7067413330078
601.1229858398438 155.23477172851562
337.7073669433594 245.18896484375
373.2981262207031 236.27247619628906
406.66192626953125 227.88739013671875
438.2291564941406 220.10850524902344
467.8192443847656 212.73574829101562
495.77947998046875 205.8123321533203
522.2926025390625 199.38377380371094
547.3108520507812 193.2431182861328
570.9480590820312 187.43435668945312
593.4064331054688 182.01803588867188
614.6417236328125 176.88136291503906
354.12530517578125 275.0969543457031
389.4167175292969 265.1462707519531
422.5582580566406 255.8236083984375
453.74420166015625 247.18019104003906
483.1806640625 238.9165496826172
510.8092956542969 231.29676818847656
536.9695434570312 223.93695068359375
561.7157592773438 217.14053344726562
585.2282104492188 210.60951232910156
607.39501953125 204.55880737304688
628.4434814453125 198.80482482910156
370.7167053222656 305.443115234375
405.74932861328125 294.445068359375
438.6409912109375 284.20477294921875
469.5430603027344 274.52154541015625
498.5917053222656 265.47216796875
526.0083618164062 256.92681884765625
551.8545532226562 248.87179565429688
576.3927612304688 241.3186492919922
599.5676879882812 234.16258239746094
621.4918823242188 227.4429473876953
642.329345703125 221.07894897460938
387.7187805175781 336.2646789550781
422.477783203125 324.1500244140625
454.955810546875 312.8095397949219
485.5435485839844 302.2913513183594
514.3399047851562 292.33551025390625
541.4073486328125 282.92449951171875
566.972900390625 274.1544494628906
591.2086791992188 265.7920837402344
614.1023559570312 257.9141540527344
635.7120971679688 250.58309936523438
656.3262939453125 243.57872009277344