1 720 1333
309.6296081542969 101.09979248046875
339.82110595703125 110.3575439453125
368.32574462890625 119.10171508789062
395.0073547363281 127.36583709716797
420.3102722167969 135.26541137695312
444.0918884277344 142.6233673095703
466.54144287109375 149.66342163085938
487.7169494628906 156.3747100830078
507.9273986816406 162.63377380371094
526.9000854492188 168.6257781982422
544.9616088867188 174.34658813476562
306.5972595214844 130.5694580078125
336.88104248046875 138.8701934814453
365.37255859375 146.7052459716797
392.2051696777344 154.23326110839844
417.4244384765625 161.24755859375
441.31103515625 167.84278869628906
463.718994140625 174.2032470703125
485.093994140625 180.1658172607422
505.2994384765625 185.75192260742188
524.3026123046875 191.16575622558594
542.3934936523438 196.25059509277344
303.62615966796875 159.9039764404297
333.94586181640625 167.35377502441406
362.4573669433594 174.30218505859375
389.3770751953125 180.83981323242188
414.6408386230469 187.11155700683594
438.4974060058594 192.9720458984375
461.112548828125 198.55291748046875
482.4316711425781 203.79986572265625
502.5833740234375 208.80569458007812
521.6451416015625 213.55148315429688
539.7523193359375 218.0489501953125
300.7381896972656 189.23583984375
331.1938781738281 195.61090087890625
359.64691162109375 201.69459533691406
386.5448913574219 207.46739196777344
411.9172058105469 212.87823486328125
435.7786865234375 218.04827880859375
458.4398498535156 222.85984802246094
479.7297058105469 227.47943115234375
499.9465026855469 231.7729949951172
519.10302734375 235.8936767578125
537.2745361328125 239.7903594970703
298.098388671875 218.3480224609375
328.4379577636719 223.80770874023438
356.9209899902344 228.97994995117188
383.8087463378906 233.8988037109375
409.30010986328125 238.54736328125
433.226318359375 242.9150848388672
455.716796875 247.06057739257812
477.19769287109375 250.97340393066406
497.3903503417969 254.66929626464844
516.4891357421875 258.2294006347656
534.6306762695312 261.48541259765625
295.36279296875 247.35035705566406
325.6752014160156 251.8272247314453
354.3457336425781 256.18536376953125
381.2665710449219 260.2803955078125
406.57769775390625 264.1342468261719
430.5436706542969 267.6828308105469
453.19439697265625 271.17120361328125
474.5090026855469 274.394775390625
494.7395935058594 277.47149658203125
513.8875122070312 280.3805236816406
532.1868286132812 283.1614990234375
292.69989013671875 276.1541442871094
323.175048828125 279.7101135253906
351.6381530761719 283.21282958984375
378.5922546386719 286.4288635253906
404.0296325683594 289.4930114746094
427.95111083984375 292.39739990234375
450.5437927246094 295.12200927734375
471.9459228515625 297.6536865234375
492.20172119140625 300.188720703125
511.4029541015625 302.4541931152344
529.5634155273438 304.58526611328125
290.3021545410156 304.7247619628906
320.5698547363281 307.46826171875
349.2248840332031 310.0679626464844
376.1531982421875 312.47918701171875
401.5036315917969 314.72076416015625
425.4035339355469 316.8447265625
448.0418701171875 318.9453125
469.404541015625 320.80279541015625
489.62835693359375 322.65484619140625
508.748291015625 324.4295349121094
527.0610961914062 326.0780944824219