1 720 1333
254.69264221191406 339.095947265625
282.28033447265625 324.54876708984375
309.3200378417969 310.41204833984375
335.80499267578125 296.5713806152344
361.7159118652344 283.1402282714844
387.170654296875 269.90643310546875
411.9333190917969 257.1255187988281
436.25018310546875 244.52484130859375
459.8896484375 232.3595733642578
483.12750244140625 220.38983154296875
505.63629150390625 208.76107788085938
272.9065246582031 360.8872985839844
299.61785888671875 346.57183837890625
325.83587646484375 332.5357971191406
351.5292663574219 318.7626953125
376.68255615234375 305.4101867675781
401.33502197265625 292.326904296875
425.38934326171875 279.4884338378906
448.8841857910156 267.0227966308594
471.90911865234375 254.77841186523438
494.4064636230469 242.84547424316406
516.4228515625 231.21958923339844
290.3779296875 381.726806640625
316.2783508300781 367.5166931152344
341.63134765625 353.5787353515625
366.5509033203125 339.96514892578125
390.9885559082031 326.6134948730469
414.7861022949219 313.59912109375
438.22833251953125 300.84185791015625
461.0987854003906 288.4613952636719
483.41644287109375 276.28271484375
505.28076171875 264.35821533203125
526.5783081054688 252.706298828125
306.959228515625 401.5863037109375
332.1649169921875 387.495849609375
356.7200622558594 373.6703796386719
380.9364929199219 360.19451904296875
404.59344482421875 346.92572021484375
427.744384765625 334.0328063964844
450.47711181640625 321.3349304199219
472.6223449707031 308.9241027832031
494.40106201171875 296.7912292480469
515.5845336914062 284.90789794921875
536.420166015625 273.31982421875
322.8578796386719 420.4815673828125
347.31683349609375 406.52972412109375
371.2203369140625 392.79022216796875
394.67120361328125 379.4597473144531
417.68182373046875 366.336669921875
440.21331787109375 353.4493713378906
462.22418212890625 340.82562255859375
483.7340393066406 328.5520324707031
504.8591003417969 316.4735412597656
525.5302734375 304.6055603027344
545.7727661132812 293.0685729980469
338.1358642578125 438.5043640136719
361.7586975097656 424.6579284667969
385.0604553222656 411.1777038574219
407.7958068847656 397.8307800292969
430.1827697753906 384.793701171875
452.0437927246094 372.09393310546875
473.4399719238281 359.5564270019531
494.43017578125 347.3369140625
514.9439086914062 335.3462219238281
535.12744140625 323.51123046875
554.8025512695312 311.98529052734375
352.6396789550781 455.6682434082031
375.6510925292969 442.06207275390625
398.29248046875 428.5733947753906
420.41607666015625 415.4449768066406
442.1495056152344 402.50115966796875
463.3825988769531 389.84002685546875
484.2387390136719 377.4425048828125
504.5813903808594 365.31988525390625
524.6203002929688 353.36273193359375
544.258056640625 341.5972900390625
563.5009765625 330.14703369140625
366.5777587890625 472.1823425292969
388.9351806640625 458.5812072753906
410.90484619140625 445.3373718261719
432.4813537597656 432.2865905761719
453.5633544921875 419.4562683105469
474.2687072753906 406.8775939941406
494.5052185058594 394.5824890136719
514.4176025390625 382.4760437011719
533.8714599609375 370.6341552734375
553.0013427734375 358.9416809082031
571.7315063476562 347.5459289550781