1 720 1333
371.2351989746094 72.58683013916016
392.03912353515625 90.24846649169922
412.0882568359375 107.18132019042969
431.3251953125 123.45453643798828
449.7790222167969 139.12576293945312
467.5425720214844 154.1785888671875
484.5972900390625 168.58547973632812
501.07647705078125 182.49484252929688
516.8175048828125 195.8301239013672
532.0333862304688 208.65704345703125
546.5831909179688 221.06344604492188
356.20989990234375 90.73821258544922
377.2767028808594 107.87901306152344
397.46356201171875 124.41426849365234
416.8945007324219 140.26910400390625
435.59246826171875 155.49464416503906
453.57330322265625 170.13961791992188
470.83770751953125 184.20443725585938
487.461181640625 197.70213317871094
503.46392822265625 210.703125
518.7233276367188 223.26080322265625
533.5301513671875 235.29237365722656
341.40771484375 108.73011016845703
362.6157531738281 125.4603271484375
383.06512451171875 141.47207641601562
402.6603088378906 156.8303680419922
421.6070251464844 171.6570281982422
439.7051696777344 185.8958740234375
457.2665710449219 199.62380981445312
474.0076904296875 212.76724243164062
490.1911926269531 225.51498413085938
505.658935546875 237.61627197265625
520.608642578125 249.38327026367188
326.7474365234375 126.6072998046875
348.2350158691406 142.78009033203125
368.7795715332031 158.40066528320312
388.6157531738281 173.38665771484375
407.69036865234375 187.75367736816406
426.1102294921875 201.62252807617188
443.6813049316406 214.93121337890625
460.6590270996094 227.74588012695312
477.0223083496094 240.1405029296875
492.68853759765625 251.92837524414062
507.8042907714844 263.373291015625
312.39892578125 144.28294372558594
333.9458923339844 160.0304412841797
354.71038818359375 175.1617431640625
374.7445068359375 189.68704223632812
394.0233154296875 203.6924591064453
412.5198059082031 217.21804809570312
430.3860778808594 230.18971252441406
447.5163269042969 242.5726318359375
464.0244445800781 254.5822296142578
479.8562316894531 266.1652526855469
495.2156982421875 277.2674255371094
298.21246337890625 161.72303771972656
319.929443359375 177.01138305664062
340.8582763671875 191.71759033203125
361.0328063964844 205.869140625
380.487060546875 219.50238037109375
399.1942138671875 232.57437133789062
417.1751403808594 245.2234649658203
434.483642578125 257.3265075683594
451.1864929199219 268.94793701171875
467.2156066894531 280.2104797363281
482.62957763671875 290.9474182128906
284.24517822265625 179.0205078125
306.1390380859375 193.87257385253906
327.25262451171875 208.18373107910156
347.5206298828125 221.82418823242188
367.1116638183594 235.14236450195312
385.9232177734375 247.7669219970703
404.1375732421875 260.0711364746094
421.5962219238281 271.7720031738281
438.41790771484375 283.20477294921875
454.612060546875 294.05987548828125
470.2693786621094 304.5440368652344
270.3934020996094 196.1451416015625
292.5014343261719 210.51712036132812
313.6459655761719 224.38258361816406
334.231689453125 237.72409057617188
353.87353515625 250.53802490234375
372.86029052734375 262.8583984375
391.2543640136719 274.7344055175781
408.82257080078125 286.2248229980469
425.8037109375 297.23724365234375
442.2516784667969 307.7490234375
457.9676818847656 317.9730529785156