1 720 1333
521.3883666992188 118.27458190917969
534.6091918945312 137.14590454101562
547.2174072265625 155.00039672851562
559.2077026367188 172.1057891845703
570.5796508789062 188.39015197753906
581.4560546875 203.81983947753906
591.8154296875 218.65261840820312
601.7617797851562 232.81396484375
611.3540649414062 246.4334716796875
620.4547119140625 259.4090270996094
629.2215576171875 271.8312683105469
503.33355712890625 132.77764892578125
517.0599365234375 151.3572235107422
530.1460571289062 168.9126434326172
542.5101318359375 185.7113494873047
554.3982543945312 201.69821166992188
565.6293334960938 216.98878479003906
576.4435424804688 231.5241241455078
586.7164306640625 245.48194885253906
596.632568359375 258.780517578125
606.1075439453125 271.5726013183594
615.1716918945312 283.79595947265625
485.260498046875 147.44387817382812
499.4450378417969 165.62831115722656
512.9393310546875 182.98751831054688
525.8018188476562 199.48045349121094
538.1378173828125 215.2295684814453
549.7638549804688 230.2117156982422
560.9481811523438 244.5011444091797
571.6384887695312 258.2348327636719
581.868408203125 271.3204650878906
591.64990234375 283.7879333496094
601.0762329101562 295.83538818359375
467.0093078613281 162.23757934570312
481.7253112792969 180.1571502685547
495.7169189453125 197.1498565673828
509.0766906738281 213.35765075683594
521.7234497070312 228.7360076904297
533.8236694335938 243.49337768554688
545.4103393554688 257.5277099609375
556.480712890625 270.95928955078125
567.0936279296875 283.8062744140625
577.2354125976562 296.1888427734375
586.8572998046875 307.9485778808594
448.72528076171875 177.09828186035156
463.9601745605469 194.6126708984375
478.4541015625 211.38746643066406
492.2736511230469 227.28269958496094
505.37872314453125 242.42208862304688
517.8324584960938 256.8067321777344
529.80517578125 270.6329040527344
541.3005981445312 283.803955078125
552.2587890625 296.4891357421875
562.6524047851562 308.5300598144531
572.6690673828125 320.1498107910156
430.4075622558594 192.03887939453125
446.1636047363281 209.29795837402344
461.1117248535156 225.64230346679688
475.3457946777344 241.3134765625
488.8703918457031 256.18072509765625
501.79486083984375 270.3267822265625
514.2119140625 283.7835693359375
525.9716186523438 296.7200622558594
537.3299560546875 309.1809387207031
548.1343994140625 320.9783935546875
558.4638061523438 332.33441162109375
411.9499206542969 207.13186645507812
428.2577209472656 223.97994995117188
443.640380859375 240.09228515625
458.3915710449219 255.37417602539062
472.4024963378906 269.8768310546875
485.6984558105469 283.7463684082031
498.481201171875 297.06524658203125
510.63690185546875 309.69873046875
522.3391723632812 321.8070068359375
533.4788818359375 333.4269714355469
544.1884765625 344.53192138671875
393.5091857910156 222.24339294433594
410.2859802246094 238.74444580078125
426.23077392578125 254.52906799316406
441.40484619140625 269.50653076171875
455.8006896972656 283.737548828125
469.5783386230469 297.3702392578125
482.708984375 310.35369873046875
495.3239440917969 322.6983337402344
507.3390197753906 334.5775451660156
518.7426147460938 345.8991394042969
529.7828369140625 356.7284851074219