1 720 1333
431.72137451171875 332.11663818359375
456.6139831542969 332.1219482421875
480.8899841308594 332.1177673339844
504.6033630371094 332.099853515625
527.7612915039062 332.0387878417969
550.4224853515625 331.9508056640625
572.5393676757812 331.8675231933594
594.2465209960938 331.82513427734375
615.3936767578125 331.7583923339844
636.0220947265625 331.6498718261719
656.2421264648438 331.6007080078125
432.3123474121094 349.031494140625
456.4941711425781 348.7684326171875
480.2703552246094 348.5928955078125
503.367431640625 348.48248291015625
525.9721069335938 348.3232421875
548.1121215820312 348.0755310058594
569.716796875 347.7601623535156
590.9228515625 347.597412109375
611.6334838867188 347.4613952636719
631.87841796875 347.2799072265625
651.6976318359375 346.9044494628906
432.66217041015625 365.1940612792969
456.4208984375 364.71453857421875
479.5090026855469 364.4758605957031
502.1783142089844 364.1424255371094
524.3087768554688 363.6849670410156
545.857177734375 363.4455871582031
567.0970458984375 363.1302185058594
587.7835693359375 362.6533508300781
608.1657104492188 362.443603515625
627.9889526367188 362.00396728515625
647.4236450195312 361.6015625
433.2453918457031 380.5196838378906
456.33837890625 380.0794982910156
478.81292724609375 379.5464172363281
500.9657287597656 379.1343078613281
522.5787963867188 378.5687255859375
543.7514038085938 378.1820983886719
564.5175170898438 377.6109619140625
584.8331909179688 377.2367248535156
604.7235107421875 376.6375427246094
624.2540893554688 376.30548095703125
643.3194580078125 375.638427734375
433.5752868652344 395.2283020019531
456.2505187988281 394.5418395996094
478.3199768066406 393.9419250488281
499.83856201171875 393.39892578125
521.0661010742188 392.70361328125
541.7227783203125 392.25274658203125
562.1157836914062 391.5704040527344
582.0096435546875 391.0271911621094
601.527099609375 390.4297790527344
620.6258544921875 389.682861328125
639.3788452148438 389.2478942871094
434.0639343261719 409.2484130859375
456.17181396484375 408.4715881347656
477.6482238769531 407.6581726074219
498.8036193847656 407.05877685546875
519.54638671875 406.38232421875
539.8572387695312 405.58428955078125
559.76513671875 404.90081787109375
579.3331298828125 404.3086853027344
598.453125 403.5511169433594
617.2318115234375 402.7576904296875
635.5465087890625 402.1239318847656
434.47979736328125 422.5425720214844
456.0626525878906 421.6612854003906
477.2254333496094 420.8630676269531
497.8230895996094 420.1455383300781
518.2198486328125 419.33984375
538.0723266601562 418.4678039550781
557.5731201171875 417.6308898925781
576.6768188476562 416.81854248046875
595.4967651367188 416.1488952636719
613.8102416992188 415.3135070800781
631.904296875 414.45025634765625
434.8300476074219 435.40252685546875
455.9677429199219 434.4499816894531
476.6296691894531 433.5264892578125
496.9293518066406 432.5740661621094
516.782470703125 431.6311340332031
536.3649291992188 430.7630615234375
555.4647216796875 429.82305908203125
574.2545776367188 429.02886962890625
592.6123657226562 428.1477355957031
610.6749877929688 427.20281982421875
628.394287109375 426.3326721191406