1 720 1333
568.4324951171875 170.65557861328125
585.765625 179.09243774414062
602.8741455078125 187.33267211914062
619.6653442382812 195.42295837402344
636.2136840820312 203.4019012451172
652.3839111328125 211.2150421142578
668.330322265625 218.8368377685547
683.8595581054688 226.42893981933594
699.3153686523438 233.82357788085938
714.3350830078125 241.17526245117188
729.100341796875 248.33958435058594
561.0999755859375 186.5635986328125
578.3162231445312 194.6841278076172
595.2330322265625 202.66146850585938
611.7655029296875 210.50033569335938
628.11474609375 218.2563018798828
644.1810302734375 225.76541137695312
659.8351440429688 233.26670837402344
675.392333984375 240.56588745117188
690.5748291015625 247.75474548339844
705.5101318359375 254.81387329101562
720.2058715820312 261.76422119140625
553.9574584960938 202.04794311523438
570.9848022460938 209.85731506347656
587.6499633789062 217.59857177734375
604.1116333007812 225.23956298828125
620.2936401367188 232.6626739501953
636.13623046875 240.05238342285156
651.6713256835938 247.25991821289062
667.0538330078125 254.36343383789062
682.120849609375 261.38592529296875
696.8702392578125 268.2315979003906
711.4700927734375 274.958740234375
547.104248046875 217.0556182861328
563.8555908203125 224.6304168701172
580.3836669921875 232.1735382080078
596.6130981445312 239.50372314453125
612.6065063476562 246.7160186767578
628.3616333007812 253.81805419921875
643.7354125976562 260.8136291503906
658.9562377929688 267.7350158691406
673.8533325195312 274.5610656738281
688.5234985351562 281.2679443359375
702.9763793945312 287.7382507324219
540.412109375 231.59356689453125
557.032958984375 239.0133819580078
573.3392944335938 246.29661560058594
589.3916015625 253.4038848876953
605.2266845703125 260.434814453125
620.7003784179688 267.3443908691406
636.058837890625 274.17156982421875
651.1303100585938 280.79296875
665.8446655273438 287.4311218261719
680.447021484375 293.8409729003906
694.669677734375 300.27972412109375
533.9144897460938 245.7297821044922
550.3575439453125 252.91746520996094
566.4617309570312 259.947021484375
582.3990478515625 266.8785095214844
598.024658203125 273.69964599609375
613.3867797851562 280.4447326660156
628.521240234375 287.028076171875
643.4478149414062 293.5414733886719
658.0942993164062 299.9199523925781
672.4774169921875 306.24725341796875
686.6484375 312.3994140625
527.6153564453125 259.5050964355469
543.820068359375 266.460205078125
559.7774047851562 273.3123779296875
575.5196533203125 280.0523376464844
591.0380249023438 286.64080810546875
606.2465209960938 293.19915771484375
621.2626953125 299.5789794921875
635.9917602539062 305.8482360839844
650.4955444335938 312.1492614746094
664.7371215820312 318.2336730957031
678.8134765625 324.2198486328125
521.5440063476562 272.8308410644531
537.5732421875 279.6284484863281
553.3684692382812 286.3144226074219
568.8737182617188 292.77398681640625
584.2345581054688 299.2738342285156
599.3237915039062 305.5706481933594
614.1796264648438 311.74383544921875
628.7398681640625 317.88427734375
643.1548461914062 323.91973876953125
657.338623046875 329.8161315917969
671.2565307617188 335.667724609375