1 720 1333
332.2518310546875 315.3514404296875
352.183349609375 311.4292907714844
372.20465087890625 307.4723815917969
392.34649658203125 303.4911804199219
412.6166076660156 299.5088806152344
432.9951171875 295.4875793457031
453.4610900878906 291.4291076660156
473.9862365722656 287.3745422363281
494.5986022949219 283.3111267089844
515.3375244140625 279.1353454589844
536.13720703125 274.9087219238281
343.0592041015625 330.7969665527344
362.5412902832031 327.059814453125
382.22393798828125 323.2809753417969
401.88775634765625 319.43072509765625
421.72979736328125 315.5554504394531
441.64306640625 311.6420593261719
461.6570739746094 307.74176025390625
481.6988525390625 303.8016357421875
501.85198974609375 299.8614501953125
522.1798095703125 295.82257080078125
542.4967651367188 291.8293762207031
353.419189453125 345.6591796875
372.50799560546875 342.0555725097656
391.7270202636719 338.3760070800781
411.08172607421875 334.63043212890625
430.482177734375 330.8852844238281
449.9470520019531 327.18670654296875
469.5217590332031 323.4045715332031
489.1885681152344 319.5685729980469
508.83709716796875 315.7381591796875
528.6657104492188 311.88653564453125
548.5983276367188 308.0311279296875
363.3647155761719 359.8701477050781
382.1333312988281 356.3955078125
400.89447021484375 352.7989807128906
419.8045349121094 349.28436279296875
438.78533935546875 345.63897705078125
457.8509216308594 342.0184020996094
477.0483703613281 338.3870544433594
496.2997131347656 334.6782531738281
515.55859375 331.0489807128906
534.9671630859375 327.3017272949219
554.469482421875 323.514404296875
372.893310546875 373.55419921875
391.2842102050781 370.1655578613281
409.6524658203125 366.6492919921875
428.23541259765625 363.2395935058594
446.8016662597656 359.73443603515625
465.50408935546875 356.265869140625
484.2779541015625 352.6786804199219
503.0814208984375 349.22021484375
521.9551391601562 345.6214294433594
540.9578857421875 341.95098876953125
560.0968627929688 338.3541564941406
382.08160400390625 386.5955505371094
400.0823059082031 383.3282470703125
418.1622314453125 379.9755554199219
436.3122253417969 376.63726806640625
454.51324462890625 373.3084716796875
472.79931640625 369.8940124511719
491.2100524902344 366.4773864746094
509.6215515136719 363.0802307128906
528.1716918945312 359.5843505859375
546.7784423828125 356.1075439453125
565.4693603515625 352.54010009765625
390.86541748046875 399.2186279296875
408.5041198730469 395.96490478515625
426.2628479003906 392.7100524902344
444.0580749511719 389.5318298339844
461.88299560546875 386.2988586425781
479.7976989746094 382.98211669921875
497.8241882324219 379.64959716796875
515.918212890625 376.3558349609375
534.1248779296875 372.9512939453125
552.3535766601562 369.5669860839844
570.6581420898438 366.18206787109375
399.3636169433594 411.269775390625
416.626953125 408.1695861816406
434.02911376953125 405.0472717285156
451.4963684082031 401.88958740234375
468.97943115234375 398.7052307128906
486.58514404296875 395.5336608886719
504.28436279296875 392.328857421875
522.0001220703125 389.0552673339844
539.772216796875 385.7966003417969
557.68310546875 382.5216064453125
575.6375732421875 379.210205078125