1 720 1333
578.8829956054688 139.4996795654297
592.6048583984375 153.97068786621094
605.8221435546875 167.99075317382812
618.6362915039062 181.5135040283203
631.0444946289062 194.57199096679688
642.9944458007812 207.2574005126953
654.5632934570312 219.46701049804688
665.7830810546875 231.3251495361328
676.6611938476562 242.76602172851562
687.2366333007812 253.87103271484375
697.4419555664062 264.6636047363281
564.4351806640625 152.52871704101562
578.2755126953125 166.64816284179688
591.6156616210938 180.3170928955078
604.5191650390625 193.51686096191406
617.0725708007812 206.307861328125
629.1395263671875 218.59275817871094
640.7935791015625 230.54953002929688
652.236328125 242.1739501953125
663.20458984375 253.4148712158203
673.8096923828125 264.3153076171875
684.2107543945312 274.765380859375
550.2523803710938 165.37648010253906
564.19580078125 179.1831512451172
577.6085815429688 192.46026611328125
590.6681518554688 205.3520050048828
603.3197021484375 217.76153564453125
615.4847412109375 229.80435180664062
627.3356323242188 241.53501892089844
638.7782592773438 252.8277587890625
649.8983154296875 263.81671142578125
660.6658325195312 274.4781494140625
671.176513671875 284.77593994140625
536.3106689453125 177.94569396972656
550.3529663085938 191.4212646484375
563.8864135742188 204.41392517089844
577.0803833007812 216.95497131347656
589.7489624023438 229.18179321289062
602.11328125 240.88792419433594
614.0318603515625 252.37466430664062
625.591796875 263.4281005859375
636.8119506835938 274.2004089355469
647.6904296875 284.5634460449219
658.2930908203125 294.6358337402344
522.60205078125 190.36026000976562
536.75537109375 203.47377014160156
550.4533081054688 216.18190002441406
563.6688232421875 228.43099975585938
576.5000610351562 240.33798217773438
588.89013671875 251.7803497314453
600.960693359375 262.9573669433594
612.6392822265625 273.754638671875
623.978271484375 284.3350830078125
634.9540405273438 294.4774475097656
645.6417236328125 304.3873291015625
509.2438659667969 202.49864196777344
523.4776000976562 215.34837341308594
537.2574462890625 227.65184020996094
550.5298461914062 239.66209411621094
563.4691772460938 251.3125457763672
575.9697875976562 262.52752685546875
588.146728515625 273.4520263671875
599.8694458007812 284.0390625
611.3568115234375 294.3440246582031
622.441162109375 304.26800537109375
633.2307739257812 313.8742370605469
496.1324768066406 214.47817993164062
510.4296875 226.93624877929688
524.301025390625 239.0605010986328
537.6533813476562 250.71884155273438
550.6563720703125 262.12640380859375
563.3164672851562 273.09564208984375
575.5099487304688 283.69140625
587.3819580078125 294.0894470214844
598.872802734375 304.162109375
610.1023559570312 313.8002014160156
620.9318237304688 323.3238220214844
483.2324523925781 226.23158264160156
497.5850830078125 238.4266357421875
511.5280456542969 250.24415588378906
525.040283203125 261.6239013671875
538.1491088867188 272.67926025390625
550.7643432617188 283.4594421386719
563.1444702148438 293.8228454589844
575.091796875 303.93048095703125
586.6495971679688 313.71539306640625
597.9391479492188 323.30078125
608.8641357421875 332.4921569824219