1 720 1333
515.90673828125 231.13145446777344
524.8561401367188 218.07884216308594
534.081787109375 204.73001098632812
543.424072265625 191.1990509033203
552.9692993164062 177.3297576904297
562.73876953125 163.15362548828125
572.734130859375 148.63690185546875
583.0294189453125 133.8822021484375
593.4451904296875 118.78366088867188
604.2079467773438 103.43256378173828
615.1473999023438 87.66911315917969
528.4430541992188 242.39723205566406
537.5097045898438 229.4676971435547
546.7658081054688 216.27438354492188
556.3434448242188 202.75750732421875
566.0502319335938 189.05618286132812
575.927001953125 175.00836181640625
586.1204833984375 160.668701171875
596.4756469726562 146.06088256835938
607.0909423828125 131.144775390625
617.91552734375 115.77984619140625
629.045654296875 100.27287292480469
540.891845703125 253.67886352539062
550.1731567382812 240.83204650878906
559.5524291992188 227.75924682617188
569.231689453125 214.42942810058594
579.0940551757812 200.7742156982422
589.1737060546875 186.88687133789062
599.4619750976562 172.6695098876953
609.912841796875 158.24085998535156
620.6636962890625 143.39373779296875
631.6793823242188 128.3052520751953
642.9835205078125 112.74256896972656
553.4347534179688 265.0124816894531
562.7201538085938 252.3415069580078
572.3506469726562 239.35189819335938
582.1388549804688 226.1413116455078
592.16015625 212.585693359375
602.3584594726562 198.78805541992188
612.7348022460938 184.73236083984375
623.4371337890625 170.39878845214844
634.3676147460938 155.67417907714844
645.5252685546875 140.64999389648438
656.8980712890625 125.39459991455078
565.898193359375 276.3850402832031
575.4252319335938 263.7102355957031
585.148681640625 250.8768310546875
595.0502319335938 237.7339630126953
605.2188720703125 224.39698791503906
615.5394287109375 210.6992645263672
626.1608276367188 196.7523956298828
636.9204711914062 182.53765869140625
648.0096435546875 167.99484252929688
659.3492431640625 153.21348571777344
670.8679809570312 137.9722442626953
578.4590454101562 287.6645202636719
588.0892333984375 275.275390625
597.8684692382812 262.4758605957031
607.9733276367188 249.49305725097656
618.2882080078125 236.25607299804688
628.7269287109375 222.6444091796875
639.5128784179688 208.83026123046875
650.4791259765625 194.73825073242188
661.648681640625 180.36215209960938
673.1976318359375 165.61550903320312
684.8628540039062 150.57997131347656
590.9574584960938 299.12030029296875
600.714111328125 286.6645812988281
610.683349609375 274.11956787109375
620.8671264648438 261.2039489746094
631.387939453125 248.0450439453125
642.0010986328125 234.59815979003906
652.8707885742188 220.91357421875
664.0188598632812 206.9150848388672
675.3921508789062 192.6609649658203
687.0072021484375 178.1505584716797
698.8425903320312 163.2595977783203
603.5000610351562 310.4657287597656
613.4212646484375 298.2431335449219
623.5109252929688 285.66229248046875
633.8422241210938 272.9048156738281
644.4627075195312 259.8387451171875
655.2920532226562 246.59725952148438
666.3255004882812 233.0349578857422
677.5546264648438 219.21315002441406
689.109375 205.0525360107422
700.8564453125 190.5740509033203
712.87939453125 175.80433654785156