1 720 1333
509.10687255859375 166.07264709472656
528.8723754882812 173.21022033691406
548.0665283203125 180.07179260253906
566.47900390625 186.63821411132812
584.2196044921875 193.04368591308594
601.285400390625 199.1979522705078
617.6771850585938 205.1259002685547
633.6382446289062 210.80215454101562
649.0965576171875 216.32411193847656
663.89013671875 221.74508666992188
678.2996826171875 226.89593505859375
508.2168884277344 184.6287841796875
528.314453125 191.47634887695312
547.529296875 198.06655883789062
566.1939697265625 204.37718200683594
584.124755859375 210.46868896484375
601.3472290039062 216.37168884277344
617.91845703125 222.04551696777344
634.0894775390625 227.47207641601562
649.6088256835938 232.7949676513672
664.5310668945312 237.8477783203125
679.1486206054688 242.90110778808594
507.296142578125 203.60202026367188
527.5242309570312 210.17401123046875
547.1066284179688 216.43130493164062
565.7800903320312 222.44296264648438
583.9244384765625 228.28855895996094
601.4539794921875 233.88992309570312
618.2719116210938 239.29591369628906
634.4837036132812 244.51255798339844
650.2393798828125 249.49539184570312
665.3264770507812 254.46530151367188
679.7800903320312 259.1644287109375
506.33514404296875 223.08779907226562
526.7735595703125 229.26766967773438
546.5484008789062 235.2264404296875
565.5722045898438 240.904296875
583.864990234375 246.48886108398438
601.50439453125 251.72727966308594
618.5274047851562 256.9212951660156
634.8958129882812 261.81256103515625
650.7042846679688 266.6291809082031
665.9827270507812 271.3041687011719
680.6483154296875 275.7432556152344
505.3756103515625 242.86102294921875
526.2334594726562 248.7429656982422
546.1383666992188 254.411865234375
565.4078369140625 259.8120422363281
583.7685546875 265.05792236328125
601.6110229492188 270.1209716796875
618.7442016601562 274.85833740234375
635.4337158203125 279.61968994140625
651.38623046875 284.12786865234375
666.667236328125 288.51153564453125
681.5902099609375 292.71209716796875
504.4103088378906 263.2633056640625
525.4592895507812 268.6976623535156
545.5807495117188 274.0838928222656
565.0897216796875 279.15093994140625
583.7115478515625 284.0889587402344
601.71826171875 288.7317810058594
619.2135009765625 293.382080078125
635.7640991210938 297.67431640625
651.94580078125 301.9039001464844
667.4983520507812 306.0892333984375
682.466796875 310.01776123046875
503.43817138671875 284.0076599121094
524.6901245117188 289.1832275390625
545.2261352539062 294.1263732910156
564.8085327148438 298.8734130859375
583.6597290039062 303.4520263671875
601.8641357421875 307.8531494140625
619.4171752929688 312.163330078125
636.3530883789062 316.2354431152344
652.5252685546875 320.1999816894531
668.2864379882812 323.93768310546875
683.3681640625 327.6289978027344
502.47894287109375 305.3279724121094
524.0889892578125 310.0623474121094
544.6992797851562 314.6406555175781
564.5812377929688 319.04620361328125
583.62939453125 323.3275451660156
602.0614624023438 327.3843994140625
619.6668701171875 331.3002624511719
636.6970825195312 335.0943603515625
653.2340087890625 338.6699523925781
668.9105834960938 342.2735595703125
684.2210083007812 345.6142578125