1 720 1333
573.939208984375 211.6098175048828
585.2876586914062 227.14486694335938
595.9620971679688 241.81153869628906
606.181396484375 255.77003479003906
615.8137817382812 269.179931640625
625.0949096679688 281.7769775390625
633.8630981445312 293.9077453613281
642.3357543945312 305.47454833984375
650.3782348632812 316.53497314453125
658.05419921875 327.0895690917969
665.3873291015625 337.2012634277344
556.454833984375 226.1436767578125
568.2509765625 241.308349609375
579.4003295898438 255.6328887939453
590.0000610351562 269.3699951171875
600.1461181640625 282.3766784667969
609.7025756835938 294.7204284667969
618.895263671875 306.5743103027344
627.6830444335938 317.8825378417969
636.1407470703125 328.6827392578125
644.1582641601562 339.02142333984375
651.7323608398438 348.8741149902344
538.8311157226562 240.663818359375
551.1730346679688 255.50299072265625
562.7284545898438 269.5528564453125
573.773681640625 282.9108581542969
584.3677368164062 295.6394958496094
594.3837890625 307.7380676269531
603.9047241210938 319.365478515625
613.1199951171875 330.3890380859375
621.797119140625 340.9278869628906
630.2218627929688 351.00225830078125
638.184814453125 360.60888671875
521.2776489257812 255.3848876953125
533.987060546875 269.782958984375
546.1151733398438 283.5326843261719
557.5708618164062 296.596435546875
568.5324096679688 309.0291748046875
578.9241333007812 320.8207092285156
588.889404296875 332.169921875
598.42822265625 342.89642333984375
607.5313720703125 353.25189208984375
616.2388305664062 363.0547790527344
624.4818725585938 372.4517822265625
503.5916442871094 270.09326171875
516.8223876953125 284.2371826171875
529.4144897460938 297.5710144042969
541.3629150390625 310.339599609375
552.6682739257812 322.4671325683594
563.5221557617188 333.9461669921875
573.8155517578125 344.96466064453125
583.7173461914062 355.4878845214844
593.2119750976562 365.52587890625
602.207763671875 375.0962219238281
610.7492065429688 384.2733154296875
485.89947509765625 284.8369140625
499.6328125 298.6180725097656
512.6539306640625 311.6672668457031
525.0730590820312 324.1405944824219
536.7988891601562 335.8758239746094
548.0804443359375 347.16351318359375
558.7335205078125 357.80810546875
569.013671875 368.1313171386719
578.76025390625 377.8294677734375
588.1582641601562 387.201416015625
597.0659790039062 396.0776672363281
468.2732238769531 299.6968994140625
482.4667053222656 313.1377258300781
495.925537109375 325.7793884277344
508.7259826660156 337.89739990234375
520.9578857421875 349.4214782714844
532.5613403320312 360.3337097167969
543.6505126953125 370.7093505859375
554.2662353515625 380.6466369628906
564.3943481445312 390.2181701660156
574.0372924804688 399.2610778808594
583.3234252929688 407.8532409667969
450.49017333984375 314.604248046875
465.2444763183594 327.62713623046875
479.23895263671875 340.0233459472656
492.466796875 351.73394775390625
505.1089782714844 362.873046875
517.1516723632812 373.5177307128906
528.53662109375 383.6139221191406
539.4926147460938 393.3209533691406
549.939208984375 402.48992919921875
559.89404296875 411.31024169921875
569.50146484375 419.628662109375