1 720 1333
531.7479858398438 218.7062225341797
546.8894653320312 212.37525939941406
562.3172607421875 205.798095703125
578.0226440429688 199.2901611328125
593.9737548828125 192.55616760253906
610.2320556640625 185.72972106933594
626.7144165039062 178.82955932617188
643.5430908203125 171.83885192871094
660.6583251953125 164.69415283203125
678.1415405273438 157.47874450683594
695.7957153320312 150.17369079589844
540.7467651367188 233.89447021484375
555.7347412109375 227.73760986328125
571.0504760742188 221.50210571289062
586.5800170898438 215.18692016601562
602.4036254882812 208.66024780273438
618.4957885742188 202.13241577148438
634.80859375 195.465087890625
651.4857788085938 188.67181396484375
668.4175415039062 181.8201141357422
685.610595703125 174.83547973632812
703.160400390625 167.74229431152344
549.5390625 248.70272827148438
564.4108276367188 242.73187255859375
579.5043334960938 236.69015502929688
594.8964233398438 230.58790588378906
610.5921020507812 224.3571014404297
626.502197265625 218.02178955078125
642.702880859375 211.59799194335938
659.2261962890625 205.08551025390625
675.9307250976562 198.47084045410156
692.9371337890625 191.68038940429688
710.3025512695312 184.83868408203125
558.0842895507812 263.1748352050781
572.7786865234375 257.4111022949219
587.7604370117188 251.56141662597656
603.0321655273438 245.60134887695312
618.5264282226562 239.59950256347656
634.3428955078125 233.48426818847656
650.4008178710938 227.31410217285156
666.654296875 220.99893188476562
683.2766723632812 214.61917114257812
700.1546020507812 208.13772583007812
717.2443237304688 201.5520782470703
566.4105834960938 277.2099609375
580.9492797851562 271.6201477050781
595.793212890625 265.9593200683594
610.9375610351562 260.2976379394531
626.3563232421875 254.4336700439453
641.8868408203125 248.54747009277344
657.764892578125 242.55970764160156
673.921630859375 236.4983673095703
690.372802734375 230.34645080566406
707.0382080078125 224.10107421875
723.9387817382812 217.68185424804688
574.4797973632812 290.8410949707031
588.9259033203125 285.5084228515625
603.640625 280.0975036621094
618.6282348632812 274.5406494140625
633.8355102539062 268.9098815917969
649.3629760742188 263.24951171875
665.0728759765625 257.4570007324219
681.002197265625 251.56268310546875
697.275634765625 245.63027954101562
713.7001953125 239.59780883789062
730.4906005859375 233.4579315185547
582.4115600585938 304.2296142578125
596.6958618164062 299.06256103515625
611.3153076171875 293.7337951660156
626.1621704101562 288.42974853515625
641.2525634765625 282.990234375
656.5051879882812 277.4888000488281
672.1431884765625 271.8774719238281
687.9044189453125 266.27752685546875
703.96826171875 260.4921875
720.3097534179688 254.62887573242188
736.7989501953125 248.71585083007812
590.0961303710938 317.25091552734375
604.3279418945312 312.2256164550781
618.7191162109375 307.18939208984375
633.4343872070312 301.9565124511719
648.3945922851562 296.69921875
663.5222778320312 291.4180603027344
678.9681396484375 286.0100402832031
694.6275634765625 280.51953125
710.5076904296875 274.9080810546875
726.6517944335938 269.3048095703125
743.0174560546875 263.5310363769531