1 720 1333
478.243408203125 116.53160858154297
500.50494384765625 130.65382385253906
521.6751708984375 144.19552612304688
541.9722900390625 157.06983947753906
561.3543090820312 169.359619140625
579.7208251953125 181.16371154785156
597.4622802734375 192.37168884277344
614.4412841796875 203.22267150878906
630.58056640625 213.4083709716797
646.2540893554688 223.46560668945312
661.138671875 232.96087646484375
473.81292724609375 135.38108825683594
496.6322937011719 149.3437957763672
518.3727416992188 162.56910705566406
538.98486328125 175.2501220703125
558.716552734375 187.3378448486328
577.5745849609375 198.79176330566406
595.6019287109375 209.9071044921875
612.8019409179688 220.4298858642578
629.4611206054688 230.61244201660156
645.266845703125 240.32974243164062
660.4503173828125 249.65097045898438
469.40234375 154.86912536621094
492.6850280761719 168.57565307617188
514.8607788085938 181.6290740966797
535.986572265625 194.08949279785156
556.1825561523438 205.87977600097656
575.4096069335938 217.27685546875
593.68505859375 227.94644165039062
611.376220703125 238.40943908691406
628.217529296875 248.23806762695312
644.3199462890625 257.7295227050781
659.6220703125 266.8631591796875
464.70733642578125 175.2379150390625
488.6100158691406 188.620361328125
511.32843017578125 201.4190673828125
532.8848266601562 213.56527709960938
553.4697265625 225.23057556152344
573.0671997070312 236.18963623046875
591.770751953125 246.7554168701172
609.6776733398438 256.7637023925781
626.8287963867188 266.4694519042969
643.3236694335938 275.7390441894531
658.865966796875 284.6049499511719
459.9006652832031 196.33058166503906
484.4291687011719 209.4620361328125
507.5982360839844 221.88973999023438
529.6876220703125 233.78993225097656
550.64892578125 245.0881805419922
570.662841796875 255.83546447753906
589.7564086914062 266.1005554199219
608.1346435546875 275.919189453125
625.5665283203125 285.3332214355469
642.2565307617188 294.34869384765625
658.2366943359375 303.023681640625
454.9453430175781 218.33395385742188
480.04132080078125 231.09445190429688
503.76007080078125 243.28839111328125
526.392578125 254.7469024658203
547.8211059570312 265.75738525390625
568.2571411132812 276.2339782714844
587.684326171875 286.21917724609375
606.445068359375 295.7044372558594
624.25244140625 304.780517578125
641.262451171875 313.56353759765625
657.3801879882812 321.83673095703125
449.7550964355469 241.13792419433594
475.53369140625 253.57406616210938
499.8014221191406 265.3765869140625
522.940673828125 276.5669250488281
544.8268432617188 287.21942138671875
565.7080078125 297.385009765625
585.604736328125 306.9984436035156
604.5719604492188 316.2201232910156
622.7078247070312 324.99285888671875
639.9906616210938 333.3931579589844
656.5360717773438 341.486328125
444.5132141113281 264.9228820800781
470.85791015625 276.95745849609375
495.7729187011719 288.4023742675781
519.4347534179688 299.20977783203125
541.8319091796875 309.50567626953125
563.1936645507812 319.27886962890625
583.4679565429688 328.53271484375
602.7433471679688 337.4309997558594
621.3154296875 345.8000183105469
638.767578125 353.9337463378906
655.6154174804688 361.64215087890625