1 720 1333
809.3715209960938 62.050655364990234
806.5645141601562 82.66110229492188
803.677978515625 103.29390716552734
800.9112548828125 123.75035095214844
798.1705932617188 144.21755981445312
795.3858032226562 164.48936462402344
792.5936889648438 184.61184692382812
789.8125 204.65985107421875
787.1553955078125 224.59739685058594
784.3392333984375 244.45973205566406
781.5831909179688 264.1784362792969
792.54345703125 56.57722091674805
789.7592163085938 77.53265380859375
786.9476928710938 98.47235870361328
784.2293090820312 119.24394226074219
781.454833984375 139.92498779296875
778.6258544921875 160.45652770996094
775.9164428710938 180.9038543701172
773.2511596679688 201.2793731689453
770.5215454101562 221.46084594726562
767.729248046875 241.5200653076172
765.0457763671875 261.5182189941406
775.362548828125 51.078590393066406
772.5285034179688 72.33052062988281
769.7622680664062 93.47270965576172
767.0527954101562 114.55537414550781
764.2986450195312 135.51348876953125
761.51123046875 156.40243530273438
758.7522583007812 177.11936950683594
756.1709594726562 197.67259216308594
753.4614868164062 218.21128845214844
750.708984375 238.56048583984375
748.0477905273438 258.8133239746094
757.5433959960938 45.32939529418945
754.83642578125 66.85747528076172
752.088623046875 88.38999938964844
749.419677734375 109.71765899658203
746.6256713867188 131.03884887695312
743.8604125976562 152.1566619873047
741.2780151367188 173.1851806640625
738.5399780273438 194.08474731445312
735.8782958984375 214.81761169433594
733.2250366210938 235.49644470214844
730.4954833984375 256.1165771484375
739.4131469726562 39.477718353271484
736.6333618164062 61.36610794067383
733.8968505859375 83.17955017089844
731.2688598632812 104.79153442382812
728.5049438476562 126.41165924072266
725.7893676757812 147.78884887695312
723.1296997070312 169.1503448486328
720.4918212890625 190.37481689453125
717.8087158203125 211.42950439453125
715.1821899414062 232.39645385742188
712.4814453125 253.2677764892578
720.6095581054688 33.44765090942383
717.9417114257812 55.62574005126953
715.2785034179688 77.74310302734375
712.5702514648438 99.76606750488281
709.843505859375 121.63982391357422
707.2067260742188 143.42335510253906
704.546875 165.0178985595703
701.8322143554688 186.5366668701172
699.3153076171875 207.927001953125
696.5601196289062 229.24700927734375
693.9046630859375 250.3818817138672
701.408203125 27.336549758911133
698.6919555664062 49.74550247192383
696.0304565429688 72.29039764404297
693.386962890625 94.57689666748047
690.673095703125 116.7931137084961
688.0700073242188 138.84884643554688
685.4102783203125 160.83485412597656
682.71728515625 182.65296936035156
680.13720703125 204.3734588623047
677.456787109375 225.94607543945312
674.7924194335938 247.4138641357422
681.5332641601562 20.964263916015625
678.8787841796875 43.79930114746094
676.2593994140625 66.59027862548828
673.5675048828125 89.32049560546875
670.9043579101562 111.76683044433594
668.3123168945312 134.29891967773438
665.616943359375 156.52464294433594
663.05859375 178.69630432128906
660.4248046875 200.69361877441406
657.7503051757812 222.6061553955078
655.2374267578125 244.41403198242188