1 720 1333
513.222900390625 242.06170654296875
531.7034912109375 238.8253173828125
550.2320556640625 235.7102813720703
568.6366577148438 232.60269165039062
587.1259155273438 229.4982452392578
605.4847412109375 226.4450225830078
623.8079833984375 223.36936950683594
642.153564453125 220.33558654785156
660.3814697265625 217.31581115722656
678.5126342773438 214.3434600830078
696.618896484375 211.3666534423828
517.1558837890625 260.591064453125
535.5193481445312 257.4534912109375
553.849365234375 254.32444763183594
572.2679443359375 251.19432067871094
590.5547485351562 248.0937957763672
608.7764892578125 244.9861297607422
627.052490234375 241.85504150390625
645.2432250976562 238.80343627929688
663.3787231445312 235.76051330566406
681.4237670898438 232.7802734375
699.4539184570312 229.8042755126953
520.9724731445312 279.0126037597656
539.3035888671875 275.7878112792969
557.5178833007812 272.6628112792969
575.712646484375 269.5292053222656
593.942626953125 266.40484619140625
612.1312255859375 263.3265380859375
630.2798461914062 260.2377014160156
648.334716796875 257.1863708496094
666.3818969726562 254.1189727783203
684.3432006835938 251.1372833251953
702.2618408203125 248.163330078125
524.7944946289062 297.196044921875
542.9912719726562 293.9836120605469
561.1510620117188 290.8092956542969
579.2473754882812 287.6714782714844
597.3514404296875 284.5610046386719
615.394287109375 281.4669189453125
633.4185791015625 278.39288330078125
651.3889770507812 275.31280517578125
669.31298828125 272.25897216796875
687.2239990234375 269.2336730957031
704.9313354492188 266.2427673339844
528.6090087890625 315.1424255371094
546.6522216796875 311.9647216796875
564.6661987304688 308.78094482421875
582.6791381835938 305.633544921875
600.640869140625 302.5018615722656
618.6093139648438 299.4333801269531
636.5248413085938 296.3327331542969
654.414306640625 293.2615966796875
672.2365112304688 290.19439697265625
690.0056762695312 287.1472473144531
707.6384887695312 284.15960693359375
532.418701171875 332.83526611328125
550.3284301757812 329.7109375
568.2598876953125 326.5315246582031
586.1583251953125 323.45208740234375
604.0221557617188 320.3419494628906
621.7910766601562 317.20989990234375
639.6150512695312 314.0927429199219
657.3851318359375 310.99627685546875
675.153564453125 307.9007263183594
692.7220458984375 304.8387756347656
710.3477783203125 301.76751708984375
536.1268310546875 350.4554138183594
553.9462280273438 347.27545166015625
571.6820678710938 344.1576843261719
589.5338134765625 340.97662353515625
607.2905883789062 337.8545837402344
625.0241088867188 334.71490478515625
642.6632080078125 331.6283874511719
660.4000854492188 328.5390319824219
677.9307250976562 325.4703369140625
695.526123046875 322.3995361328125
712.9505004882812 319.3438720703125
539.7973022460938 367.7121276855469
557.5150756835938 364.61932373046875
575.259521484375 361.46502685546875
592.8955078125 358.35821533203125
610.5510864257812 355.2775573730469
628.2011108398438 352.1332702636719
645.751220703125 348.9830627441406
663.316650390625 345.8495178222656
680.75390625 342.7417907714844
698.2259521484375 339.67822265625
715.5517578125 336.6059875488281