1 720 1333
575.0491333007812 482.46728515625
589.7762451171875 482.1017761230469
604.5309448242188 481.5851135253906
619.3770141601562 481.2097473144531
634.164306640625 480.6708679199219
648.8229370117188 480.3160400390625
663.6145629882812 479.6689758300781
678.483154296875 479.2782287597656
693.2821044921875 478.6366271972656
708.0662231445312 478.2391662597656
722.7423706054688 477.5604553222656
573.7908935546875 494.8376770019531
588.7297973632812 494.4691467285156
603.7607421875 494.0676574707031
618.7249145507812 493.58721923828125
633.7806396484375 493.1770935058594
648.7748413085938 492.6141052246094
663.8045043945312 492.24102783203125
678.864013671875 491.5804138183594
693.8869018554688 491.05816650390625
708.9480590820312 490.50286865234375
723.9695434570312 489.9427795410156
572.4779663085938 507.6390380859375
587.68505859375 507.3501892089844
602.9889526367188 506.82470703125
618.3163452148438 506.4194030761719
633.4969482421875 505.8941955566406
648.7317504882812 505.4769592285156
664.0980834960938 504.8943176269531
679.384033203125 504.4369201660156
694.5851440429688 503.76171875
709.8931274414062 503.37225341796875
725.2130126953125 502.6875305175781
571.1909790039062 520.9784545898438
586.6068725585938 520.5369262695312
602.2041015625 520.2013549804688
617.6563720703125 519.6289672851562
633.275146484375 519.2520141601562
648.6666259765625 518.6639404296875
664.3563232421875 518.2677612304688
679.7491455078125 517.5799560546875
695.3816528320312 517.0714721679688
710.8610229492188 516.4995727539062
726.4261474609375 515.9365844726562
569.6911010742188 534.7008056640625
585.501953125 534.3453369140625
601.3241577148438 533.7664184570312
617.1524047851562 533.4224243164062
632.8306274414062 532.8497924804688
648.6552124023438 532.4331665039062
664.50537109375 531.7989501953125
680.3681030273438 531.3707885742188
696.156982421875 530.699951171875
711.8582153320312 530.2742309570312
727.6709594726562 529.5840454101562
568.3427734375 548.9325561523438
584.3848266601562 548.5051879882812
600.4366455078125 548.1030883789062
616.4913940429688 547.5449829101562
632.5366821289062 547.1068115234375
648.5745849609375 546.5723266601562
664.6639404296875 546.1036987304688
680.7294921875 545.5108032226562
696.8561401367188 544.878662109375
712.9736938476562 544.3740844726562
729.046142578125 543.679443359375
566.7538452148438 563.6264038085938
583.2005004882812 563.2924194335938
599.4707641601562 562.7137451171875
615.7776489257812 562.3448486328125
632.2817993164062 561.7080688476562
648.5570678710938 561.3330078125
664.9531860351562 560.702392578125
681.3649291992188 560.2529907226562
697.6527709960938 559.5543212890625
714.0909423828125 559.0260620117188
730.4222412109375 558.4324951171875
565.2769165039062 578.9321899414062
581.818603515625 578.4918823242188
598.5199584960938 578.0330200195312
615.2483520507812 577.5157470703125
631.7947998046875 577.0073852539062
648.505126953125 576.4885864257812
665.2736206054688 575.9500732421875
681.7931518554688 575.4329223632812
698.5436401367188 574.7589721679688
715.2355346679688 574.29931640625
731.8275146484375 573.60986328125