1 720 1333
567.4057006835938 362.51202392578125
583.3966674804688 360.9609375
599.0944213867188 359.4784851074219
614.5845947265625 357.9691162109375
629.86572265625 356.5240173339844
644.9765625 355.1296081542969
659.8259887695312 353.60870361328125
674.5997924804688 352.3063049316406
689.101806640625 350.757080078125
703.3878173828125 349.4583740234375
717.4585571289062 348.1014709472656
569.4888916015625 378.1997985839844
585.4458618164062 376.5154113769531
601.2869262695312 374.8551940917969
616.759033203125 373.3440856933594
632.203125 371.65545654296875
647.3431396484375 370.1951904296875
662.3232421875 368.5792541503906
677.032958984375 367.0479431152344
691.5986328125 365.53955078125
705.8715209960938 364.0981140136719
720.0521850585938 362.5586242675781
571.4993896484375 393.9554138183594
587.5917358398438 392.2652282714844
603.4269409179688 390.48822021484375
619.0960693359375 388.6871643066406
634.4879760742188 387.05206298828125
649.6962280273438 385.3919677734375
664.6774291992188 383.6581726074219
679.5401611328125 382.08721923828125
694.1561279296875 380.4124755859375
708.4967651367188 378.7294006347656
722.6502685546875 377.27716064453125
573.6172485351562 409.9282531738281
589.7155151367188 408.0765380859375
605.6488037109375 406.24267578125
621.3662719726562 404.36810302734375
636.8131713867188 402.52154541015625
652.1165161132812 400.7070617675781
667.2179565429688 398.88189697265625
682.0592651367188 397.19732666015625
696.6660766601562 395.43536376953125
711.1441040039062 393.6590576171875
725.3228149414062 391.961181640625
575.708251953125 426.04510498046875
591.918212890625 424.0440368652344
607.8858032226562 422.0619812011719
623.62451171875 420.1174011230469
639.2505493164062 418.164306640625
654.533935546875 416.2585754394531
669.6428833007812 414.3277893066406
684.5343017578125 412.443115234375
699.292236328125 410.52899169921875
713.6683959960938 408.6701354980469
727.9342041015625 406.8641052246094
577.867919921875 442.3415832519531
594.218505859375 440.169189453125
610.216552734375 438.0985107421875
626.0172119140625 435.971435546875
641.5775146484375 433.86224365234375
656.9439086914062 431.8401184082031
672.1605224609375 429.7888488769531
687.1278686523438 427.7708740234375
701.78466796875 425.7820739746094
716.3583374023438 423.8445129394531
730.5968627929688 421.90576171875
580.1309204101562 458.6670227050781
596.4292602539062 456.4615478515625
612.5175170898438 454.2208251953125
628.3564453125 451.970947265625
644.0570678710938 449.793701171875
659.4317016601562 447.5934753417969
674.644287109375 445.4709167480469
689.62158203125 443.36273193359375
704.4553833007812 441.2512512207031
718.9776000976562 439.18975830078125
733.3646240234375 437.1145324707031
582.3358154296875 475.2736511230469
598.67919921875 472.8158874511719
614.8138427734375 470.49560546875
630.7674560546875 468.1524658203125
646.4561157226562 465.7885437011719
661.923828125 463.5243835449219
677.2225952148438 461.2819519042969
692.2634887695312 459.0025939941406
707.04833984375 456.7084655761719
721.59375 454.56158447265625
735.9959716796875 452.412109375