1 720 1333
519.1657104492188 272.1624450683594
538.5879516601562 270.3822021484375
558.0228271484375 268.57977294921875
577.422119140625 266.8297119140625
596.6384887695312 265.22821044921875
615.86083984375 263.5081481933594
635.0779418945312 261.7877197265625
654.2015380859375 260.2499084472656
673.1759643554688 258.53521728515625
692.082275390625 256.9481506347656
710.8139038085938 255.46311950683594
520.585693359375 290.91082763671875
540.1287231445312 289.2087097167969
559.5911865234375 287.4027099609375
579.039306640625 285.5981140136719
598.4229125976562 283.8079833984375
617.6602783203125 282.1819763183594
636.9213256835938 280.4631652832031
656.1389770507812 278.6754455566406
675.22998046875 277.05548095703125
694.1983642578125 275.4391174316406
713.0621948242188 273.7314758300781
522.0512084960938 309.92950439453125
541.6370239257812 308.1727294921875
561.2482299804688 306.340576171875
580.6648559570312 304.50048828125
600.2275390625 302.6588439941406
619.5438842773438 300.8924865722656
638.7836303710938 299.201171875
658.1508178710938 297.4456787109375
677.2686767578125 295.6449890136719
696.3115844726562 293.9810791015625
715.2890625 292.35150146484375
523.5386962890625 329.1963195800781
543.2716674804688 327.3022155761719
562.7838745117188 325.4100646972656
582.4304809570312 323.550537109375
601.9364013671875 321.6717834472656
621.3865966796875 319.83135986328125
640.7567138671875 318.1178894042969
660.0916748046875 316.3050842285156
679.3624267578125 314.4704284667969
698.4308471679688 312.7060546875
717.4719848632812 311.0148010253906
525.0847778320312 348.4593200683594
544.7388305664062 346.513427734375
564.4906005859375 344.608642578125
584.1638793945312 342.6689147949219
603.6906127929688 340.8109436035156
623.3185424804688 339.0145568847656
642.6876831054688 337.1653137207031
662.1593017578125 335.3326416015625
681.4215087890625 333.4693908691406
700.5874633789062 331.59613037109375
719.619384765625 329.7995300292969
526.5586547851562 367.86407470703125
546.4093017578125 365.947509765625
566.2125244140625 364.0780029296875
585.8328857421875 362.1525573730469
605.5515747070312 360.2487487792969
625.2075805664062 358.2953796386719
644.657958984375 356.3935241699219
664.2007446289062 354.4603271484375
683.49560546875 352.54345703125
702.7056884765625 350.6886901855469
721.9143676757812 348.8094482421875
528.2384033203125 387.5103759765625
548.04833984375 385.50555419921875
567.8384399414062 383.5406494140625
587.645263671875 381.59210205078125
607.4327392578125 379.6108703613281
627.0872192382812 377.624755859375
646.6454467773438 375.68365478515625
666.22998046875 373.69537353515625
685.5794677734375 371.788818359375
704.8908081054688 369.8556213378906
724.2097778320312 367.9570617675781
529.70263671875 407.318359375
549.697021484375 405.3051452636719
569.5817260742188 403.2741394042969
589.4793090820312 401.29351806640625
609.3197021484375 399.28240966796875
629.050048828125 397.2579040527344
648.6423950195312 395.2724914550781
668.3168334960938 393.27130126953125
687.7084350585938 391.2822570800781
707.2025146484375 389.2861633300781
726.4097900390625 387.3143005371094