1 720 1333
570.4583740234375 488.52276611328125
585.3423461914062 487.70941162109375
599.9779052734375 487.06494140625
614.7014770507812 486.3535461425781
629.4636840820312 485.5412902832031
644.267333984375 484.71221923828125
658.7990112304688 483.9190979003906
673.5209350585938 483.1961975097656
688.2081909179688 482.341552734375
702.7496337890625 481.5318298339844
717.332763671875 480.6275329589844
569.6480712890625 500.63665771484375
584.6157836914062 499.8186340332031
599.6683959960938 499.13214111328125
614.6161499023438 498.3487548828125
629.630615234375 497.5165710449219
644.578857421875 496.68707275390625
659.5792846679688 495.8261413574219
674.45556640625 495.048583984375
689.3983154296875 494.262451171875
704.2053833007812 493.39727783203125
719.0086059570312 492.494140625
568.7081909179688 513.2051391601562
584.1316528320312 512.390380859375
599.3741455078125 511.5458068847656
614.5986938476562 510.68414306640625
629.7650756835938 509.84527587890625
645.1434326171875 509.0946044921875
660.3238525390625 508.3016052246094
675.458740234375 507.4090881347656
690.5485229492188 506.44976806640625
705.62451171875 505.5851745605469
720.69677734375 504.6683044433594
567.8306274414062 526.1751708984375
583.44189453125 525.3361206054688
599.0645141601562 524.4497680664062
614.5269775390625 523.5803833007812
630.118896484375 522.6871948242188
645.5159912109375 521.7973022460938
661.0338745117188 520.975830078125
676.4529418945312 520.11962890625
691.8282470703125 519.2200317382812
707.2646484375 518.3236083984375
722.5494995117188 517.4056396484375
566.9525756835938 539.5219116210938
582.7670288085938 538.6209106445312
598.6033325195312 537.716552734375
614.494384765625 536.8326416015625
630.3314819335938 536.0219116210938
646.0362548828125 535.151611328125
661.7223510742188 534.2623901367188
677.484375 533.3226928710938
693.2052001953125 532.3377075195312
708.767578125 531.435546875
724.3976440429688 530.4555053710938
565.9920043945312 553.4723510742188
582.1893310546875 552.51025390625
598.3394775390625 551.5726318359375
614.4343872070312 550.6587524414062
630.5026245117188 549.7059326171875
646.5164794921875 548.7960205078125
662.5571899414062 547.855224609375
678.5328369140625 546.868896484375
694.52685546875 545.9094848632812
710.4439697265625 544.96044921875
726.3539428710938 544.0829467773438
565.0133666992188 567.7852172851562
581.487060546875 566.8413696289062
597.8423461914062 565.9365844726562
614.3751220703125 564.996337890625
630.65380859375 564.1068725585938
647.12744140625 563.1194458007812
663.4148559570312 562.1734008789062
679.64111328125 561.15966796875
695.9517211914062 560.1672973632812
712.2020263671875 559.1161499023438
728.3533935546875 558.1565551757812
563.9564819335938 582.7650756835938
580.6597900390625 581.7576904296875
597.4971923828125 580.7880859375
614.2913208007812 579.797119140625
630.9562377929688 578.82275390625
647.569091796875 577.8184814453125
664.3304443359375 576.81640625
680.8010864257812 575.78125
697.4318237304688 574.7515869140625
713.932861328125 573.7305908203125
730.4202880859375 572.70458984375