1 720 1333
479.10015869140625 108.29029846191406
492.0499267578125 103.61810302734375
505.3631591796875 98.97956848144531
519.157470703125 94.19143676757812
533.3453369140625 89.28650665283203
548.00244140625 84.20516967773438
563.1796875 78.90546417236328
578.7586059570312 73.49932098388672
594.9844970703125 67.84596252441406
611.7543334960938 62.19636154174805
629.1741333007812 56.29352569580078
477.0854187011719 124.84484100341797
489.951904296875 120.6197738647461
503.4260559082031 116.17594146728516
517.1866455078125 111.5848617553711
531.4412231445312 106.83928680419922
546.1776123046875 102.07460021972656
561.3980712890625 97.05299377441406
577.0601806640625 91.87211608886719
593.33154296875 86.54491424560547
610.1846923828125 81.1204833984375
627.5838012695312 75.45884704589844
474.9069519042969 141.82791137695312
487.9483947753906 137.65086364746094
501.34716796875 133.5394744873047
515.2440185546875 129.19949340820312
529.45947265625 124.70643615722656
544.3082275390625 120.15889739990234
559.512939453125 115.41095733642578
575.3196411132812 110.50732421875
591.5677490234375 105.43498992919922
608.5052490234375 100.26526641845703
625.9850463867188 94.88416290283203
472.81268310546875 158.77281188964844
485.8163146972656 155.07054138183594
499.3621520996094 151.07168579101562
513.215576171875 147.02748107910156
527.5176391601562 142.75328063964844
542.344970703125 138.4534149169922
557.6083984375 133.94564819335938
573.467041015625 129.3692169189453
589.7687377929688 124.57270812988281
606.7498779296875 119.6508560180664
624.4229125976562 114.61875915527344
470.72723388671875 176.1815185546875
483.7461242675781 172.48373413085938
497.2499694824219 168.8492889404297
511.2196350097656 164.93775939941406
525.523193359375 161.00230407714844
540.4053344726562 156.94700622558594
555.66357421875 152.749755859375
571.5938110351562 148.44976806640625
588.0616455078125 143.92466735839844
605.1865844726562 139.38320922851562
622.74072265625 134.62774658203125
468.5867004394531 193.56243896484375
481.5982666015625 190.2686004638672
495.22900390625 186.7093963623047
509.1068420410156 183.27359008789062
523.5421752929688 179.5131378173828
538.377197265625 175.7241973876953
553.7854614257812 171.76010131835938
569.7035522460938 167.7535400390625
586.3341674804688 163.56529235839844
603.4218139648438 159.3511962890625
621.2349243164062 154.85240173339844
466.4691162109375 211.23822021484375
479.51885986328125 208.12640380859375
493.0173645019531 204.88037109375
507.0606994628906 201.59547424316406
521.4793090820312 198.2605743408203
536.4758911132812 194.67245483398438
551.8558349609375 191.0994415283203
567.930419921875 187.3601531982422
584.5061645507812 183.4955596923828
601.677734375 179.5109100341797
619.5548706054688 175.43972778320312
464.2372131347656 229.09275817871094
477.3996887207031 226.19732666015625
490.8705139160156 223.26626586914062
504.9269714355469 220.23377990722656
519.4561157226562 217.1399383544922
534.4172973632812 213.92556762695312
549.9869995117188 210.56915283203125
566.0927734375 207.22482299804688
582.7106323242188 203.60311889648438
600.0286254882812 200.04513549804688
617.9571533203125 196.27792358398438