1 720 1333
566.6640014648438 410.8783874511719
582.2807006835938 410.6997375488281
597.6558227539062 410.5634765625
613.3303833007812 410.4270935058594
628.7542724609375 410.2936096191406
644.4710693359375 410.0180358886719
660.017578125 409.7181701660156
675.6472778320312 409.5448303222656
691.3295288085938 409.3595275878906
706.9502563476562 409.1040954589844
722.5283813476562 408.7767028808594
565.6495361328125 425.52557373046875
581.3715209960938 425.3992004394531
597.0357055664062 425.2579650878906
612.672119140625 425.04705810546875
628.5016479492188 424.79205322265625
644.2711181640625 424.5985107421875
659.9976806640625 424.4421081542969
675.7162475585938 424.28466796875
691.5814819335938 423.8961486816406
707.4068603515625 423.64764404296875
723.2769165039062 423.50848388671875
564.5791015625 440.4287109375
580.4619750976562 440.3214416503906
596.3412475585938 440.1564025878906
612.25048828125 439.8914794921875
628.1154174804688 439.6940002441406
643.9977416992188 439.56097412109375
659.8967895507812 439.4143981933594
675.853759765625 439.1835632324219
691.8155517578125 438.83740234375
707.809814453125 438.6300354003906
723.7739868164062 438.4284362792969
563.5494384765625 455.60089111328125
579.5425415039062 455.4986572265625
595.546875 455.3862609863281
611.6123657226562 455.2500915527344
627.6731567382812 455.0203552246094
643.7317504882812 454.7845764160156
659.8672485351562 454.587158203125
676.0695190429688 454.4275207519531
692.2860717773438 454.25152587890625
708.4086303710938 453.8732604980469
724.498046875 453.6307678222656
562.480224609375 471.24609375
578.6088256835938 471.072265625
594.7780151367188 470.88641357421875
611.1393432617188 470.69287109375
627.3552856445312 470.5732116699219
643.5629272460938 470.4508056640625
659.7989501953125 470.3086853027344
676.2579956054688 470.0047912597656
692.4833374023438 469.6822509765625
708.7885131835938 469.5375671386719
725.2034301757812 469.3520812988281
561.4280395507812 487.0869140625
577.664794921875 486.9355773925781
594.1441040039062 486.7533264160156
610.500732421875 486.6202087402344
626.8982543945312 486.4908142089844
643.3809204101562 486.38751220703125
659.7732543945312 486.21484375
676.3789672851562 485.8966979980469
692.7704467773438 485.64739990234375
709.3694458007812 485.494140625
725.7705688476562 485.2943420410156
560.2936401367188 503.36407470703125
576.71533203125 503.2140808105469
593.3538208007812 503.0679016113281
609.8531494140625 502.86785888671875
626.5093994140625 502.7165832519531
643.2247314453125 502.5668029785156
659.7482299804688 502.4449768066406
676.4951171875 502.2973937988281
693.198974609375 501.98553466796875
709.7861328125 501.6991882324219
726.4801635742188 501.5262145996094
559.1802368164062 519.805908203125
575.7732543945312 519.6953125
592.5477905273438 519.6112670898438
609.3549194335938 519.5250854492188
626.1804809570312 519.4097290039062
642.8936767578125 519.261474609375
659.72021484375 519.0350341796875
676.5623168945312 518.7771606445312
693.477294921875 518.5977172851562
710.3886108398438 518.4303588867188
727.2586669921875 518.2537841796875