1 720 1333
572.8780517578125 503.3243103027344
587.5086059570312 502.7588806152344
601.886474609375 502.355224609375
616.4738159179688 501.6896667480469
630.7677612304688 501.32440185546875
645.3621215820312 500.6634216308594
659.6112060546875 500.20025634765625
674.1138305664062 499.5419921875
688.3788452148438 498.8067626953125
702.7390747070312 498.3262023925781
716.9017944335938 497.55206298828125
571.744140625 513.3687133789062
586.5231323242188 512.8114624023438
601.396728515625 512.384521484375
616.0812377929688 511.74072265625
630.7698364257812 511.33819580078125
645.4944458007812 510.6737365722656
660.2877807617188 510.221435546875
674.802978515625 509.5084228515625
689.5038452148438 508.8168640136719
704.0509643554688 508.2902526855469
718.6593627929688 507.61328125
570.5029907226562 523.7111206054688
585.5922241210938 523.35400390625
600.6314086914062 522.73291015625
615.7022094726562 522.3148803710938
630.70947265625 521.6372680664062
645.7138061523438 521.1748046875
660.6542358398438 520.51318359375
675.6666259765625 519.8300170898438
690.544921875 519.2550048828125
705.5079345703125 518.5543212890625
720.3072509765625 517.8138427734375
569.2694091796875 534.6688232421875
584.5895385742188 534.2865600585938
600.0396118164062 533.6395874023438
615.382080078125 533.1869506835938
630.665283203125 532.544677734375
646.0197143554688 531.9729614257812
661.3425903320312 531.4202270507812
676.5301513671875 530.663818359375
691.733154296875 530.01513671875
706.9047241210938 529.3865966796875
722.146484375 528.6530151367188
567.813232421875 546.1932983398438
583.5841674804688 545.5482177734375
599.3485107421875 545.0570678710938
615.0667724609375 544.4561157226562
630.6141357421875 543.8237915039062
646.3641967773438 543.3333740234375
661.8112182617188 542.589111328125
677.4782104492188 541.9451904296875
692.9479370117188 541.2813110351562
708.4801025390625 540.5839233398438
723.8925170898438 539.8345336914062
566.4689331054688 558.0681762695312
582.5426025390625 557.4804077148438
598.5830688476562 556.845458984375
614.5680541992188 556.3673706054688
630.5958862304688 555.6228637695312
646.5237426757812 555.0704345703125
662.5137939453125 554.439453125
678.4210205078125 553.6290893554688
694.2900390625 552.9424438476562
710.1118774414062 552.3450317382812
725.820068359375 551.579833984375
564.9910888671875 570.4775390625
581.4711303710938 569.795654296875
597.7755737304688 569.3328857421875
614.2933349609375 568.6121215820312
630.5408325195312 568.06298828125
646.79541015625 567.421875
663.2321166992188 566.656982421875
679.4275512695312 565.9820556640625
695.5509643554688 565.2969360351562
711.6944580078125 564.5230712890625
727.8067626953125 563.7273559570312
563.4923706054688 583.456787109375
580.3157958984375 582.7526245117188
597.1084594726562 582.2467041015625
613.739990234375 581.5487060546875
630.52978515625 580.8322143554688
647.208251953125 580.2914428710938
663.7779541015625 579.5444946289062
680.427734375 578.763671875
696.9219970703125 578.1359252929688
713.4747314453125 577.4036254882812
729.9257202148438 576.5692749023438