1 720 1333
619.7005004882812 309.64166259765625
632.256591796875 305.9595947265625
644.351318359375 302.4383544921875
656.1301879882812 298.9659118652344
667.481689453125 295.6240234375
678.5906372070312 292.44439697265625
689.3797607421875 289.26318359375
699.838623046875 286.2503662109375
710.0546875 283.19879150390625
720.0203857421875 280.3633117675781
729.5496826171875 277.4824523925781
627.3181762695312 323.1758117675781
639.6759033203125 319.27606201171875
651.7454223632812 315.4771423339844
663.4368896484375 311.78369140625
674.8497314453125 308.31146240234375
685.7808227539062 304.8031005859375
696.58544921875 301.5026550292969
706.98779296875 298.2370300292969
717.223388671875 295.0938415527344
726.989013671875 291.9284973144531
736.5732421875 288.9666442871094
634.826416015625 336.7225036621094
647.313232421875 332.5953674316406
659.2633056640625 328.60565185546875
670.8998413085938 324.7547302246094
682.2271118164062 321.0009460449219
693.2461547851562 317.40325927734375
703.8145751953125 313.79144287109375
714.3084716796875 310.3968505859375
724.343017578125 306.94561767578125
734.1444702148438 303.7225646972656
743.6386108398438 300.55926513671875
642.6133422851562 350.514404296875
654.8873291015625 346.1849365234375
666.843505859375 341.95477294921875
678.4175415039062 337.8170166015625
689.6891479492188 333.8780822753906
700.5760498046875 330.04888916015625
711.2828979492188 326.3072814941406
721.5097045898438 322.6136169433594
731.5889892578125 319.08856201171875
741.3334350585938 315.6016540527344
750.7161865234375 312.321044921875
650.401611328125 364.4009704589844
662.6326904296875 359.8083190917969
674.49951171875 355.3780517578125
686.1133422851562 351.074462890625
697.2191162109375 346.8287048339844
708.1472778320312 342.7669982910156
718.5902709960938 338.8336486816406
728.8602905273438 334.9795837402344
738.8399047851562 331.2900085449219
748.4842529296875 327.6059875488281
757.9137573242188 324.1633605957031
658.3052978515625 378.4468994140625
670.4393310546875 373.5669860839844
682.2865600585938 368.89306640625
693.6942749023438 364.39898681640625
704.8128051757812 359.961181640625
715.5875854492188 355.68353271484375
726.1240234375 351.50677490234375
736.3239135742188 347.4838562011719
746.2044067382812 343.5240173339844
755.7606811523438 339.7180480957031
765.13720703125 336.0476379394531
666.1878662109375 392.5654296875
678.3501586914062 387.50274658203125
690.0761108398438 382.57427978515625
701.453125 377.78680419921875
712.5291748046875 373.2327575683594
723.2286987304688 368.6702575683594
733.6344604492188 364.3663330078125
743.69873046875 360.1004333496094
753.5712890625 355.9627380371094
763.0943603515625 351.9108581542969
772.3861694335938 348.09710693359375
674.2435913085938 406.8307800292969
686.2981567382812 401.5027160644531
697.9298095703125 396.40399169921875
709.3331298828125 391.3716735839844
720.254638671875 386.5244445800781
730.822509765625 381.79571533203125
741.2379760742188 377.2774353027344
751.2674560546875 372.78265380859375
760.9586791992188 368.47808837890625
770.4812622070312 364.3313903808594
779.5904541015625 360.25408935546875