1 720 1333
525.0758666992188 266.54461669921875
541.79052734375 269.0963134765625
558.8071899414062 271.595458984375
576.0994873046875 274.22064208984375
593.5301513671875 276.7781982421875
611.2352294921875 279.504150390625
629.0951538085938 282.2171325683594
647.24755859375 284.8946228027344
665.4933471679688 287.6820373535156
684.077392578125 290.5298156738281
702.7619018554688 293.4068603515625
523.2139892578125 284.6692199707031
539.8267211914062 287.2994384765625
556.7418212890625 289.8958740234375
573.8521728515625 292.5792541503906
591.2822875976562 295.3489685058594
608.8189086914062 298.1072998046875
626.6333618164062 300.84967041015625
644.6246948242188 303.66632080078125
662.8309936523438 306.5785217285156
681.3309326171875 309.51239013671875
699.9478149414062 312.4864807128906
521.3204956054688 302.6122741699219
537.8372802734375 305.35479736328125
554.6768798828125 308.08966064453125
571.7347412109375 310.8374328613281
589.028076171875 313.6526184082031
606.5132446289062 316.514404296875
624.2271118164062 319.4356994628906
642.1697998046875 322.36590576171875
660.2671508789062 325.33837890625
678.58203125 328.36358642578125
697.1800537109375 331.4095764160156
519.4400634765625 320.4625244140625
535.9285888671875 323.2702331542969
552.644775390625 326.09393310546875
569.6115112304688 328.9483947753906
586.79248046875 331.8631286621094
604.2373046875 334.7984619140625
621.773193359375 337.8061828613281
639.6075439453125 340.7895202636719
657.629150390625 343.8993835449219
675.8743286132812 347.0024108886719
694.3867797851562 350.176513671875
517.5801391601562 338.10888671875
534.0567016601562 341.0212707519531
550.64208984375 343.9066162109375
567.5453491210938 346.87591552734375
584.6019897460938 349.8778381347656
601.8717651367188 352.9618225097656
619.4517822265625 356.0751953125
637.2061767578125 359.1988830566406
655.0913696289062 362.33349609375
673.2877807617188 365.5070495605469
691.5580444335938 368.6979675292969
515.764892578125 355.61871337890625
532.16748046875 358.60675048828125
548.68115234375 361.6377868652344
565.4677734375 364.68170166015625
582.4946899414062 367.792236328125
599.6414184570312 370.927490234375
617.124267578125 374.1470031738281
634.688232421875 377.33477783203125
652.57470703125 380.5770568847656
670.5941162109375 383.8088073730469
688.8413696289062 387.16802978515625
514.026123046875 372.9538879394531
530.32373046875 376.11138916015625
546.695068359375 379.1936950683594
563.4752197265625 382.3564453125
580.3687133789062 385.5249328613281
597.4949951171875 388.7385559082031
614.7653198242188 391.9761047363281
632.3395385742188 395.3341979980469
650.10009765625 398.62030029296875
668.0402221679688 401.9673156738281
686.1824340820312 405.3797302246094
512.3030395507812 390.1962585449219
528.4447631835938 393.34222412109375
544.8102416992188 396.5437316894531
561.462158203125 399.77545166015625
578.3006591796875 403.1163024902344
595.3133544921875 406.40069580078125
612.534912109375 409.672119140625
629.9442749023438 413.091552734375
647.5947265625 416.48797607421875
665.4529418945312 419.88671875
683.4913330078125 423.3704528808594