1 720 1333
570.10595703125 517.2730102539062
584.598388671875 517.03759765625
598.9047241210938 516.74560546875
613.4700317382812 516.5699462890625
627.8021850585938 516.3754272460938
642.4133911132812 516.1451416015625
656.690673828125 515.71875
671.3546752929688 515.5215454101562
685.6647338867188 515.1700439453125
700.2725219726562 514.744384765625
714.5899047851562 514.4619750976562
568.1981201171875 526.6236572265625
582.7326049804688 526.462158203125
597.5582275390625 526.306884765625
612.2938842773438 526.0037231445312
627.1158447265625 525.6728515625
641.7067260742188 525.4905395507812
656.5315551757812 525.205810546875
671.32666015625 524.7649536132812
686.1212768554688 524.4735107421875
700.7642822265625 524.225830078125
715.6863403320312 523.773681640625
565.9249877929688 536.5097045898438
581.01904296875 536.3118896484375
596.0177001953125 536.0933227539062
611.1802978515625 535.6941528320312
626.192626953125 535.5215454101562
641.2886962890625 535.2947387695312
656.3536987304688 534.8826904296875
671.4076538085938 534.5569458007812
686.4586181640625 534.2584838867188
701.5839233398438 533.8447875976562
716.5707397460938 533.4803466796875
563.7279052734375 546.6548461914062
579.0973510742188 546.5150756835938
594.4730834960938 546.3375244140625
609.789306640625 546.0296630859375
625.3311767578125 545.6512451171875
640.566650390625 545.448486328125
656.072998046875 545.1102294921875
671.4335327148438 544.6886596679688
686.8180541992188 544.4127197265625
702.3187866210938 543.9730834960938
717.6282348632812 543.6162109375
561.404052734375 557.5099487304688
577.1488647460938 557.2269897460938
592.8085327148438 556.8953247070312
608.564208984375 556.624755859375
624.304443359375 556.4070434570312
640.0208740234375 556.11083984375
655.7182006835938 555.6424560546875
671.507568359375 555.4144897460938
687.2823486328125 554.8903198242188
703.0043334960938 554.5795288085938
718.7123413085938 554.2412719726562
559.0033569335938 568.5795288085938
575.0125122070312 568.4130249023438
591.1535034179688 568.1657104492188
607.213134765625 567.7536010742188
623.3360595703125 567.5032348632812
639.3787231445312 567.2325439453125
655.4882202148438 566.7769775390625
671.5370483398438 566.4424438476562
687.6475219726562 566.0906372070312
703.711181640625 565.5916748046875
719.8366088867188 565.3388671875
556.4281616210938 580.4132080078125
572.8348388671875 580.076904296875
589.342041015625 579.6959228515625
605.7219848632812 579.470703125
622.2718505859375 579.2048950195312
638.634765625 578.7687377929688
655.2321166992188 578.4472045898438
671.6268310546875 578.1339721679688
688.1615600585938 577.6109619140625
704.5728759765625 577.35400390625
721.1265869140625 576.7770385742188
553.7429809570312 592.5198364257812
570.587158203125 592.347900390625
587.4359130859375 591.960693359375
604.3070068359375 591.6259765625
621.1729736328125 591.3985595703125
637.929931640625 591.0397338867188
654.7852172851562 590.6526489257812
671.6929321289062 590.31689453125
688.5488891601562 589.7962646484375
705.4713134765625 589.4857788085938
722.3562622070312 589.0531005859375