1 720 1333
563.751220703125 258.4006652832031
580.644775390625 254.73028564453125
596.7630004882812 251.29049682617188
612.457763671875 247.9393310546875
627.371337890625 244.72825622558594
641.67431640625 241.65390014648438
655.5087280273438 238.7285614013672
668.8235473632812 235.8871307373047
681.6619873046875 233.23931884765625
694.1053466796875 230.5898895263672
705.8528442382812 228.14024353027344
565.1231079101562 278.53924560546875
581.6763305664062 274.515869140625
597.6353759765625 270.6860046386719
613.0833129882812 267.0615234375
627.7655029296875 263.5158386230469
642.0186767578125 260.1673889160156
655.6521606445312 256.8255920410156
668.7924194335938 253.73655700683594
681.5933227539062 250.76113891601562
693.7234497070312 247.83067321777344
705.6245727539062 245.08413696289062
566.4273681640625 298.220947265625
582.6888427734375 293.86993408203125
598.537109375 289.6728210449219
613.6055908203125 285.69036865234375
628.3486328125 281.8325500488281
642.3643188476562 278.2070617675781
655.80078125 274.59185791015625
668.8709716796875 271.2528381347656
681.5070190429688 267.8976745605469
693.5753173828125 264.7851257324219
705.301025390625 261.72161865234375
567.5919189453125 317.4544677734375
583.7545776367188 312.74365234375
599.3928833007812 308.3176574707031
614.398193359375 303.9720153808594
628.6663208007812 299.8153076171875
642.589599609375 295.84893798828125
656.01806640625 292.06109619140625
668.9742431640625 288.34619140625
681.4214477539062 284.7845458984375
693.4606323242188 281.3641357421875
704.9531860351562 278.0955505371094
568.8809814453125 336.1893615722656
584.7894897460938 331.22430419921875
600.2732543945312 326.4005432128906
614.9586791992188 321.80316162109375
629.3090209960938 317.4100646972656
642.885498046875 313.2013244628906
656.2667236328125 309.05780029296875
668.9593505859375 305.1390075683594
681.3731079101562 301.2809143066406
693.2090454101562 297.61822509765625
704.6356201171875 294.02764892578125
570.2054443359375 354.4522399902344
585.8619384765625 349.20758056640625
601.0475463867188 344.17626953125
615.6176147460938 339.30804443359375
629.6235961914062 334.5852966308594
643.3069458007812 330.0838623046875
656.3865356445312 325.67730712890625
669.0444946289062 321.5118103027344
681.2523193359375 317.4700622558594
692.9968872070312 313.51593017578125
704.3493041992188 309.7418212890625
571.4367065429688 372.300048828125
586.864013671875 366.721923828125
601.823486328125 361.43621826171875
616.3165893554688 356.3406982421875
630.239990234375 351.39996337890625
643.5380859375 346.59429931640625
656.505859375 342.0166015625
669.0126953125 337.5524597167969
681.1498413085938 333.30023193359375
692.6419677734375 329.1763916015625
703.9382934570312 325.1203918457031
572.5762939453125 389.6603698730469
587.8746337890625 383.8936462402344
602.6303100585938 378.3585510253906
616.84765625 372.9603576660156
630.5872192382812 367.77294921875
643.7942504882812 362.7461853027344
656.5922241210938 357.9275817871094
669.0454711914062 353.3009948730469
680.8584594726562 348.74664306640625
692.4832763671875 344.3944396972656
703.5607299804688 340.1846923828125