1 720 1333
606.7724609375 23.3354549407959
606.4967041015625 47.319942474365234
606.3140258789062 70.83756256103516
606.0130615234375 94.14657592773438
605.7106323242188 116.86539459228516
605.5775756835938 139.3931884765625
605.4238891601562 161.3829345703125
605.2598266601562 182.84405517578125
605.0152587890625 204.20164489746094
604.8328857421875 224.999755859375
604.7061157226562 245.51284790039062
592.948486328125 26.115053176879883
592.7549438476562 49.5032844543457
592.5895385742188 72.54838562011719
592.4918823242188 95.31511688232422
592.468017578125 117.52188110351562
592.3578491210938 139.46810913085938
592.286865234375 160.92086791992188
592.1600341796875 182.1779327392578
592.0458374023438 202.88369750976562
592.0250244140625 223.35879516601562
591.94091796875 243.4675750732422
579.6875610351562 28.702970504760742
579.5993041992188 51.60781478881836
579.5704345703125 74.2004623413086
579.5643310546875 96.37203216552734
579.5162963867188 118.22679901123047
579.5376586914062 139.55838012695312
579.533203125 160.62644958496094
579.5455322265625 181.42153930664062
579.5479736328125 201.69485473632812
579.597412109375 221.72164916992188
579.6472778320312 241.4839630126953
567.0057983398438 31.349008560180664
567.1211547851562 53.59476089477539
567.1749877929688 75.67256927490234
567.1835327148438 97.41344451904297
567.3079223632812 118.69198608398438
567.3656005859375 139.666015625
567.45361328125 160.38427734375
567.5133666992188 180.5953369140625
567.5579223632812 200.57516479492188
567.6902465820312 220.29371643066406
567.8117065429688 239.55197143554688
554.8865966796875 33.67992401123047
554.9697875976562 55.6519889831543
555.1534423828125 77.18136596679688
555.3463745117188 98.43267822265625
555.42919921875 119.36359405517578
555.5604858398438 139.78128051757812
555.7254638671875 160.10400390625
555.893310546875 179.94488525390625
556.1819458007812 199.52587890625
556.396484375 218.74314880371094
556.5671997070312 237.74009704589844
543.265380859375 36.1854362487793
543.423583984375 57.48014450073242
543.5961303710938 78.58622741699219
543.7359008789062 99.38053131103516
544.1517333984375 119.81216430664062
544.3743896484375 139.95361328125
544.5623168945312 159.72727966308594
544.7993774414062 179.38504028320312
545.1599731445312 198.49356079101562
545.43603515625 217.42735290527344
545.6557006835938 236.025390625
532.2010498046875 38.34613037109375
532.3799438476562 59.3433837890625
532.5383911132812 79.8974838256836
532.8859252929688 100.34912872314453
533.2400512695312 120.37311553955078
533.5372314453125 140.1342010498047
533.8296508789062 159.51402282714844
534.25634765625 178.6178436279297
534.5389404296875 197.52598571777344
534.8699340820312 216.07066345214844
535.35009765625 234.36082458496094
521.32421875 40.568599700927734
521.6163940429688 61.060264587402344
521.9901733398438 81.31840515136719
522.347900390625 101.2339859008789
522.7137451171875 120.77934265136719
523.2213745117188 140.2843475341797
523.57275390625 159.36631774902344
523.9762573242188 178.14598083496094
524.4401245117188 196.5382537841797
524.8523559570312 214.75233459472656
525.3787841796875 232.6875