1 720 1333
562.0718994140625 130.68173217773438
584.189453125 126.46366882324219
605.9374389648438 122.32494354248047
627.5462646484375 118.2242660522461
648.8897094726562 114.20326232910156
669.9486694335938 110.25667572021484
690.7655029296875 106.3778076171875
711.3887329101562 102.51789093017578
731.6558837890625 98.74115753173828
751.7095947265625 95.13636779785156
771.5306396484375 91.51365661621094
567.5916748046875 151.49264526367188
589.70556640625 147.14007568359375
611.60205078125 142.7671661376953
633.28173828125 138.52792358398438
654.6605224609375 134.4260711669922
675.7620849609375 130.3324432373047
696.6552124023438 126.30957794189453
717.3250732421875 122.33882904052734
737.652099609375 118.44412231445312
757.7003173828125 114.61298370361328
777.5977783203125 110.86368560791016
573.26220703125 172.43328857421875
595.4313354492188 167.87091064453125
617.3556518554688 163.4319610595703
639.0777587890625 159.0743408203125
660.514404296875 154.73388671875
681.6802368164062 150.5304412841797
702.6073608398438 146.37826538085938
723.3134765625 142.28988647460938
743.6640014648438 138.27398681640625
763.8167724609375 134.3563690185547
783.6986083984375 130.47933959960938
578.8334350585938 193.5479736328125
601.1373291015625 188.84532165527344
623.1362915039062 184.27403259277344
644.8347778320312 179.72543334960938
666.43408203125 175.30836486816406
687.6046142578125 170.8914031982422
708.61083984375 166.6156768798828
729.3662109375 162.39205932617188
749.76318359375 158.26504516601562
769.9376220703125 154.22393798828125
789.854248046875 150.20985412597656
584.521484375 214.8197021484375
606.8394775390625 210.01190185546875
628.9260864257812 205.2825164794922
650.7308959960938 200.57618713378906
672.3729248046875 195.9448699951172
693.6036376953125 191.4726104736328
714.6495361328125 187.04959106445312
735.4434814453125 182.63966369628906
755.9078369140625 178.40054321289062
776.165771484375 174.208251953125
796.1088256835938 170.0387725830078
590.3448486328125 236.36302185058594
612.6729125976562 231.3541717529297
634.8048095703125 226.4463348388672
656.6478271484375 221.61122131347656
678.365478515625 216.8302001953125
699.6419677734375 212.25709533691406
720.7522583007812 207.64076232910156
741.5621948242188 203.16929626464844
762.1458129882812 198.6512451171875
782.38330078125 194.38485717773438
802.3663330078125 190.10853576660156
596.1385498046875 257.9902038574219
618.5560913085938 252.80909729003906
640.7042846679688 247.7742919921875
662.6640625 242.8058624267578
684.3836059570312 237.9195556640625
705.7639770507812 233.1756134033203
726.8983154296875 228.4228515625
747.7620849609375 223.76686096191406
768.343994140625 219.23619079589844
788.57568359375 214.69906616210938
808.5955810546875 210.35072326660156
601.9673461914062 279.81591796875
624.4601440429688 274.5550231933594
646.7144165039062 269.3610534667969
668.69873046875 264.26708984375
690.4984741210938 259.244140625
711.9156494140625 254.28318786621094
733.1443481445312 249.38536071777344
753.9762573242188 244.58203125
774.5794067382812 239.85952758789062
794.7984619140625 235.3221893310547
814.862060546875 230.6912841796875