1 720 1333
602.5571899414062 241.84027099609375
617.37109375 238.7930908203125
631.5189819335938 235.87548828125
645.1893920898438 233.1592559814453
658.3053588867188 230.4542694091797
670.8489990234375 227.88150024414062
683.0867919921875 225.43353271484375
694.7586669921875 223.07289123535156
706.1824951171875 220.78781127929688
717.008056640625 218.60330200195312
727.5057983398438 216.51454162597656
605.5375366210938 261.263427734375
620.1693115234375 257.80853271484375
634.2034912109375 254.57183837890625
647.61669921875 251.46954345703125
660.6543579101562 248.4638214111328
673.166748046875 245.57078552246094
685.2340087890625 242.7971649169922
696.7850341796875 240.20323181152344
708.0883178710938 237.59657287597656
718.78076171875 235.16748046875
729.2870483398438 232.72164916992188
608.493408203125 280.3203125
622.9193725585938 276.5388488769531
636.7101440429688 272.9750671386719
650.1845092773438 269.5196533203125
663.0092163085938 266.25067138671875
675.3903198242188 263.054443359375
687.3490600585938 259.978271484375
698.7973022460938 257.01263427734375
709.9194946289062 254.23052978515625
720.638427734375 251.443359375
730.8720092773438 248.7789306640625
611.4478149414062 299.1499938964844
625.6339721679688 295.0924987792969
639.4234619140625 291.1369934082031
652.5726318359375 287.3809509277344
665.3492431640625 283.7086486816406
677.5546264648438 280.298583984375
689.4305419921875 276.8824157714844
700.7238159179688 273.6580505371094
711.7940063476562 270.56378173828125
722.3721923828125 267.550537109375
732.6400756835938 264.6551208496094
614.2927856445312 317.6488037109375
628.422119140625 313.2569274902344
641.9124145507812 309.0072021484375
655.0465698242188 304.9023132324219
667.5831909179688 301.03192138671875
679.73974609375 297.28515625
691.4434814453125 293.6068420410156
702.7568359375 290.14013671875
713.5888671875 286.7348327636719
724.2479248046875 283.4917297363281
734.2678833007812 280.3778076171875
617.1897583007812 335.845947265625
631.130615234375 331.2147216796875
644.5186157226562 326.6020202636719
657.4390258789062 322.30096435546875
669.893310546875 318.0651550292969
681.8417358398438 314.01922607421875
693.5281372070312 310.1509704589844
704.6412353515625 306.35845947265625
715.4925537109375 302.6966552734375
725.8445434570312 299.21844482421875
735.919677734375 295.77337646484375
619.9555053710938 353.82330322265625
633.74169921875 348.7991943359375
647.0069580078125 343.983154296875
659.7913818359375 339.35736083984375
672.1751098632812 334.82666015625
684.0640258789062 330.53009033203125
695.486083984375 326.36981201171875
706.5818481445312 322.38153076171875
717.2737426757812 318.4669189453125
727.5307006835938 314.69927978515625
737.4783935546875 311.1048889160156
622.7713623046875 371.4948425292969
636.4674072265625 366.2170104980469
649.5218505859375 361.0873718261719
662.2496337890625 356.1813049316406
674.3565063476562 351.4189147949219
686.12646484375 346.7723083496094
697.4801635742188 342.42596435546875
708.4207763671875 338.10009765625
718.9257202148438 334.036376953125
729.1874389648438 330.02984619140625
739.0308837890625 326.1783142089844