1 720 1333
575.2140502929688 459.31329345703125
590.380615234375 459.17242431640625
605.4254150390625 459.03167724609375
620.59033203125 458.82818603515625
635.69580078125 458.6580810546875
650.985595703125 458.52227783203125
666.247802734375 458.40533447265625
681.4814453125 458.21270751953125
696.6480712890625 457.7749938964844
711.9452514648438 457.58050537109375
727.2922973632812 457.4029541015625
573.5777587890625 472.2181091308594
588.8761596679688 472.0751953125
604.3612060546875 471.89990234375
619.6270141601562 471.7375793457031
635.1998901367188 471.6102600097656
650.5186767578125 471.51336669921875
666.0198364257812 471.3846740722656
681.50439453125 471.1148376464844
697.0559692382812 470.81787109375
712.50830078125 470.5727844238281
728.0617065429688 470.3928527832031
571.8616943359375 485.44085693359375
587.496337890625 485.431884765625
603.101318359375 485.346923828125
618.666259765625 485.21392822265625
634.4417114257812 485.0439453125
650.1474609375 484.8393859863281
665.7568359375 484.6529235839844
681.5623168945312 484.48699951171875
697.3178100585938 484.3160705566406
713.163330078125 484.06048583984375
728.8245849609375 483.6818542480469
570.2057495117188 499.2557373046875
585.9856567382812 499.17059326171875
601.8165893554688 499.0922546386719
617.6925659179688 498.9405822753906
633.6766967773438 498.80621337890625
649.6006469726562 498.6570129394531
665.6052856445312 498.51953125
681.5933837890625 498.3785705566406
697.6072998046875 498.1429748535156
713.6275024414062 497.7890319824219
729.6591796875 497.6050109863281
568.3668212890625 513.4619750976562
584.4685668945312 513.4234619140625
600.5654907226562 513.3470458984375
616.697509765625 513.2708740234375
632.9541625976562 513.1288452148438
649.2536010742188 512.9249877929688
665.4267578125 512.7413940429688
681.6461791992188 512.5761108398438
697.8812255859375 512.4224243164062
714.3465576171875 512.2809448242188
730.5220336914062 511.9330749511719
566.5174560546875 528.2490844726562
582.8372802734375 528.1588134765625
599.3473510742188 528.0757446289062
615.6914672851562 527.8932495117188
632.2630004882812 527.7777709960938
648.6142578125 527.659912109375
665.2745361328125 527.5615844726562
681.6923828125 527.4293823242188
698.35205078125 527.2232055664062
714.8032836914062 526.9595947265625
731.4625244140625 526.7101440429688
564.5872192382812 543.411865234375
581.3026123046875 543.3638305664062
597.9031372070312 543.3082885742188
614.6165771484375 543.2300415039062
631.4441528320312 543.1251831054688
648.2514038085938 542.9802856445312
665.0025024414062 542.768798828125
681.7479858398438 542.6412963867188
698.58203125 542.4819946289062
715.4849853515625 542.3455200195312
732.4116821289062 542.1729736328125
562.5935668945312 559.1415405273438
579.5491943359375 559.0519409179688
596.5350341796875 558.9814453125
613.5519409179688 558.902587890625
630.571044921875 558.8070068359375
647.62744140625 558.7135009765625
664.6970825195312 558.609130859375
681.7769165039062 558.4942016601562
699.0491333007812 558.3662109375
716.198486328125 558.2357177734375
733.34033203125 557.9559936523438