1 720 1333
461.18841552734375 265.4687805175781
475.55078125 263.2844543457031
490.34521484375 260.9465637207031
505.4670715332031 258.5917053222656
521.0127563476562 256.2159423828125
536.9422607421875 253.6612091064453
553.352294921875 251.13494873046875
570.1265258789062 248.46421813964844
587.3836059570312 245.80311584472656
605.09619140625 243.0275115966797
623.3108520507812 240.2289276123047
470.3710632324219 280.23480224609375
484.58453369140625 278.2391662597656
499.2284851074219 276.18841552734375
514.1785888671875 274.025390625
529.493896484375 271.79437255859375
545.2964477539062 269.58734130859375
561.4476928710938 267.3311767578125
578.0379028320312 264.931396484375
595.0316162109375 262.5329284667969
612.520751953125 260.0486145019531
630.4497680664062 257.51226806640625
479.2515869140625 294.44329833984375
493.3061828613281 292.6258544921875
507.67535400390625 290.76531982421875
522.5382080078125 288.911376953125
537.7015991210938 286.9706726074219
553.3231811523438 284.9412536621094
569.2733764648438 282.86419677734375
585.592041015625 280.807373046875
602.4088745117188 278.6553039550781
619.6529541015625 276.4731140136719
637.39111328125 274.2089538574219
487.7835693359375 308.33074951171875
501.7035217285156 306.6466369628906
516.0599975585938 305.08856201171875
530.646728515625 303.3857421875
545.644775390625 301.619140625
561.0253295898438 299.7984313964844
576.7940063476562 298.074462890625
592.9759521484375 296.22576904296875
609.560791015625 294.3424377441406
626.58837890625 292.3275451660156
644.0557861328125 290.31640625
496.09710693359375 321.5679016113281
509.88671875 320.2984619140625
523.9998168945312 318.7362976074219
538.5223999023438 317.3644714355469
553.3632202148438 315.7308349609375
568.5234375 314.2913513183594
584.1478881835938 312.5788269042969
600.105224609375 310.9366149902344
616.472412109375 309.3468933105469
633.292724609375 307.5408630371094
650.4692993164062 305.6976623535156
504.1586608886719 334.52691650390625
517.7426147460938 333.3859558105469
531.7454223632812 332.1689758300781
546.1156616210938 330.74969482421875
560.748046875 329.5051574707031
575.78466796875 328.1852722167969
591.2054443359375 326.66802978515625
606.957763671875 325.34344482421875
623.1497192382812 323.7515869140625
639.708251953125 322.2966003417969
656.6522827148438 320.64666748046875
511.8948059082031 347.1455078125
525.4266357421875 346.10894775390625
539.294921875 344.92193603515625
553.4222412109375 343.80462646484375
567.9427490234375 342.682861328125
582.78515625 341.5566711425781
598.068359375 340.36395263671875
613.6090087890625 339.1480712890625
629.5728759765625 337.740966796875
645.9506225585938 336.47589111328125
662.6989135742188 335.1150207519531
519.44873046875 359.3446350097656
532.7979736328125 358.4466857910156
546.5005493164062 357.49322509765625
560.5067138671875 356.5219421386719
574.8853149414062 355.5509338378906
589.5946044921875 354.5301818847656
604.6499633789062 353.4939270019531
620.1338500976562 352.4330139160156
635.8068237304688 351.3478088378906
652.0409545898438 350.1849060058594
668.5408935546875 348.8698425292969