1 720 1333
726.2478637695312 491.0791015625
739.762939453125 485.07470703125
752.8995971679688 479.30853271484375
765.579345703125 473.61651611328125
777.9429931640625 468.2015380859375
789.7769165039062 462.81793212890625
801.44482421875 457.6453857421875
812.6115112304688 452.6555480957031
823.5576782226562 447.7734375
834.1942749023438 443.1039733886719
844.44921875 438.49853515625
735.7288818359375 507.2110900878906
749.3198852539062 500.8348083496094
762.3601684570312 494.6999206542969
775.06201171875 488.7696228027344
787.3594970703125 483.0668640136719
799.3017578125 477.4577331542969
810.7659912109375 472.0937805175781
822.0371704101562 466.7291564941406
832.870849609375 461.6129455566406
843.4343872070312 456.65020751953125
853.6524047851562 451.8209533691406
745.479736328125 523.6050415039062
758.9877319335938 516.9502563476562
772.0894775390625 510.5613708496094
784.7261352539062 504.34295654296875
797.042724609375 498.27117919921875
808.8609008789062 492.4021911621094
820.4110107421875 486.64703369140625
831.5774536132812 481.1498107910156
842.4343872070312 475.71002197265625
852.9235229492188 470.5193176269531
863.16650390625 465.4761962890625
755.4614868164062 540.4668579101562
768.9605712890625 533.4780883789062
781.9902954101562 526.650390625
794.6358032226562 520.1762084960938
806.8413696289062 513.7344970703125
818.693359375 507.5792236328125
830.2302856445312 501.5757141113281
841.3580932617188 495.7318115234375
852.2044067382812 490.1347351074219
862.579833984375 484.6324768066406
872.7509155273438 479.3620300292969
765.630615234375 557.6323852539062
779.1769409179688 550.3121948242188
792.1954345703125 543.1818237304688
804.7160034179688 536.3124389648438
816.9310302734375 529.5723876953125
828.7250366210938 523.1250610351562
840.2348022460938 516.7769775390625
851.3285522460938 510.6679382324219
862.0623168945312 504.7379455566406
872.4697875976562 499.0658264160156
882.5537109375 493.47723388671875
776.1221313476562 575.2686767578125
789.5349731445312 567.4893188476562
802.50439453125 559.9979858398438
815.0833740234375 552.7452392578125
827.2646484375 545.721435546875
838.9790649414062 538.941162109375
850.41943359375 532.3588256835938
861.4381103515625 525.9155883789062
872.1718139648438 519.6888427734375
882.4960327148438 513.6829833984375
892.5357666015625 507.8490905761719
786.7522583007812 593.2313232421875
800.207275390625 585.0423583984375
813.1709594726562 577.2129516601562
825.6287841796875 569.58447265625
837.7169189453125 562.279541015625
849.4574584960938 555.1416625976562
860.7545776367188 548.2490844726562
871.7310791015625 541.4881591796875
882.41357421875 534.9464111328125
892.6768798828125 528.6607666015625
902.6533813476562 522.5617065429688
797.688232421875 611.517822265625
811.0918579101562 602.9482421875
823.960205078125 594.7149047851562
836.4317626953125 586.7476806640625
848.4782104492188 579.0863647460938
860.1160278320312 571.5786743164062
871.4014892578125 564.3829956054688
882.3026733398438 557.3397827148438
892.845458984375 550.5270385742188
903.0711059570312 543.9024047851562
912.97900390625 537.5189208984375