1 720 1333
667.154541015625 451.8382873535156
685.7496337890625 450.6480407714844
704.3364868164062 449.5079345703125
722.7579345703125 448.34051513671875
741.2145385742188 447.043701171875
759.4417724609375 445.7283630371094
777.5286254882812 444.56219482421875
795.612060546875 443.4116516113281
813.570556640625 442.1794128417969
831.451171875 440.8598937988281
849.232666015625 439.64703369140625
668.5859375 470.4792175292969
687.4160766601562 469.3135681152344
706.1986083984375 467.9571228027344
724.7318725585938 466.6672668457031
743.3615112304688 465.4936218261719
761.6904296875 464.2155456542969
780.0850830078125 462.824951171875
798.31494140625 461.5469970703125
816.4378662109375 460.3436584472656
834.4364624023438 459.0577087402344
852.3825073242188 457.672607421875
670.1287841796875 489.4815673828125
689.161865234375 488.20062255859375
707.9647827148438 486.794677734375
726.7728881835938 485.5219421386719
745.5274047851562 484.22821044921875
764.1393432617188 482.78521728515625
782.6124267578125 481.4964599609375
801.05712890625 480.2415771484375
819.3546142578125 478.7766418457031
837.5099487304688 477.5023498535156
855.61962890625 476.2415771484375
671.6328735351562 508.7261657714844
690.7892456054688 507.44134521484375
709.8865966796875 506.07440185546875
728.8587646484375 504.60845947265625
747.7274780273438 503.3298034667969
766.5457153320312 501.8456115722656
785.2709350585938 500.4913024902344
803.8139038085938 499.1530456542969
822.3114624023438 497.635009765625
840.6517944335938 496.3844299316406
858.8948364257812 494.89361572265625
673.299072265625 528.4853515625
692.5665283203125 527.0360717773438
711.8098754882812 525.5938720703125
731.0012817382812 524.273681640625
750.1320190429688 522.7140502929688
769.02099609375 521.3685302734375
787.8856201171875 519.794921875
806.6494140625 518.4197387695312
825.3502807617188 516.93115234375
843.8441162109375 515.5294189453125
862.3389282226562 514.1448364257812
674.7803344726562 548.53466796875
694.4340209960938 547.1422729492188
713.7750244140625 545.5856323242188
733.2343139648438 544.1643676757812
752.45849609375 542.6070556640625
771.5462036132812 541.1697387695312
790.6248779296875 539.5966796875
809.5491943359375 538.1639404296875
828.4219360351562 536.5828857421875
847.1437377929688 535.1708984375
865.6836547851562 533.5765380859375
676.5031127929688 569.115966796875
696.2399291992188 567.5257568359375
715.7994995117188 566.0009765625
735.41162109375 564.4507446289062
754.807373046875 562.8613891601562
774.1597290039062 561.3993530273438
793.4107055664062 559.7288208007812
812.5084228515625 558.2831420898438
831.542724609375 556.61083984375
850.4310302734375 555.1113891601562
869.2172241210938 553.4896850585938
678.2080078125 590.0248413085938
698.1510009765625 588.4508666992188
717.8861083984375 586.75
737.6126708984375 585.2473754882812
757.3394165039062 583.5486450195312
776.7625732421875 581.9177856445312
796.2285766601562 580.3479614257812
815.5196533203125 578.6530151367188
834.6826782226562 577.0708618164062
853.7174072265625 575.434814453125
872.686767578125 573.7156982421875