1 720 1333
736.53759765625 290.3072204589844
758.3081665039062 287.2159729003906
779.3172607421875 284.2015380859375
799.7772827148438 281.28363037109375
819.7669067382812 278.3977355957031
839.3947143554688 275.5763854980469
858.4346923828125 272.8345031738281
877.0426025390625 270.2220153808594
895.1930541992188 267.5710754394531
912.7996826171875 265.05010986328125
930.1476440429688 262.541748046875
737.7537841796875 314.2757568359375
759.2882690429688 310.8519592285156
780.1702880859375 307.5679016113281
800.4649658203125 304.3985290527344
820.38330078125 301.29302978515625
839.6051025390625 298.2381286621094
858.507568359375 295.26873779296875
876.8949584960938 292.35882568359375
894.91845703125 289.4996032714844
912.44091796875 286.7398986816406
929.58642578125 284.01470947265625
739.0640869140625 337.7466735839844
760.3591918945312 334.1336669921875
780.9180297851562 330.55816650390625
801.1421508789062 327.1728820800781
820.6524658203125 323.7417297363281
839.824462890625 320.4786682128906
858.5467529296875 317.28448486328125
876.8598022460938 314.166259765625
894.6571044921875 311.088134765625
912.1860961914062 308.04052734375
929.1024169921875 305.14971923828125
740.328369140625 360.8160400390625
761.2555541992188 356.9828186035156
781.663330078125 353.1811828613281
801.6084594726562 349.4867858886719
821.1830444335938 345.861328125
840.1854858398438 342.35455322265625
858.6232299804688 338.8856201171875
876.6982421875 335.5306396484375
894.522705078125 332.2618103027344
911.6405029296875 329.06402587890625
928.5317993164062 325.8421630859375
741.3955078125 383.4888610839844
762.2869873046875 379.37017822265625
782.4662475585938 375.3602600097656
802.3207397460938 371.4328308105469
821.4921264648438 367.5491638183594
840.385498046875 363.8217468261719
858.6793212890625 360.1561584472656
876.6544799804688 356.5657958984375
894.3175659179688 353.08856201171875
911.40283203125 349.6084289550781
928.0611572265625 346.31719970703125
742.4874877929688 405.67047119140625
763.1669311523438 401.37103271484375
783.2225952148438 397.118896484375
802.718994140625 392.8945617675781
821.8023681640625 388.8627624511719
840.4920654296875 384.85882568359375
858.7310791015625 381.04486083984375
876.5494384765625 377.27679443359375
893.934326171875 373.5400695800781
910.8746337890625 369.9099426269531
927.5707397460938 366.3660583496094
743.6161499023438 427.4396057128906
763.941650390625 422.83380126953125
783.7817993164062 418.4718017578125
803.3192749023438 414.0943603515625
822.2673950195312 409.741455078125
840.6287231445312 405.6177978515625
858.7030639648438 401.5171203613281
876.4402465820312 397.52435302734375
893.6282348632812 393.630126953125
910.4771728515625 389.7969055175781
926.9470825195312 386.09454345703125
744.6138916015625 448.7161865234375
764.8604125976562 444.01934814453125
784.5099487304688 439.3690490722656
803.7236938476562 434.7503967285156
822.498291015625 430.3674621582031
840.807861328125 425.90484619140625
858.6714477539062 421.65557861328125
876.3297119140625 417.45245361328125
893.3624877929688 413.39373779296875
910.0448608398438 409.3815612792969
926.3507080078125 405.42584228515625