1 720 1333
613.27783203125 480.75775146484375
625.8602905273438 476.7899169921875
638.34619140625 472.8374328613281
650.5555419921875 468.95806884765625
662.6969604492188 465.18878173828125
674.5548706054688 461.3575134277344
686.3522338867188 457.6133117675781
697.9882202148438 453.94781494140625
709.3494873046875 450.2751770019531
720.566650390625 446.67230224609375
731.629150390625 443.25286865234375
618.3563232421875 489.2268371582031
631.1895141601562 485.0732421875
643.712890625 481.0415954589844
656.2265014648438 477.00433349609375
668.4227294921875 473.0436706542969
680.5078125 469.1868591308594
692.4381713867188 465.3441467285156
704.1131591796875 461.4753723144531
715.611572265625 457.6947937011719
726.9803466796875 454.07281494140625
738.188720703125 450.42510986328125
623.5375366210938 497.8028564453125
636.5328979492188 493.6070861816406
649.3969116210938 489.4131774902344
661.8663330078125 485.2982482910156
674.3884887695312 481.2124938964844
686.55615234375 477.2394714355469
698.6189575195312 473.2239685058594
710.4782104492188 469.31427001953125
722.1300659179688 465.3912048339844
733.59423828125 461.5909729003906
744.9078979492188 457.88104248046875
628.976318359375 506.7859191894531
642.2093505859375 502.4041442871094
655.1369018554688 498.0947570800781
667.8717651367188 493.79046630859375
680.4456176757812 489.5880126953125
692.8143310546875 485.47637939453125
705.0768432617188 481.39190673828125
717.0419311523438 477.3106384277344
728.822509765625 473.33544921875
740.4755859375 469.4075622558594
751.7888793945312 465.52801513671875
634.6236572265625 516.079833984375
647.9324340820312 511.5079650878906
661.1456909179688 507.07421875
674.0565795898438 502.610595703125
686.7694091796875 498.31787109375
699.361572265625 494.0301818847656
711.6298217773438 489.72540283203125
723.790283203125 485.58477783203125
735.7554931640625 481.4513854980469
747.4788818359375 477.430419921875
759.1322021484375 473.4977111816406
640.4240112304688 525.621337890625
653.9680786132812 520.90625
667.3206787109375 516.3405151367188
680.436279296875 511.7218322753906
693.3871459960938 507.3068542480469
706.0457763671875 502.81402587890625
718.5352172851562 498.48223876953125
730.8223266601562 494.1733703613281
742.8563232421875 489.8490295410156
754.80810546875 485.6885070800781
766.5039672851562 481.5937194824219
646.4581298828125 535.5181884765625
660.2295532226562 530.6456909179688
673.7251586914062 525.9209594726562
687.0896606445312 521.2286987304688
700.1758422851562 516.5490112304688
712.9826049804688 511.9861145019531
725.6419677734375 507.4564514160156
738.1192626953125 503.0456237792969
750.3765869140625 498.59478759765625
762.372314453125 494.343505859375
774.214599609375 490.11004638671875
652.7008056640625 545.7591552734375
666.649658203125 540.750732421875
680.4039916992188 535.795654296875
693.8812255859375 530.953857421875
707.196533203125 526.2079467773438
720.2271728515625 521.4383544921875
733.0084228515625 516.7742309570312
745.6128540039062 512.2656860351562
757.986083984375 507.6474914550781
770.2177124023438 503.2720947265625
782.1690063476562 498.823974609375