1 720 1333
439.4755859375 137.48793029785156
460.2322998046875 133.43603515625
481.5850830078125 129.27955627441406
503.74041748046875 124.9963607788086
526.65673828125 120.55257415771484
550.4293823242188 116.08439636230469
574.89306640625 111.393310546875
600.3495483398438 106.53845977783203
626.5203247070312 101.6182861328125
653.7584228515625 96.5630111694336
681.8880004882812 91.4166030883789
441.7958679199219 163.6246795654297
462.5573425292969 160.03976440429688
483.8726806640625 156.33970642089844
506.0506591796875 152.4491729736328
528.8663940429688 148.50990295410156
552.546875 144.46112060546875
577.0645751953125 140.31056213378906
602.3761596679688 135.97445678710938
628.5139770507812 131.52877807617188
655.6869506835938 127.03990173339844
683.7478637695312 122.45240020751953
444.27899169921875 189.67486572265625
464.8416748046875 186.47686767578125
486.2659606933594 183.20553588867188
508.3043212890625 179.749267578125
531.145751953125 176.3013916015625
554.6027221679688 172.65975952148438
579.1641845703125 168.97227478027344
604.3665771484375 165.2115020751953
630.48828125 161.28448486328125
657.55908203125 157.31602478027344
685.6347045898438 153.1845703125
446.550537109375 215.52899169921875
467.246337890625 212.719970703125
488.474853515625 209.86395263671875
510.481201171875 206.89247131347656
533.2559204101562 203.8339080810547
556.674560546875 200.6931610107422
581.1329345703125 197.51971435546875
606.3765869140625 194.20556640625
632.4008178710938 190.71017456054688
659.4427490234375 187.3218994140625
687.416259765625 183.7166748046875
448.9363098144531 241.26510620117188
469.4946594238281 238.7932891845703
490.6632385253906 236.40904235839844
512.6268920898438 233.85006713867188
535.4147338867188 231.31243896484375
558.7427978515625 228.57008361816406
583.1763305664062 225.7548370361328
608.28271484375 222.96031188964844
634.35888671875 220.1212921142578
661.2965087890625 217.1887969970703
689.256103515625 214.1599578857422
451.33514404296875 266.6810302734375
471.7247314453125 264.7530212402344
492.94024658203125 262.6900634765625
514.7717895507812 260.6410217285156
537.4982299804688 258.515380859375
560.838623046875 256.3316955566406
585.1804809570312 253.98109436035156
610.26806640625 251.6334686279297
636.2196655273438 249.2982177734375
663.189697265625 246.7366180419922
690.9783325195312 244.3543243408203
453.5961608886719 292.1490173339844
474.08746337890625 290.5257568359375
495.22857666015625 288.88165283203125
517.0248413085938 287.3361511230469
539.5738525390625 285.56256103515625
562.9357299804688 283.7557678222656
587.2069091796875 281.9740295410156
612.2286376953125 280.14996337890625
638.17578125 278.24603271484375
664.9857788085938 276.3118896484375
692.68994140625 274.3139953613281
455.90167236328125 317.3184814453125
476.3689880371094 316.1537170410156
497.4460144042969 314.87005615234375
519.2344970703125 313.6481628417969
541.672607421875 312.46807861328125
565.0386962890625 311.1922302246094
589.2200317382812 309.7172546386719
614.2027587890625 308.42486572265625
640.0497436523438 306.9415588378906
666.7982177734375 305.5023498535156
694.5388793945312 304.0206604003906