1 720 1333
586.16357421875 314.2930908203125
599.8995361328125 319.3569641113281
614.0008544921875 324.5467224121094
628.498291015625 329.87969970703125
643.28466796875 335.4095458984375
658.457763671875 341.0499267578125
673.9956665039062 346.7283935546875
689.8845825195312 352.620849609375
706.2128295898438 358.6407165527344
722.8583984375 364.8334045410156
739.92138671875 371.2079162597656
578.97314453125 329.5998840332031
592.6306762695312 334.83331298828125
606.7330322265625 340.3333435058594
621.1396484375 345.8631591796875
635.9385986328125 351.54498291015625
651.037353515625 357.41925048828125
666.543701171875 363.3800964355469
682.44091796875 369.4855041503906
698.685302734375 375.6903076171875
715.3726196289062 382.21795654296875
732.4562377929688 388.7082214355469
571.6416015625 345.0257873535156
585.40185546875 350.5377197265625
599.3802490234375 356.2052001953125
613.7621459960938 361.88421630859375
628.4931640625 367.81219482421875
643.5958251953125 373.8675842285156
659.0848999023438 380.1321105957031
674.8936767578125 386.4513854980469
691.1793823242188 392.8681335449219
707.7735595703125 399.56207275390625
724.7513427734375 406.39178466796875
564.4028930664062 360.5782775878906
578.007568359375 366.2967224121094
591.9840698242188 372.1612854003906
606.3305053710938 378.1539611816406
621.0502319335938 384.2618713378906
636.1128540039062 390.5257263183594
651.54638671875 396.9261474609375
667.3555908203125 403.49407958984375
683.52001953125 410.2685852050781
700.1621704101562 417.1818542480469
717.1702880859375 424.2189025878906
557.0337524414062 376.2267150878906
570.590087890625 382.1371154785156
584.5487670898438 388.200927734375
598.8182983398438 394.3642883300781
613.5198974609375 400.7070007324219
628.527587890625 407.2598571777344
643.923095703125 413.814453125
659.7114868164062 420.6601867675781
675.8446044921875 427.6048278808594
692.443603515625 434.7320861816406
709.4043579101562 442.1073303222656
549.6156005859375 391.89849853515625
563.2056884765625 398.08331298828125
577.094482421875 404.34490966796875
591.3963012695312 410.728271484375
605.9265747070312 417.3084411621094
620.9342651367188 424.0408020019531
636.327880859375 430.90081787109375
652.0776977539062 437.95111083984375
668.1455078125 445.18524169921875
684.6507568359375 452.5283203125
701.571533203125 460.1075744628906
542.29736328125 407.72015380859375
555.6763305664062 414.0455017089844
569.5833740234375 420.54058837890625
583.7324829101562 427.1822509765625
598.3955688476562 433.9798889160156
613.3402099609375 440.94580078125
628.6182250976562 448.044921875
644.3250122070312 455.34521484375
660.4153442382812 462.732177734375
676.8304443359375 470.3883972167969
693.7584838867188 478.20135498046875
534.7032470703125 423.58697509765625
548.247314453125 430.20465087890625
562.0518798828125 436.8129577636719
576.2427978515625 443.7098083496094
590.716796875 450.7063293457031
605.6307983398438 457.8710021972656
620.8805541992188 465.28118896484375
636.582275390625 472.7411193847656
652.5817260742188 480.4510192871094
669.095703125 488.3558349609375
685.8740234375 496.3716735839844