1 720 1333
680.255126953125 456.0100402832031
692.6145629882812 449.4884948730469
704.6502075195312 443.16839599609375
716.2416381835938 437.04913330078125
727.4762573242188 431.12908935546875
738.3084106445312 425.4039611816406
748.7421264648438 419.79693603515625
758.9120483398438 414.4546813964844
768.8090209960938 409.2167053222656
778.333740234375 404.19366455078125
787.5545654296875 399.2180480957031
683.6054077148438 472.4012756347656
695.9004516601562 465.56951904296875
707.7312622070312 459.0637512207031
719.299072265625 452.6651611328125
730.3722534179688 446.5322265625
741.1163330078125 440.5655822753906
751.4620971679688 434.7977294921875
761.5762329101562 429.2441711425781
771.3397216796875 423.83709716796875
780.7421264648438 418.5148010253906
789.8436889648438 413.4724426269531
687.0236206054688 488.48516845703125
699.2120971679688 481.4947814941406
710.870361328125 474.6902770996094
722.291748046875 468.1834411621094
733.2979736328125 461.75341796875
743.8143920898438 455.6493225097656
754.2110595703125 449.6350402832031
764.146728515625 443.85809326171875
773.8277587890625 438.2664489746094
783.1558837890625 432.8004150390625
792.2652587890625 427.4980163574219
690.3862915039062 504.4605407714844
702.4190063476562 497.2641296386719
714.0244140625 490.2745361328125
725.2945556640625 483.4310607910156
736.1456298828125 476.8574523925781
746.6268920898438 470.5249938964844
756.8157348632812 464.3587646484375
766.7096557617188 458.3796691894531
776.3141479492188 452.5357971191406
785.5281372070312 446.8816223144531
794.5020751953125 441.4521179199219
693.6632690429688 520.2244262695312
705.5731811523438 512.716796875
717.1161499023438 505.5186767578125
728.2117919921875 498.5472717285156
738.9420776367188 491.74993896484375
749.3949584960938 485.24542236328125
759.4928588867188 478.79681396484375
769.287841796875 472.6502990722656
778.7493286132812 466.64678955078125
787.834228515625 460.88934326171875
796.74853515625 455.24896240234375
696.9619750976562 535.7545166015625
708.76171875 528.1359252929688
720.1572265625 520.6876220703125
731.1838989257812 513.5119018554688
741.74072265625 506.5301513671875
752.1148071289062 499.7241516113281
762.114501953125 493.2203674316406
771.7467651367188 486.81414794921875
781.2156372070312 480.6443786621094
790.2736206054688 474.65435791015625
799.0100708007812 468.8472595214844
700.3141479492188 551.2050170898438
711.9041137695312 543.3229370117188
723.2171020507812 535.6358032226562
734.1006469726562 528.2904663085938
744.5812377929688 521.1328735351562
754.7290649414062 514.1859130859375
764.6345825195312 507.40411376953125
774.2517700195312 500.8362121582031
783.5416870117188 494.4979553222656
792.5245361328125 488.37109375
801.3141479492188 482.3481750488281
703.54638671875 566.436767578125
715.0902709960938 558.331787109375
726.181884765625 550.479736328125
736.8892822265625 542.8236694335938
747.35009765625 535.5172729492188
757.4493408203125 528.3720703125
767.2234497070312 521.4558715820312
776.656982421875 514.6971435546875
785.8115844726562 508.2499694824219
794.7620849609375 501.80804443359375
803.4026489257812 495.68548583984375