1 720 1333
653.314697265625 157.96533203125
670.7658081054688 150.6012420654297
687.8282470703125 143.47584533691406
704.4655151367188 136.49180603027344
720.6275634765625 129.68142700195312
736.4252319335938 123.15043640136719
751.7656860351562 116.64138793945312
766.7715454101562 110.44974517822266
781.5037841796875 104.30553436279297
795.6434326171875 98.39363861083984
809.5536499023438 92.58361053466797
660.3779296875 179.13351440429688
677.5652465820312 171.552490234375
694.3705444335938 164.2643280029297
710.666748046875 157.1251678466797
726.5868530273438 150.2069854736328
742.197998046875 143.3970184326172
757.2547607421875 136.74798583984375
772.0864868164062 130.34674072265625
786.4646606445312 124.0954360961914
800.4918212890625 117.89533996582031
814.13720703125 111.95877075195312
667.2783203125 199.728271484375
684.2586669921875 192.0474090576172
700.6642456054688 184.5384979248047
716.7647094726562 177.27198791503906
732.4654541015625 170.1378936767578
747.6787109375 163.24252319335938
762.612060546875 156.44082641601562
777.1722412109375 149.78237915039062
791.408203125 143.3756561279297
805.1878051757812 137.12925720214844
818.6224975585938 130.97225952148438
674.0928344726562 219.9027099609375
690.6879272460938 212.082763671875
706.9099731445312 204.4190216064453
722.6742553710938 196.94036865234375
738.17822265625 189.64601135253906
753.2235107421875 182.53749084472656
767.7813720703125 175.65020751953125
782.1874389648438 168.86422729492188
796.19970703125 162.3145751953125
809.7237548828125 155.8543243408203
822.9927368164062 149.58074951171875
680.642578125 239.65660095214844
697.0325927734375 231.60415649414062
712.9607543945312 223.79669189453125
728.56494140625 216.23548889160156
743.7000122070312 208.76449584960938
758.5228881835938 201.54180908203125
772.9629516601562 194.469970703125
787.1232299804688 187.55055236816406
800.7920532226562 180.82022094726562
814.2760620117188 174.2837371826172
827.3694458007812 167.80894470214844
687.1842041015625 258.9458923339844
703.3023071289062 250.7584991455078
718.933349609375 242.79307556152344
734.311279296875 235.0507354736328
749.2715454101562 227.4672393798828
763.7484741210938 220.13697814941406
777.9932861328125 212.85226440429688
791.8358154296875 205.8222198486328
805.4520263671875 198.96009826660156
818.6363525390625 192.28663635253906
831.531005859375 185.66940307617188
693.494384765625 277.80450439453125
709.387451171875 269.4763488769531
724.7613525390625 261.42791748046875
739.8563232421875 253.49900817871094
754.533935546875 245.78428649902344
768.8652954101562 238.2862091064453
782.8230590820312 230.90972900390625
796.51953125 223.71981811523438
809.8511352539062 216.72769165039062
822.849365234375 209.88002014160156
835.6068725585938 203.25965881347656
699.70703125 296.28076171875
715.3255004882812 287.7870788574219
730.5105590820312 279.56048583984375
745.3547973632812 271.5202331542969
759.7496948242188 263.6608581542969
773.8318481445312 256.075927734375
787.6224365234375 248.57080078125
801.1224975585938 241.3037109375
814.2779541015625 234.14755249023438
827.0711059570312 227.2183837890625
839.5631103515625 220.37252807617188