1 720 1333
568.479248046875 471.2674560546875
581.9085693359375 475.92919921875
595.6928100585938 480.7983703613281
610.0559692382812 485.8173522949219
624.7275390625 491.0121154785156
640.0201416015625 496.3628234863281
655.7308959960938 501.7906799316406
672.0187377929688 507.47918701171875
688.7606811523438 513.311767578125
706.2703247070312 519.3530883789062
724.297607421875 525.5570678710938
559.4685668945312 486.5166931152344
572.76904296875 491.513671875
586.7107543945312 496.6747741699219
600.955810546875 502.0755615234375
615.7633056640625 507.5403747558594
631.0565795898438 513.2664794921875
646.8445434570312 519.0980224609375
663.2096557617188 525.16259765625
680.1155395507812 531.3507080078125
697.5817260742188 537.7636108398438
715.7164306640625 544.4435424804688
550.1648559570312 502.11767578125
563.5341186523438 507.4426574707031
577.4161376953125 512.9717407226562
591.7351684570312 518.6154174804688
606.5555419921875 524.5078125
621.8592529296875 530.5381469726562
637.702880859375 536.7459106445312
654.1674194335938 543.2763061523438
671.1318969726562 549.818115234375
688.6953125 556.72412109375
706.9469604492188 563.8555908203125
540.5386352539062 518.1617431640625
554.0062866210938 523.7429809570312
567.8776245117188 529.5922241210938
582.257080078125 535.6826171875
597.1176147460938 541.9014892578125
612.4357299804688 548.39111328125
628.3928833007812 555.010498046875
644.7843017578125 561.8154907226562
661.8499145507812 568.8986206054688
679.5325317382812 576.308837890625
697.924072265625 583.8661499023438
530.7300415039062 534.4851684570312
544.2272338867188 540.5315551757812
558.137451171875 546.7230224609375
572.4683837890625 553.1808471679688
587.4080810546875 559.7471923828125
602.7491455078125 566.6123657226562
618.7005615234375 573.640869140625
635.309326171875 580.9705810546875
652.377685546875 588.5300903320312
670.1777954101562 596.3977661132812
688.5726318359375 604.4723510742188
520.6359252929688 551.3287963867188
534.1951904296875 557.6570434570312
548.0468139648438 564.318359375
562.4725341796875 571.1142578125
577.4168090820312 578.1802368164062
592.7684936523438 585.3920288085938
608.824951171875 592.8570556640625
625.42578125 600.6290893554688
642.5985107421875 608.660888671875
660.4476928710938 617.06103515625
679.0348510742188 625.6470336914062
510.38287353515625 568.520751953125
523.7752075195312 575.2804565429688
537.7318725585938 582.2783203125
552.1994018554688 589.4906005859375
567.2061157226562 596.9140625
582.6030883789062 604.6427001953125
598.6622314453125 612.6095581054688
615.3325805664062 620.8724365234375
632.5479125976562 629.4463500976562
650.4925537109375 638.3287963867188
669.1594848632812 647.5049438476562
499.7023620605469 586.2056884765625
513.2310180664062 593.3433837890625
527.2136840820312 600.7218627929688
541.607177734375 608.38623046875
556.5631713867188 616.3316040039062
572.1775512695312 624.4856567382812
588.236083984375 632.9467163085938
604.9151000976562 641.693359375
622.277587890625 650.7650146484375
640.2960205078125 660.246337890625
658.9928588867188 669.9420166015625