1 720 1333
620.88330078125 419.8175048828125
637.2391967773438 424.9739685058594
653.6342163085938 430.1655578613281
670.34375 435.3946228027344
687.1995239257812 440.6300354003906
704.2153930664062 445.9512023925781
721.36279296875 451.31689453125
738.7405395507812 456.6438903808594
756.3156127929688 462.13922119140625
774.0394287109375 467.5897216796875
791.87109375 473.1437072753906
614.6470336914062 435.5434875488281
631.0813598632812 440.7977294921875
647.6674194335938 446.1949157714844
664.501220703125 451.5263977050781
681.49609375 456.9122619628906
698.5988159179688 462.3991394042969
715.9996948242188 467.8846740722656
733.4998779296875 473.4353332519531
751.2896728515625 479.0564270019531
769.1775512695312 484.6502685546875
787.2609252929688 490.4269714355469
608.3009643554688 451.5984802246094
624.7738037109375 457.0458984375
641.564208984375 462.4938659667969
658.5199584960938 468.00103759765625
675.6181030273438 473.5937194824219
692.9347534179688 479.2267761230469
710.5072631835938 484.8240051269531
728.2372436523438 490.5704040527344
746.062255859375 496.326171875
764.1746215820312 502.17242431640625
782.4217529296875 508.0093994140625
601.6961669921875 467.9792785644531
618.41845703125 473.5419921875
635.3335571289062 479.2118225097656
652.4179077148438 484.8620910644531
669.6952514648438 490.60699462890625
687.2023315429688 496.3934020996094
704.8070068359375 502.219970703125
722.6737670898438 508.0489196777344
740.7486572265625 513.9468994140625
759.0220947265625 519.9555053710938
777.4805908203125 526.0464477539062
595.081787109375 484.6417541503906
611.8638305664062 490.4439697265625
628.8802490234375 496.2466125488281
646.2182006835938 502.0877380371094
663.5844116210938 507.93194580078125
681.2808837890625 513.9201049804688
699.1184692382812 519.8623657226562
717.1710205078125 525.9444580078125
735.391357421875 532.0293579101562
753.7532958984375 538.2376098632812
772.435546875 544.4706420898438
588.273193359375 501.726806640625
605.2529296875 507.62689208984375
622.4364013671875 513.6104125976562
639.7677612304688 519.612060546875
657.4396362304688 525.701416015625
675.2192993164062 531.7999267578125
693.2645263671875 538.0416870117188
711.4119873046875 544.2693481445312
729.7918090820312 550.5234985351562
748.4555053710938 556.8471069335938
767.3037719726562 563.341796875
581.2999877929688 519.192138671875
598.423583984375 525.2930908203125
615.68505859375 531.3999633789062
633.3367309570312 537.5955200195312
651.0494995117188 543.80419921875
668.9917602539062 550.1651611328125
687.2171630859375 556.5210571289062
705.5636596679688 562.9193725585938
724.1840209960938 569.4220581054688
742.939453125 575.9697875976562
761.974365234375 582.589111328125
574.1965942382812 537.010498046875
591.4351196289062 543.2495727539062
608.8668823242188 549.5407104492188
626.6126098632812 555.9054565429688
644.5327758789062 562.4020385742188
662.6572265625 568.8548583984375
681.0230102539062 575.4697875976562
699.5672607421875 582.0872192382812
718.3911743164062 588.7371215820312
737.3723754882812 595.522705078125
756.5301513671875 602.3283081054688