1 720 1333
678.281005859375 461.6845703125
695.6636352539062 462.27410888671875
712.876953125 462.5835876464844
730.013427734375 463.092041015625
746.7178955078125 463.4665832519531
763.3538818359375 463.748046875
779.6911010742188 464.25970458984375
795.8990478515625 464.529541015625
811.8169555664062 464.791259765625
827.6188354492188 465.2669677734375
843.2152099609375 465.5377502441406
679.7311401367188 478.5834655761719
697.4747924804688 478.94610595703125
714.9381103515625 479.3643493652344
732.2376708984375 479.60308837890625
749.3040771484375 479.86248779296875
766.1048583984375 480.2660827636719
782.6914672851562 480.4892578125
799.0932006835938 480.6359558105469
815.3179321289062 480.9385070800781
831.2952880859375 481.28802490234375
846.9910278320312 481.4603576660156
681.3885498046875 496.049072265625
699.3721313476562 496.33642578125
717.046875 496.4767761230469
734.5936889648438 496.6684265136719
751.7980346679688 496.8496398925781
768.9044189453125 497.1153869628906
785.7276611328125 497.2933349609375
802.4053344726562 497.4425354003906
818.7540283203125 497.52801513671875
834.958984375 497.6239318847656
850.927734375 497.7835388183594
682.9552612304688 513.9168090820312
701.2596435546875 514.1272583007812
719.2875366210938 514.2722778320312
736.9741821289062 514.3504638671875
754.5574951171875 514.4266357421875
771.7919921875 514.4844970703125
788.8971557617188 514.5266723632812
805.7346801757812 514.5614624023438
822.426025390625 514.5989379882812
838.799072265625 514.661865234375
854.9839477539062 514.69189453125
684.6061401367188 532.4435424804688
703.2423095703125 532.4585571289062
721.4542846679688 532.4536743164062
739.5050048828125 532.460205078125
757.3078002929688 532.4522094726562
774.8447265625 532.444091796875
792.2235107421875 532.4119262695312
809.3130493164062 532.3567504882812
826.210205078125 532.3124389648438
842.73388671875 532.2738037109375
859.2581176757812 532.2293701171875
686.4297485351562 551.5307006835938
705.2886352539062 551.4518432617188
723.752685546875 551.3963623046875
742.1187744140625 551.2732543945312
760.1831665039062 551.10107421875
777.9440307617188 550.8897705078125
795.5426025390625 550.7037353515625
812.8578491210938 550.5771484375
829.99853515625 550.4398193359375
846.8413696289062 550.3234252929688
863.4813842773438 550.1487426757812
688.2741088867188 571.3081665039062
707.392822265625 571.0739135742188
726.217529296875 570.7527465820312
744.745849609375 570.5421752929688
763.1419067382812 570.357421875
781.1898803710938 570.0980224609375
799.00537109375 569.6842041015625
816.5863037109375 569.4952392578125
833.9506225585938 569.2202758789062
851.0765991210938 568.8072509765625
867.8828125 568.5559692382812
690.1517333984375 591.6488647460938
709.5111083984375 591.351806640625
728.6359252929688 590.9085693359375
747.539306640625 590.5407104492188
766.1754760742188 590.230712890625
784.4878540039062 589.698974609375
802.5620727539062 589.4135131835938
820.4200439453125 588.9044799804688
838.040771484375 588.5090942382812
855.3627319335938 588.1434326171875
872.4300537109375 587.596435546875