1 720 1333
501.5428161621094 306.4132385253906
518.0693969726562 307.484375
535.145751953125 308.56365966796875
552.8087768554688 309.70892333984375
571.315673828125 310.9912109375
590.467529296875 312.3111267089844
610.4266967773438 313.5704650878906
631.2257690429688 314.9523620605469
652.6088256835938 316.4559326171875
675.2614135742188 317.8947448730469
698.5145874023438 319.5033264160156
504.115966796875 327.69482421875
520.3916625976562 329.27392578125
537.388427734375 330.6451721191406
554.9138793945312 332.3500061035156
573.3419799804688 333.89166259765625
592.331787109375 335.58892822265625
612.1263427734375 337.4476318359375
632.5502319335938 339.27874755859375
653.9608154296875 341.23834228515625
676.332275390625 343.21478271484375
699.4300537109375 345.2298278808594
506.46185302734375 348.6769714355469
522.6690673828125 350.5433044433594
539.5260620117188 352.466064453125
557.0560913085938 354.4140319824219
575.2711791992188 356.4682312011719
594.132568359375 358.5668640136719
613.6596069335938 360.7027893066406
634.1287841796875 363.068359375
655.2610473632812 365.4320068359375
677.3506469726562 367.7956848144531
700.2882080078125 370.3887023925781
508.8407287597656 369.42095947265625
524.9397583007812 371.5635986328125
541.692138671875 373.7867431640625
559.1049194335938 376.2243347167969
577.1476440429688 378.55792236328125
595.7941284179688 381.1015625
615.3507690429688 383.662109375
635.4767456054688 386.37420654296875
656.4758911132812 389.2018737792969
678.3701171875 392.06488037109375
701.023193359375 394.9561462402344
511.25238037109375 389.6343078613281
527.2474975585938 392.16326904296875
543.8187255859375 394.76177978515625
561.1332397460938 397.45758056640625
579.0418090820312 400.283935546875
597.5410766601562 403.1867980957031
616.7991333007812 406.1355895996094
636.8285522460938 409.2432556152344
657.6516723632812 412.43133544921875
679.3158569335938 415.62481689453125
701.6953735351562 419.0569152832031
513.50830078125 409.5381164550781
529.4850463867188 412.45330810546875
545.90966796875 415.34088134765625
563.1327514648438 418.43377685546875
580.8114013671875 421.538818359375
599.34619140625 424.7448425292969
618.42578125 428.11199951171875
638.3567504882812 431.5523681640625
658.772216796875 435.1749267578125
680.3494873046875 438.761474609375
702.4944458007812 442.5664978027344
515.7999877929688 429.17236328125
531.5801391601562 432.28582763671875
548.0990600585938 435.5418701171875
565.0814819335938 438.87542724609375
582.6599731445312 442.3758239746094
600.9649658203125 445.9169921875
619.9183959960938 449.5838928222656
639.5882568359375 453.4230041503906
659.996826171875 457.3581848144531
681.2453002929688 461.3947448730469
703.2344360351562 465.53863525390625
518.0413208007812 448.36444091796875
533.742431640625 451.7767333984375
550.081298828125 455.361572265625
566.9852905273438 458.9975891113281
584.4920654296875 462.7481689453125
602.6051635742188 466.6368408203125
621.4806518554688 470.6398010253906
641.0114135742188 474.766357421875
661.2474365234375 479.0572509765625
682.2589111328125 483.4098205566406
703.8525390625 487.8875427246094