1 720 1333
555.998291015625 188.124755859375
569.9676513671875 187.70643615722656
584.300537109375 187.5435791015625
599.0805053710938 187.3895263671875
614.2496337890625 187.09210205078125
629.7705688476562 186.75038146972656
645.7685546875 186.5791015625
662.35107421875 186.40248107910156
679.255859375 186.2133026123047
696.6771240234375 185.91961669921875
714.6287231445312 185.70651245117188
554.1897583007812 205.3335723876953
568.1207275390625 205.36843872070312
582.4000244140625 205.32293701171875
597.1216430664062 205.3046875
612.2918090820312 205.3090362548828
627.6995849609375 205.3212890625
643.7237548828125 205.3232879638672
660.2319946289062 205.36895751953125
677.13720703125 205.38438415527344
694.5109252929688 205.46884155273438
712.450927734375 205.5098419189453
552.359619140625 222.5086212158203
566.2136840820312 222.62655639648438
580.4819946289062 222.84320068359375
595.1857299804688 223.22555541992188
610.288818359375 223.4196014404297
625.713134765625 223.6098175048828
641.644287109375 223.8863983154297
658.1520385742188 224.26925659179688
674.9361572265625 224.5325469970703
692.3890380859375 224.8006134033203
710.2816162109375 225.32579040527344
550.4408569335938 239.67747497558594
564.3626098632812 240.20974731445312
578.5320434570312 240.5823974609375
593.2445678710938 241.0907745361328
608.2737426757812 241.52684020996094
623.6884155273438 242.0736846923828
639.6254272460938 242.57485961914062
656.0476684570312 243.22708129882812
672.7777709960938 243.654296875
690.224853515625 244.40576171875
708.0733642578125 245.01416015625
548.59423828125 256.8663330078125
562.431396484375 257.5721740722656
576.6141357421875 258.3056335449219
591.2785034179688 258.91595458984375
606.2960815429688 259.62750244140625
621.647705078125 260.4866943359375
637.582275390625 261.31585693359375
653.8841552734375 262.0767822265625
670.6978759765625 262.85772705078125
688.0572509765625 263.7600402832031
705.8231201171875 264.6566162109375
546.7401733398438 274.16802978515625
560.5341796875 274.9841613769531
574.6674194335938 275.9002380371094
589.3584594726562 276.795166015625
604.2985229492188 277.8102722167969
619.6474609375 278.77337646484375
635.5276489257812 279.87060546875
651.8059692382812 281.0017395019531
668.5757446289062 282.1506042480469
685.868408203125 283.3370361328125
703.62548828125 284.5176086425781
544.892333984375 291.34783935546875
558.623046875 292.4232177734375
572.7662963867188 293.52545166015625
587.3807983398438 294.69091796875
602.3233032226562 295.9417724609375
617.6203002929688 297.2694091796875
633.5400390625 298.5372009277344
649.719482421875 299.8553161621094
666.5106811523438 301.343505859375
683.697509765625 302.70782470703125
701.4987182617188 304.2939758300781
543.0674438476562 308.4687805175781
556.7465209960938 309.72637939453125
570.8330078125 311.2187194824219
585.4158935546875 312.5897216796875
600.3546142578125 314.1566162109375
615.6471557617188 315.5841064453125
631.475830078125 317.2206726074219
647.6826171875 318.7481384277344
664.4349975585938 320.47576904296875
681.5966186523438 322.22088623046875
699.3623657226562 323.9283752441406