1 720 1333
632.2909545898438 203.6591796875
647.5791625976562 192.3444366455078
662.4907836914062 181.3301544189453
677.1171264648438 170.514404296875
691.3758544921875 159.9964141845703
705.3275146484375 149.6728973388672
718.8574829101562 139.65252685546875
732.267822265625 129.77374267578125
745.3301391601562 120.21910858154297
757.9840087890625 110.7441177368164
770.4414672851562 101.53099060058594
639.86376953125 221.48138427734375
654.786376953125 210.22808837890625
669.4341430664062 199.17901611328125
683.608642578125 188.44491577148438
697.5555419921875 177.85853576660156
711.19482421875 167.59706115722656
724.4993286132812 157.52789306640625
737.5175170898438 147.6939697265625
750.3419189453125 138.04055786132812
762.70703125 128.61305236816406
774.8717041015625 119.41410064697266
647.2528076171875 238.6422119140625
661.7943725585938 227.39056396484375
676.0379638671875 216.41412353515625
689.9615478515625 205.59861755371094
703.5724487304688 195.19752502441406
716.8619384765625 184.82180786132812
729.8688354492188 174.77442932128906
742.6447143554688 164.93991088867188
755.222412109375 155.31475830078125
767.376220703125 145.7967529296875
779.3255615234375 136.5807342529297
654.394287109375 255.2468719482422
668.5519409179688 244.0121307373047
682.48974609375 233.0001678466797
696.0894165039062 222.30210876464844
709.4199829101562 211.7357177734375
722.4051513671875 201.55368041992188
735.1984252929688 191.43955993652344
747.6217651367188 181.58604431152344
759.8658447265625 171.9446258544922
771.7575073242188 162.53952026367188
783.5033569335938 153.2799835205078
661.2221069335938 271.1567077636719
675.1093139648438 259.9604187011719
688.6307373046875 249.0801239013672
701.98974609375 238.3081512451172
714.98046875 227.83270263671875
727.7213134765625 217.56826782226562
740.2379760742188 207.56683349609375
752.4439086914062 197.64723205566406
764.407958984375 188.12506103515625
776.1386108398438 178.57321166992188
787.5321655273438 169.40345764160156
667.7555541992188 286.6043701171875
681.4119262695312 275.3775329589844
694.6539916992188 264.5324401855469
707.6287841796875 253.83837890625
720.4633178710938 243.34906005859375
732.8134765625 233.22265625
745.135009765625 223.08753967285156
757.0697631835938 213.32586669921875
768.76611328125 203.63133239746094
780.2642211914062 194.2532958984375
791.482177734375 184.89340209960938
674.2138671875 301.3939514160156
687.4693603515625 290.36297607421875
700.4751586914062 279.4181823730469
713.2061157226562 268.74871826171875
725.625 258.386962890625
737.8089599609375 248.1514434814453
749.744384765625 238.219970703125
761.5252075195312 228.29876708984375
772.9235229492188 218.74171447753906
784.2705688476562 209.2449188232422
795.2545166015625 200.07003784179688
680.3553466796875 315.71630859375
693.382568359375 304.62109375
706.0564575195312 293.85400390625
718.5425415039062 283.23968505859375
730.6386108398438 272.87091064453125
742.6275024414062 262.6581115722656
754.3575439453125 252.63070678710938
765.7368774414062 242.8863067626953
777.1078491210938 233.285888671875
787.9518432617188 223.88333129882812
798.7859497070312 214.5793914794922