1 720 1333
608.2093505859375 478.6756591796875
626.408203125 478.752685546875
644.7306518554688 478.9098205566406
663.3928833007812 479.0091857910156
682.216796875 479.1431579589844
701.21875 479.2074890136719
720.3443603515625 479.2786560058594
739.60595703125 479.2930603027344
759.18701171875 479.2747802734375
778.76806640625 479.3066711425781
798.6167602539062 479.279052734375
606.1817626953125 496.5143737792969
624.5507202148438 496.6722717285156
643.3067626953125 496.8858642578125
662.169677734375 497.15875244140625
681.2569580078125 497.37127685546875
700.4644775390625 497.497802734375
719.839599609375 497.5835876464844
739.5379638671875 497.64971923828125
759.4000244140625 497.7368469238281
779.3910522460938 497.88922119140625
799.5842895507812 498.0888366699219
604.0164794921875 514.8023681640625
622.7162475585938 515.2084350585938
641.6199340820312 515.5136108398438
660.7946166992188 515.7070922851562
680.2852172851562 516.1339111328125
699.7246704101562 516.3907470703125
719.529541015625 516.544921875
739.49609375 516.7403564453125
759.5997924804688 516.9974975585938
779.9091796875 517.2841186523438
800.478271484375 517.4881591796875
601.7532348632812 533.716796875
620.7662353515625 534.294677734375
640.0672607421875 534.5966186523438
659.5059814453125 535.0665893554688
679.245361328125 535.4495239257812
699.0938110351562 535.7424926757812
719.2103881835938 536.2402954101562
739.4019775390625 536.5029296875
759.8182373046875 536.7771606445312
780.515869140625 537.2222900390625
801.4677734375 537.5062866210938
599.5111694335938 553.3754272460938
618.7837524414062 553.78173828125
638.3897094726562 554.417724609375
658.199462890625 554.8607788085938
678.1809692382812 555.4629516601562
698.3909912109375 555.8800659179688
718.6388549804688 556.4216918945312
739.3643798828125 556.8013305664062
760.2158813476562 557.3867797851562
781.2359008789062 557.69140625
802.4525756835938 558.3047485351562
597.2166748046875 573.4954223632812
616.7442016601562 574.2207641601562
636.6083984375 574.77978515625
656.6666870117188 575.4873657226562
677.1024780273438 576.169921875
697.5308837890625 576.6959228515625
718.3555297851562 577.4241333007812
739.2681884765625 577.8915405273438
760.4722900390625 578.50537109375
781.74658203125 579.1301879882812
803.4611206054688 579.6292724609375
594.6995849609375 594.3765869140625
614.6334228515625 595.127197265625
634.7998657226562 595.8175659179688
655.3069458007812 596.640869140625
675.8185424804688 597.4742431640625
696.6889038085938 598.2884521484375
717.7556762695312 598.9300537109375
739.2210693359375 599.6533203125
760.6436157226562 600.4513549804688
782.5003662109375 601.2178955078125
804.4556274414062 601.7821655273438
592.2354125976562 615.76123046875
612.4613037109375 616.7108764648438
633.0084838867188 617.6641845703125
653.68505859375 618.6021118164062
674.6630859375 619.5521240234375
695.8389892578125 620.4793701171875
717.4097900390625 621.3991088867188
739.1417236328125 622.2957763671875
761.0671997070312 623.1646728515625
783.21240234375 623.997802734375
805.57568359375 624.7601318359375