1 720 1333
615.3975830078125 483.58349609375
629.1607055664062 482.2731018066406
642.8052368164062 480.774169921875
656.4976806640625 479.4471130371094
670.1832885742188 478.07098388671875
683.6673583984375 476.6079406738281
697.3329467773438 475.2978210449219
710.76171875 473.7998962402344
724.3156127929688 472.37506103515625
737.6467895507812 471.03326416015625
751.0658569335938 469.6216735839844
616.0123901367188 493.1146545410156
630.0355224609375 491.6162109375
643.9714965820312 490.2970886230469
657.877685546875 488.7654724121094
671.7539672851562 487.3918762207031
685.6206665039062 485.9239807128906
699.44921875 484.5005798339844
713.2349853515625 483.0666198730469
726.8618774414062 481.5960693359375
740.5631103515625 480.2069091796875
754.142333984375 478.6652526855469
616.657470703125 502.8548278808594
630.8975830078125 501.4458312988281
645.2382202148438 499.96832275390625
659.3678588867188 498.4975891113281
673.5310668945312 497.0869445800781
687.5684814453125 495.5655517578125
701.637451171875 494.13934326171875
715.6188354492188 492.5935974121094
729.6271362304688 491.1479797363281
743.4761962890625 489.60205078125
757.4208374023438 488.2395935058594
617.3884887695312 513.1051635742188
631.8818359375 511.5738525390625
646.40087890625 510.12860107421875
660.852294921875 508.60107421875
675.2821655273438 507.10272216796875
689.61376953125 505.5564880371094
704.0169067382812 504.0796203613281
718.2765502929688 502.498291015625
732.4484252929688 500.9648132324219
746.6109619140625 499.4740905761719
760.6636352539062 497.9646301269531
618.1213989257812 523.64013671875
632.8982543945312 522.1563720703125
647.6560668945312 520.5868530273438
662.4430541992188 519.0700073242188
677.1611328125 517.483642578125
691.7453002929688 515.9027099609375
706.4133911132812 514.4042358398438
720.8807983398438 512.748779296875
735.4395141601562 511.2611083984375
749.765869140625 509.6485290527344
764.2425537109375 508.1737976074219
618.8218383789062 534.6123657226562
633.9736938476562 533.1047973632812
649.058837890625 531.4967651367188
664.09326171875 529.8726196289062
679.0732421875 528.356689453125
693.96142578125 526.6870727539062
708.8416137695312 525.1812744140625
723.6953735351562 523.5299682617188
738.471923828125 521.8345336914062
753.1884765625 520.336181640625
767.764404296875 518.673583984375
619.63525390625 546.0806884765625
635.0776977539062 544.4541015625
650.419921875 542.7764282226562
665.7279052734375 541.2481079101562
681.0971069335938 539.5552368164062
696.2935180664062 537.8855590820312
711.4993896484375 536.3406982421875
726.5914306640625 534.627685546875
741.6324462890625 532.9498901367188
756.6061401367188 531.3843994140625
771.5380249023438 529.6992797851562
620.4539184570312 557.885986328125
636.2561645507812 556.3163452148438
651.8577270507812 554.583251953125
667.538818359375 552.92041015625
683.202880859375 551.3452758789062
698.6631469726562 549.597412109375
714.2158203125 547.9136962890625
729.5870971679688 546.2960205078125
744.9505004882812 544.5496215820312
760.2947387695312 542.8258666992188
775.4713745117188 541.2410278320312