1 720 1333
526.9114990234375 208.3650665283203
538.923583984375 197.2089080810547
551.2646484375 186.02825927734375
563.65869140625 174.52102661132812
576.424560546875 162.9104461669922
589.3544311523438 151.1267547607422
602.4716186523438 139.15921020507812
615.7896728515625 126.909423828125
629.439697265625 114.46884155273438
643.3560791015625 101.88121032714844
657.4443969726562 89.13806915283203
531.1728515625 219.4338836669922
543.4344482421875 208.3541717529297
555.8406982421875 196.95669555664062
568.5809326171875 185.5266571044922
581.5402221679688 173.73828125
594.6712646484375 161.91529846191406
608.1551513671875 149.7529296875
621.7079467773438 137.49002075195312
635.607421875 124.96672058105469
649.745849609375 112.31328582763672
664.2086791992188 99.37369537353516
535.4961547851562 230.9613494873047
547.8884887695312 219.68865966796875
560.652099609375 208.41258239746094
573.5957641601562 196.7086639404297
586.779052734375 185.0006103515625
600.2874145507812 172.96490478515625
613.8624267578125 160.78591918945312
627.8021850585938 148.40536499023438
641.94677734375 135.7233428955078
656.4483642578125 122.96178436279297
671.1787109375 109.92435455322266
539.8824462890625 242.78831481933594
552.6507568359375 231.5605926513672
565.585693359375 220.03713989257812
578.7648315429688 208.4331512451172
592.296142578125 196.4793243408203
605.9707641601562 184.4696502685547
619.8927612304688 172.17730712890625
634.152099609375 159.64390563964844
648.5447387695312 146.89659118652344
663.3483276367188 134.02452087402344
678.3763427734375 120.86575317382812
544.5133666992188 255.0588836669922
557.4462890625 243.66636657714844
570.6507568359375 232.22903442382812
584.178466796875 220.37057495117188
597.8538208007812 208.44708251953125
611.8377685546875 196.27615356445312
626.1251220703125 183.8677520751953
640.60009765625 171.31735229492188
655.3738403320312 158.4601593017578
670.4437255859375 145.45570373535156
685.73974609375 132.23971557617188
549.2717895507812 267.6784362792969
562.4496459960938 256.3492431640625
575.9121704101562 244.62258911132812
589.6377563476562 232.78233337402344
603.6504516601562 220.7129669189453
617.9470825195312 208.50784301757812
632.5160522460938 196.02139282226562
647.3504028320312 183.350830078125
662.4170532226562 170.404052734375
677.76806640625 157.33995056152344
693.4818115234375 143.9024658203125
554.0989379882812 280.727783203125
567.5663452148438 269.2362976074219
581.3500366210938 257.5643310546875
595.3816528320312 245.586669921875
609.6593627929688 233.52992248535156
624.3237915039062 221.1356964111328
639.191650390625 208.578857421875
654.3155517578125 195.76400756835938
669.6697387695312 182.759033203125
685.4644775390625 169.54852294921875
701.4788818359375 156.12510681152344
559.1590576171875 294.2393493652344
572.841796875 282.6009826660156
586.8326416015625 270.82489013671875
601.27685546875 258.855224609375
615.8510131835938 246.63885498046875
630.7540893554688 234.30673217773438
646.0360717773438 221.5612335205078
661.5149536132812 208.70413208007812
677.3261108398438 195.598388671875
693.4266967773438 182.34095764160156
709.7499389648438 168.6978759765625