1 720 1333
622.5809936523438 478.21331787109375
634.2057495117188 471.63067626953125
645.423095703125 465.3795471191406
656.3383178710938 459.24658203125
666.8631591796875 453.3097229003906
677.24072265625 447.45855712890625
687.208984375 441.79010009765625
696.9524536132812 436.3321228027344
706.4014892578125 430.94140625
715.5545654296875 425.70672607421875
724.4913940429688 420.72381591796875
631.9942016601562 490.33245849609375
643.52099609375 483.5554504394531
654.6849975585938 477.0465087890625
665.5081787109375 470.6650085449219
676.1609497070312 464.4918212890625
686.3414306640625 458.5093688964844
696.3358764648438 452.616943359375
705.9022827148438 446.97503662109375
715.389404296875 441.41387939453125
724.462158203125 436.08251953125
733.3231201171875 430.7538757324219
641.5423583984375 502.620849609375
653.0651245117188 495.6010437011719
664.1655883789062 488.8451232910156
674.9886474609375 482.3145751953125
685.4414672851562 475.882080078125
695.638427734375 469.6736755371094
705.4808959960938 463.65594482421875
715.13037109375 457.69671630859375
724.4193115234375 452.10430908203125
733.4994506835938 446.4484558105469
742.2908325195312 441.1412353515625
651.3624877929688 515.1736450195312
662.7118530273438 507.9250183105469
673.7838745117188 500.8642578125
684.5157470703125 494.12823486328125
694.9786376953125 487.4695739746094
705.0607299804688 481.0840148925781
714.831787109375 474.7417297363281
724.3897094726562 468.67919921875
733.6338500976562 462.71820068359375
742.6067504882812 457.15289306640625
751.3659057617188 451.4464416503906
661.2830200195312 527.8101806640625
672.6172485351562 520.385498046875
683.568359375 513.1367797851562
694.3250122070312 506.0799255371094
704.5888671875 499.260986328125
714.6312866210938 492.54620361328125
724.3867797851562 486.14044189453125
733.7825317382812 479.752197265625
743.0473022460938 473.6793518066406
751.8790283203125 467.71099853515625
760.5648803710938 462.0955505371094
671.4130859375 540.7743530273438
682.6114501953125 533.0728149414062
693.567138671875 525.5287475585938
704.175537109375 518.2686767578125
714.4591674804688 511.16705322265625
724.4058227539062 504.2998962402344
734.0368041992188 497.56085205078125
743.449462890625 491.131591796875
752.5166015625 484.6961669921875
761.3571166992188 478.66363525390625
769.8988037109375 472.63818359375
681.61376953125 553.8969116210938
692.8529052734375 545.8944702148438
703.6917724609375 538.1671142578125
714.2332153320312 530.57421875
724.4241943359375 523.2908935546875
734.2801513671875 516.177001953125
743.8135986328125 509.2899475097656
753.1582641601562 502.53216552734375
762.1734008789062 496.0239562988281
770.8902587890625 489.6601257324219
779.4295043945312 483.57708740234375
692.197509765625 567.3325805664062
703.3120727539062 558.93896484375
714.0314331054688 550.9224243164062
724.4625854492188 543.1622924804688
734.5289306640625 535.5639038085938
744.3600463867188 528.2639770507812
753.7400512695312 521.1204833984375
763.0166015625 514.2057495117188
771.9097900390625 507.44415283203125
780.5593872070312 500.9181823730469
788.9636840820312 494.5274658203125