1 720 1333
616.1229248046875 503.45623779296875
627.321533203125 496.7237243652344
638.1969604492188 490.33984375
648.7565307617188 483.9638671875
659.0961303710938 477.8086853027344
669.05615234375 471.8305969238281
678.8934326171875 466.077880859375
688.358642578125 460.39288330078125
697.6295776367188 454.8181457519531
706.5338134765625 449.4429626464844
715.43603515625 444.3193359375
625.98876953125 512.2810668945312
637.204345703125 505.38037109375
648.1034545898438 498.6559753417969
658.6463012695312 492.2120056152344
668.8862915039062 485.7906494140625
679.0003051757812 479.6498107910156
688.68115234375 473.6326904296875
698.231689453125 467.7808532714844
707.3682250976562 462.0862121582031
716.423095703125 456.6012878417969
725.065673828125 451.210693359375
636.165283203125 521.2987060546875
647.3629150390625 514.2052001953125
658.2323608398438 507.2954406738281
668.7501831054688 500.5205078125
679.1111450195312 494.03045654296875
689.049560546875 487.5875549316406
698.7561645507812 481.46478271484375
708.1906127929688 475.4120178222656
717.43505859375 469.5235290527344
726.3701782226562 463.7596740722656
735.0970458984375 458.3802185058594
646.5494995117188 530.4927368164062
657.7094116210938 523.1615600585938
668.6093139648438 516.0241088867188
679.2335205078125 509.1127014160156
689.4049072265625 502.340576171875
699.4699096679688 495.76165771484375
709.0839233398438 489.4229431152344
718.526611328125 483.243408203125
727.6375732421875 477.11474609375
736.5999145507812 471.3368225097656
745.2661743164062 465.5077819824219
657.2922973632812 539.9702758789062
668.4561767578125 532.3853149414062
679.3385620117188 525.009521484375
689.7929077148438 517.8068237304688
700.12548828125 510.88812255859375
709.9775390625 504.1400451660156
719.6648559570312 497.5432434082031
729.0910034179688 491.1441650390625
738.224853515625 484.88189697265625
747.0769653320312 478.7934265136719
755.6526489257812 473.0462341308594
668.2944946289062 549.6882934570312
679.4793701171875 541.80810546875
690.2914428710938 534.280029296875
700.7686767578125 526.8193359375
710.9985961914062 519.6165161132812
720.8772583007812 512.6928100585938
730.5166015625 505.8507080078125
739.8712158203125 499.34521484375
748.9444580078125 492.79644775390625
757.7591552734375 486.65350341796875
766.4075927734375 480.54974365234375
679.605712890625 559.6799926757812
690.7284545898438 551.5348510742188
701.5773315429688 543.687744140625
712.0689697265625 536.1077880859375
722.264404296875 528.6544799804688
732.0952758789062 521.4575805664062
741.6443481445312 514.507080078125
750.961669921875 507.61297607421875
759.9715576171875 501.0718078613281
768.77099609375 494.5830078125
777.300048828125 488.4275817871094
691.2794799804688 569.9274291992188
702.4137573242188 561.5516967773438
713.1761474609375 553.4334716796875
723.6073608398438 545.5429077148438
733.6896362304688 537.8610229492188
743.5732421875 530.5018920898438
753.0914916992188 523.3004150390625
762.3231811523438 516.310791015625
771.326904296875 509.4443664550781
779.953369140625 502.8174133300781
788.4957275390625 496.4036865234375