1 720 1333
742.415771484375 424.7751770019531
759.1411743164062 421.91363525390625
775.3135986328125 419.15814208984375
791.1932373046875 416.383544921875
806.49951171875 413.6993103027344
821.5059814453125 411.1011962890625
836.2145385742188 408.5101318359375
850.5071411132812 406.06329345703125
864.4393310546875 403.5946044921875
878.1039428710938 401.300537109375
891.3301391601562 398.9212341308594
744.41796875 444.3556213378906
761.0364990234375 441.2066345214844
777.2725830078125 438.1761779785156
792.9425048828125 435.193359375
808.408447265625 432.29852294921875
823.3301391601562 429.44384765625
837.9623413085938 426.64215087890625
852.275634765625 423.9316711425781
866.222412109375 421.373046875
879.6744995117188 418.7075500488281
893.0277709960938 416.2630310058594
746.3746948242188 463.7615661621094
762.9437866210938 460.4373779296875
779.1327514648438 457.1595458984375
794.811279296875 453.88690185546875
810.219482421875 450.74822998046875
825.18701171875 447.6816101074219
839.6727905273438 444.7369384765625
854.0114135742188 441.787109375
867.8955078125 438.9947814941406
881.4778442382812 436.2480163574219
894.6632690429688 433.4853820800781
748.3821411132812 483.2469177246094
764.857666015625 479.583740234375
781.006103515625 476.128173828125
796.6714477539062 472.6313171386719
812.0611572265625 469.3210754394531
826.9627685546875 466.0152893066406
841.5086059570312 462.7691345214844
855.7030639648438 459.68231201171875
869.6138305664062 456.6244201660156
883.2401733398438 453.6241455078125
896.3966064453125 450.7013244628906
750.3856201171875 502.5371398925781
766.7709350585938 498.7317199707031
782.8735961914062 494.94573974609375
798.5938110351562 491.34588623046875
813.8367309570312 487.7490234375
828.748046875 484.28277587890625
843.3668823242188 480.7941589355469
857.4893798828125 477.4812927246094
871.4482421875 474.28570556640625
884.8009033203125 471.0828857421875
898.1192626953125 467.8756103515625
752.3510131835938 521.9085083007812
768.7607421875 517.8110961914062
784.7546997070312 513.8500366210938
800.5015869140625 509.96368408203125
815.6736450195312 506.1664123535156
830.60791015625 502.4653015136719
845.08251953125 498.7635498046875
859.347900390625 495.30322265625
873.1303100585938 491.7799987792969
886.5784301757812 488.4335632324219
899.6649780273438 485.1784362792969
754.3869018554688 541.208740234375
770.705078125 536.8798828125
786.7152099609375 532.6322021484375
802.35693359375 528.529296875
817.571533203125 524.5381469726562
832.3867797851562 520.5960693359375
846.8016967773438 516.7324829101562
860.9722900390625 513.01416015625
874.7515869140625 509.3753356933594
888.217529296875 505.7237243652344
901.4044799804688 502.2579345703125
756.3604125976562 560.4453125
772.7039184570312 555.8506469726562
788.64599609375 551.4561157226562
804.3250122070312 547.1590576171875
819.4014892578125 542.8380737304688
834.2501220703125 538.7101440429688
848.57080078125 534.6390991210938
862.640625 530.6813354492188
876.425048828125 526.823974609375
889.7698364257812 523.0817260742188
902.861328125 519.3621826171875