1 720 1333
558.7417602539062 438.2725524902344
564.8905639648438 447.6214294433594
571.4351196289062 457.4833984375
578.2066040039062 467.6679992675781
585.2651977539062 478.4096374511719
592.5611572265625 489.52099609375
600.34765625 501.2303161621094
608.369873046875 513.4249267578125
616.7581787109375 526.1659545898438
625.6260986328125 539.5607299804688
634.9293823242188 553.6048583984375
545.9715576171875 449.64532470703125
551.9547729492188 459.3755798339844
558.1876831054688 469.4099426269531
564.5949096679688 479.9669494628906
571.3929443359375 490.8906555175781
578.4602661132812 502.40399169921875
585.7713012695312 514.409912109375
593.5279541015625 526.8757934570312
601.5929565429688 540.0100708007812
610.1859741210938 553.7387084960938
619.1180419921875 568.2642211914062
533.2683715820312 461.1829833984375
538.8491821289062 471.1019592285156
544.7931518554688 481.4635009765625
551.0324096679688 492.24786376953125
557.4869384765625 503.47943115234375
564.2672729492188 515.2753295898438
571.3424682617188 527.5345458984375
578.64794921875 540.4467163085938
586.4291381835938 553.8646240234375
594.546875 568.0208740234375
603.1755981445312 582.8961181640625
520.3654174804688 472.6560363769531
525.7407836914062 482.83331298828125
531.4351806640625 493.4745178222656
537.3716430664062 504.5347595214844
543.509521484375 516.1334228515625
549.9649658203125 528.1895751953125
556.6671142578125 540.74755859375
563.7431640625 554.0029907226562
571.1712646484375 567.7705688476562
578.9462280273438 582.3775634765625
587.1400146484375 597.5862426757812
507.4814453125 484.20318603515625
512.612548828125 494.6256103515625
518.0315551757812 505.52203369140625
523.6241455078125 516.8775024414062
529.5201416015625 528.715576171875
535.6320190429688 541.1477661132812
542.1333618164062 554.0701904296875
548.7720947265625 567.6061401367188
555.8034057617188 581.7755126953125
563.3143920898438 596.6858520507812
571.1173095703125 612.3848266601562
494.5237731933594 495.7462158203125
499.445068359375 506.45941162109375
504.5438537597656 517.6107177734375
509.8829650878906 529.272216796875
515.4989013671875 541.427490234375
521.3531494140625 554.1249389648438
527.4293823242188 567.405517578125
533.7566528320312 581.31005859375
540.4947509765625 595.8051147460938
547.5660400390625 611.1473999023438
554.9888305664062 627.2258911132812
481.5298156738281 507.3993835449219
486.246337890625 518.3228149414062
491.06683349609375 529.7176513671875
496.1486511230469 541.6708374023438
501.4377136230469 554.1593627929688
506.9178466796875 567.1695556640625
512.6898193359375 580.7308349609375
518.754638671875 595.0
525.1694946289062 609.8826293945312
531.7838745117188 625.5869140625
538.8153076171875 642.0839233398438
468.51776123046875 518.9682006835938
472.8662414550781 530.2123413085938
477.4810791015625 541.8884887695312
482.2974548339844 554.096923828125
487.30865478515625 566.8888549804688
492.50689697265625 580.22705078125
498.00616455078125 594.18603515625
503.69232177734375 608.7300415039062
509.71124267578125 624.0927124023438
516.138427734375 640.096435546875
522.7379760742188 656.9360961914062