1 720 1333
534.5078735351562 100.40147399902344
562.7954711914062 95.59935760498047
590.7142333984375 90.99468994140625
618.3903198242188 86.45344543457031
645.5911865234375 81.98607635498047
672.493896484375 77.6370620727539
699.0831909179688 73.42007446289062
725.3037719726562 69.26317596435547
751.0825805664062 65.16570281982422
776.5315551757812 61.22822570800781
801.5232543945312 57.36338806152344
540.8670654296875 129.2451629638672
569.0219116210938 124.29600524902344
596.8040771484375 119.47349548339844
624.2845458984375 114.73817443847656
651.429443359375 110.17632293701172
678.1460571289062 105.63961791992188
704.5625610351562 101.2575454711914
730.5624389648438 96.84886169433594
756.3357543945312 92.60155487060547
781.5521850585938 88.49715423583984
806.5042114257812 84.43980407714844
547.24462890625 157.74777221679688
575.2649536132812 152.67324829101562
602.7998046875 147.70167541503906
630.1898193359375 142.80319213867188
657.1812133789062 138.11532592773438
683.7249755859375 133.41122436523438
710.0113525390625 128.788818359375
735.95068359375 124.3511962890625
761.4757690429688 119.85587310791016
786.6300659179688 115.59888458251953
811.4176025390625 111.37551879882812
553.5291137695312 186.1659393310547
581.3641357421875 180.85708618164062
608.8108520507812 175.7133331298828
636.0394897460938 170.69674682617188
662.8392333984375 165.75845336914062
689.3268432617188 160.9749298095703
715.4657592773438 156.27032470703125
741.2371826171875 151.5662384033203
766.6257934570312 146.9930877685547
791.6138916015625 142.52838134765625
816.3224487304688 138.16151428222656
559.7273559570312 214.25564575195312
587.4198608398438 208.79901123046875
614.7470703125 203.51736450195312
641.7628784179688 198.3583221435547
668.53857421875 193.28968811035156
694.7922973632812 188.3033447265625
720.808349609375 183.39601135253906
746.4729614257812 178.5949249267578
771.7005615234375 173.85391235351562
796.5728759765625 169.2723388671875
821.1373291015625 164.68157958984375
565.9238891601562 242.18994140625
593.4773559570312 236.5575714111328
620.661376953125 231.1613311767578
647.583740234375 225.7630615234375
674.18408203125 220.54859924316406
700.3687744140625 215.40994262695312
726.2035522460938 210.40936279296875
751.6582641601562 205.445556640625
776.7246704101562 200.54833984375
801.5089721679688 195.75393676757812
825.8046264648438 191.09371948242188
572.1168823242188 269.7922668457031
599.4548950195312 264.15911865234375
626.5402221679688 258.5224914550781
653.3522338867188 253.04664611816406
679.710205078125 247.64320373535156
705.7578735351562 242.39749145507812
731.5023803710938 237.2026824951172
756.77490234375 232.08905029296875
781.7471313476562 227.05245971679688
806.3238525390625 222.12918090820312
830.5411987304688 217.28233337402344
578.24609375 297.31756591796875
605.4594116210938 291.47125244140625
632.390380859375 285.68328857421875
659.0249633789062 280.09857177734375
685.3252563476562 274.53863525390625
711.2159423828125 269.1273193359375
736.6893310546875 263.7408142089844
761.8504028320312 258.5102233886719
786.6444091796875 253.34912109375
811.0779418945312 248.2524871826172
835.1119995117188 243.23707580566406