1 720 1333
740.1298828125 342.7268981933594
742.4873657226562 326.07720947265625
744.7491455078125 309.15289306640625
747.2864379882812 291.742431640625
749.5953979492188 274.3362731933594
752.0914916992188 256.46307373046875
754.5576782226562 238.41567993164062
756.983642578125 219.9538116455078
759.6005249023438 201.32830810546875
762.140625 182.28744506835938
764.7132568359375 162.8935546875
753.3356323242188 341.4739685058594
755.6431274414062 324.9782409667969
758.1885375976562 308.2789611816406
760.5632934570312 291.34442138671875
763.08642578125 273.94873046875
765.5905151367188 256.4757080078125
768.1460571289062 238.57090759277344
770.7129516601562 220.5019073486328
773.3695068359375 202.1365203857422
775.988525390625 183.41419982910156
778.6337890625 164.4071807861328
766.0008544921875 340.251220703125
768.5541381835938 323.91705322265625
771.0057983398438 307.49102783203125
773.5516357421875 290.6478576660156
776.1804809570312 273.6469421386719
778.6921997070312 256.4501953125
781.3908081054688 238.79502868652344
783.999267578125 221.07749938964844
786.699951171875 202.8910369873047
789.3972778320312 184.51646423339844
792.18798828125 165.7748260498047
778.526611328125 338.9179382324219
780.978759765625 322.944091796875
783.5994873046875 306.6628723144531
786.21240234375 290.2768859863281
788.7683715820312 273.4740295410156
791.489013671875 256.47222900390625
794.12939453125 239.21644592285156
796.884033203125 221.5596923828125
799.6278686523438 203.6863250732422
802.447998046875 185.59153747558594
805.2761840820312 167.24343872070312
790.5171508789062 337.7384948730469
793.2203369140625 321.9982604980469
795.706298828125 305.9433898925781
798.4563598632812 289.6676940917969
801.1701049804688 273.25701904296875
803.8045654296875 256.4670715332031
806.5887451171875 239.4259490966797
809.3602905273438 222.150146484375
812.2598876953125 204.52186584472656
815.0762329101562 186.63735961914062
817.8990478515625 168.53469848632812
802.3392333984375 336.62115478515625
804.8894653320312 321.1422424316406
807.622314453125 305.3448486328125
810.3419189453125 289.3237609863281
813.0518188476562 272.95135498046875
815.8298950195312 256.44781494140625
818.6102905273438 239.6096954345703
821.5231323242188 222.59034729003906
824.410400390625 205.3505859375
827.3314819335938 187.67198181152344
830.2111206054688 169.84117126464844
813.6531372070312 335.52423095703125
816.4434814453125 320.2483825683594
819.1533813476562 304.5560302734375
821.8717041015625 288.7142028808594
824.6741333007812 272.646240234375
827.4666748046875 256.4786682128906
830.4027709960938 239.8397674560547
833.2692260742188 223.13706970214844
836.2118530273438 206.03579711914062
839.1820678710938 188.66781616210938
842.130615234375 171.1761932373047
824.8178100585938 334.46923828125
827.5477294921875 319.36279296875
830.3807983398438 303.9141540527344
833.1738891601562 288.400146484375
835.9893798828125 272.5155029296875
838.8544311523438 256.4776611328125
841.68212890625 240.17820739746094
844.6427612304688 223.5252685546875
847.5900268554688 206.6863555908203
850.6015625 189.6451873779297
853.5753173828125 172.43148803710938