1 720 1333
605.52734375 295.4098205566406
629.7124633789062 294.1749267578125
654.2125244140625 292.87872314453125
678.7257690429688 291.6806945800781
703.4553833007812 290.52801513671875
728.315185546875 289.4082946777344
753.2196655273438 288.2442626953125
778.1998291015625 286.98944091796875
803.2581787109375 285.79632568359375
828.4451293945312 284.6068115234375
853.600830078125 283.506103515625
607.5117797851562 319.3251037597656
631.5096435546875 318.1900329589844
655.6766967773438 317.00543212890625
679.998291015625 315.82000732421875
704.5220336914062 314.68109130859375
729.1221923828125 313.61822509765625
753.6995849609375 312.5406188964844
778.4765014648438 311.4791564941406
803.3529663085938 310.410400390625
828.2755126953125 309.3032531738281
853.25439453125 308.15618896484375
609.4352416992188 342.6585693359375
633.2976684570312 341.6208801269531
657.2409057617188 340.5985412597656
681.3311157226562 339.5892333984375
705.5361328125 338.54888916015625
729.8198852539062 337.531005859375
754.3663330078125 336.49285888671875
778.7947998046875 335.4538269042969
803.41455078125 334.43756103515625
828.0989990234375 333.36767578125
852.7472534179688 332.32122802734375
611.4089965820312 365.6680908203125
634.8753662109375 364.7792053222656
658.6130981445312 363.8006286621094
682.5025634765625 362.87109375
706.5436401367188 361.9053649902344
730.5657958984375 360.93536376953125
754.831787109375 359.97003173828125
779.1591796875 358.9967346191406
803.4843139648438 357.9675598144531
827.7960815429688 356.9997253417969
852.43896484375 355.9450988769531
613.2657470703125 388.39947509765625
636.5753784179688 387.5130310058594
660.0468139648438 386.6058349609375
683.7199096679688 385.6720275878906
707.5117797851562 384.7982482910156
731.3912353515625 383.9158020019531
755.345703125 383.0284423828125
779.4053344726562 382.1058654785156
803.4901733398438 381.1963806152344
827.6527709960938 380.25091552734375
851.857666015625 379.2412414550781
615.144287109375 410.4864196777344
638.2464599609375 409.6970520019531
661.4780883789062 408.94195556640625
684.886474609375 408.2011413574219
708.4818725585938 407.3830261230469
732.072509765625 406.46099853515625
755.7374267578125 405.5741271972656
779.576171875 404.6712951660156
803.498046875 403.7402648925781
827.4537963867188 402.88067626953125
851.5143432617188 401.9971008300781
616.8684692382812 432.28985595703125
639.74072265625 431.53802490234375
662.8089599609375 430.78558349609375
686.0185546875 430.1689453125
709.3598022460938 429.35107421875
732.6865844726562 428.5196228027344
756.3118896484375 427.6457214355469
779.73974609375 426.8127746582031
803.4732055664062 426.0897216796875
827.2222290039062 425.21099853515625
851.0556640625 424.34326171875
618.6570434570312 453.4953308105469
641.4044799804688 452.87591552734375
664.2456665039062 452.32672119140625
687.2346801757812 451.5621643066406
710.3046875 450.836669921875
733.4200439453125 450.20068359375
756.5791625976562 449.4013977050781
779.9646606445312 448.53619384765625
803.43701171875 447.6685791015625
826.8871459960938 446.90814208984375
850.4720458984375 446.19305419921875