1 720 1333
687.3533935546875 145.12149047851562
705.203125 142.09327697753906
722.3595581054688 139.13082885742188
738.801513671875 136.35903930664062
754.7429809570312 133.59263610839844
770.0028686523438 131.07383728027344
784.7782592773438 128.56137084960938
799.0435180664062 126.21520233154297
812.8065185546875 123.87166595458984
826.0265502929688 121.64312744140625
838.7915649414062 119.56769561767578
691.56884765625 168.9107666015625
709.2600708007812 165.46371459960938
726.1400756835938 162.17628479003906
742.4686889648438 158.94967651367188
758.192626953125 155.8578643798828
773.3463134765625 152.919921875
787.8651733398438 150.10935974121094
801.9889526367188 147.3750762939453
815.5559692382812 144.67990112304688
828.6698608398438 142.20677185058594
841.3429565429688 139.6852264404297
695.8078002929688 192.3990478515625
713.2561645507812 188.50672912597656
729.9152221679688 184.77288818359375
746.0516357421875 181.25880432128906
761.557373046875 177.73812866210938
776.5071411132812 174.46253967285156
790.900146484375 171.2920379638672
804.8433227539062 168.22242736816406
818.3755493164062 165.22511291503906
831.3132934570312 162.35499572753906
843.7655639648438 159.56561279296875
700.0057373046875 215.4801788330078
717.24072265625 211.21847534179688
733.6588745117188 207.06121826171875
749.5875244140625 203.15225219726562
764.9068603515625 199.33563232421875
779.6575927734375 195.64602661132812
793.9484252929688 192.1317901611328
807.7035522460938 188.6784210205078
821.0750122070312 185.41273498535156
833.837158203125 182.27857971191406
846.2783203125 179.1963348388672
704.1682739257812 238.17715454101562
721.115234375 233.4476318359375
737.3981323242188 229.00393676757812
753.1365356445312 224.65052795410156
768.261962890625 220.5342559814453
782.8001098632812 216.5159149169922
796.8811645507812 212.63265991210938
810.54052734375 208.89610290527344
823.681884765625 205.34561157226562
836.359619140625 201.78750610351562
848.6166381835938 198.46884155273438
708.2301635742188 260.45458984375
724.9140014648438 255.42935180664062
741.0474853515625 250.541259765625
756.5321044921875 245.88333129882812
771.49755859375 241.4292755126953
785.8693237304688 237.1373748779297
799.8128662109375 232.8839111328125
813.3092041015625 228.82183837890625
826.3310546875 224.91905212402344
838.797607421875 221.19105529785156
850.907958984375 217.51217651367188
712.230712890625 282.3948059082031
728.6979370117188 276.9586181640625
744.56640625 271.79119873046875
759.9000244140625 266.7463684082031
774.6659545898438 261.95013427734375
788.90966796875 257.3471984863281
802.6222534179688 252.80125427246094
815.9966430664062 248.4722900390625
828.791015625 244.29908752441406
841.276123046875 240.2198486328125
853.265869140625 236.30584716796875
716.1486206054688 303.9543151855469
732.4429931640625 298.2481384277344
748.1543579101562 292.65966796875
763.2850341796875 287.36834716796875
777.82080078125 282.22027587890625
791.8582153320312 277.2527770996094
805.4652099609375 272.4198913574219
818.5641479492188 267.77130126953125
831.342529296875 263.3241271972656
843.4766845703125 258.9607849121094
855.3916015625 254.72108459472656