1 720 1333
626.94921875 478.66046142578125
640.2725830078125 476.2353515625
653.4400634765625 473.73748779296875
666.4766235351562 471.3094787597656
679.4603271484375 468.8616638183594
692.3529052734375 466.5232238769531
705.0337524414062 464.0771789550781
717.6282958984375 461.6964111328125
730.1815185546875 459.35943603515625
742.4683227539062 456.97515869140625
754.686767578125 454.688232421875
629.8779296875 487.7596435546875
643.448974609375 485.2145080566406
656.7843017578125 482.6784362792969
670.1574096679688 480.2168273925781
683.2957153320312 477.64617919921875
696.3626098632812 475.2017822265625
709.316650390625 472.7137145996094
722.0968627929688 470.25848388671875
734.6671752929688 467.7472839355469
747.3193359375 465.4038391113281
759.6233520507812 462.92254638671875
632.9608764648438 497.206787109375
646.6670532226562 494.54913330078125
660.3639526367188 491.90679931640625
673.7998046875 489.33380126953125
687.279296875 486.70635986328125
700.503173828125 484.1989440917969
713.6050415039062 481.57196044921875
726.609375 479.09173583984375
739.5186767578125 476.5307922363281
752.2212524414062 474.0007629394531
764.8250122070312 471.5772399902344
636.16455078125 506.8782043457031
650.1787109375 504.18359375
663.9609985351562 501.4631042480469
677.68359375 498.7618103027344
691.377685546875 496.1161193847656
704.8013916015625 493.472412109375
718.1817626953125 490.77227783203125
731.4015502929688 488.18841552734375
744.4148559570312 485.5263977050781
757.4014892578125 482.9872741699219
770.2198486328125 480.4670715332031
639.4623413085938 516.9436645507812
653.6435546875 514.197021484375
667.7421875 511.375244140625
681.7067260742188 508.5890808105469
695.5684204101562 505.7963562011719
709.2986450195312 503.1252746582031
722.830322265625 500.3701477050781
736.28271484375 497.5978698730469
749.5563354492188 494.8791198730469
762.6988525390625 492.3173522949219
775.6778564453125 489.62908935546875
642.81005859375 527.4653930664062
657.3628540039062 524.4876708984375
671.6599731445312 521.6220092773438
685.8817749023438 518.7132568359375
700.0014038085938 515.8687133789062
713.9004516601562 513.0692138671875
727.6922607421875 510.2566833496094
741.4006958007812 507.4247131347656
754.8345336914062 504.60333251953125
768.24609375 501.88232421875
781.4913330078125 499.2486267089844
646.4312133789062 538.2860107421875
661.2003173828125 535.2713623046875
675.7467041015625 532.3104248046875
690.287109375 529.3118286132812
704.568603515625 526.3649291992188
718.7182006835938 523.4354858398438
732.7528686523438 520.5101928710938
746.6149291992188 517.587158203125
760.4052734375 514.697998046875
773.9945068359375 511.90130615234375
787.4248657226562 509.1073303222656
650.1105346679688 549.523681640625
665.1456298828125 546.4026489257812
680.04150390625 543.3334350585938
694.7245483398438 540.2489013671875
709.35107421875 537.2301025390625
723.7279052734375 534.205810546875
738.02978515625 531.2120971679688
752.1571655273438 528.201416015625
766.1507568359375 525.2631225585938
779.8861083984375 522.3211669921875
793.5679321289062 519.4307250976562