1 720 1333
733.833740234375 446.2466735839844
739.98291015625 429.19061279296875
746.1033325195312 412.1226501464844
752.2280883789062 395.1019287109375
758.2645263671875 378.04754638671875
764.3163452148438 361.08197021484375
770.2732543945312 344.22149658203125
776.2549438476562 327.28857421875
782.2334594726562 310.4815368652344
788.07861328125 293.6390075683594
793.8531494140625 277.0069580078125
746.6921997070312 450.3325500488281
752.7177734375 433.4963684082031
758.7362060546875 416.6976318359375
764.7188110351562 399.9326171875
770.6893310546875 383.1872863769531
776.57177734375 366.476318359375
782.5150146484375 349.7416687011719
788.388671875 333.23455810546875
794.244873046875 316.578125
799.99169921875 300.17376708984375
805.6561279296875 283.6022644042969
759.2155151367188 454.3397521972656
765.1951293945312 437.7373352050781
770.9983520507812 421.217041015625
776.916259765625 404.6393737792969
782.6948852539062 388.1769714355469
788.6122436523438 371.6774597167969
794.3621215820312 355.3270568847656
800.1857299804688 338.885498046875
805.8939819335938 322.59710693359375
811.514892578125 306.29498291015625
817.2442016601562 290.14990234375
771.3574829101562 458.1795349121094
777.2041015625 441.8080139160156
782.9522094726562 425.5340881347656
788.6903076171875 409.2771911621094
794.5258178710938 393.0137023925781
800.250244140625 376.75830078125
805.9060668945312 360.59716796875
811.5682983398438 344.50042724609375
817.2258911132812 328.3814697265625
822.7410888671875 312.3630676269531
828.3074951171875 296.36669921875
783.1156616210938 461.8566589355469
788.8114013671875 445.781494140625
794.5205688476562 429.7221984863281
800.2861328125 413.7082824707031
805.8165893554688 397.6539001464844
811.538330078125 381.7225646972656
817.1100463867188 365.7492370605469
822.66015625 349.8472595214844
828.26953125 334.0657958984375
833.6239624023438 318.2142028808594
839.183349609375 302.4703674316406
794.5252075195312 465.5091552734375
800.201416015625 449.6651916503906
805.7623291015625 433.84661865234375
811.3666381835938 418.0438537597656
816.8909301757812 402.2896728515625
822.4248657226562 386.5115051269531
827.9583129882812 370.7845153808594
833.431884765625 355.154052734375
838.837158203125 339.4747009277344
844.3182983398438 323.8959655761719
849.5847778320312 308.3368835449219
805.6016845703125 469.0517883300781
811.2251586914062 453.45294189453125
816.6563110351562 437.77386474609375
822.2119750976562 422.3083801269531
827.6002197265625 406.63201904296875
833.1153564453125 391.21710205078125
838.4727783203125 375.6365661621094
843.8239135742188 360.2480163574219
849.2793579101562 344.7757873535156
854.5034790039062 329.40460205078125
859.7932739257812 314.09619140625
816.458740234375 472.49365234375
821.8555908203125 457.0853576660156
827.3598022460938 441.7010498046875
832.6614990234375 426.355224609375
838.1525268554688 411.07049560546875
843.4034423828125 395.6293640136719
848.6654052734375 380.4414367675781
853.9579467773438 365.15008544921875
859.2662963867188 349.9532165527344
864.48095703125 334.7534484863281
869.624267578125 319.5959777832031