1 720 1333
680.522216796875 45.51762771606445
703.1587524414062 44.43669128417969
724.6109008789062 43.5120964050293
745.2399291992188 42.5399055480957
764.80029296875 41.65657043457031
783.61865234375 40.99519729614258
801.5950317382812 40.31627655029297
818.9202880859375 39.575157165527344
835.4390258789062 38.90665054321289
851.3233032226562 38.415626525878906
866.4251708984375 37.79835510253906
688.2337036132812 74.44024658203125
710.4791870117188 72.68885803222656
731.725341796875 71.16300201416016
752.0701904296875 69.58098602294922
771.5496826171875 68.27848815917969
790.10693359375 66.80479431152344
807.947998046875 65.60822296142578
824.9312744140625 64.40396881103516
841.3878784179688 63.27541732788086
856.968505859375 62.275665283203125
872.0744018554688 61.26263427734375
695.7183837890625 103.1851806640625
717.8040161132812 100.7429428100586
738.7920532226562 98.55888366699219
758.9225463867188 96.4869613647461
778.1611938476562 94.47966003417969
796.5345458984375 92.57896423339844
814.1375732421875 90.70894622802734
831.0186157226562 89.10063934326172
847.2324829101562 87.408203125
862.7521362304688 85.90666198730469
877.5140380859375 84.45916748046875
703.3914184570312 131.64633178710938
725.12353515625 128.6518096923828
745.8668823242188 125.7956314086914
765.6923217773438 123.2114028930664
784.7177124023438 120.57623291015625
802.8692626953125 118.18112182617188
820.353759765625 115.79888916015625
836.9702758789062 113.55693054199219
853.059326171875 111.48222351074219
868.3634643554688 109.4476089477539
883.0465698242188 107.51496887207031
710.7969360351562 159.8913116455078
732.352294921875 156.3175506591797
752.8148193359375 152.87625122070312
772.4872436523438 149.5833740234375
791.2791748046875 146.48243713378906
809.2743530273438 143.56393432617188
826.4129028320312 140.6541748046875
842.9198608398438 137.97023010253906
858.74072265625 135.3570098876953
873.8549194335938 132.87464904785156
888.4780883789062 130.53733825683594
718.3192138671875 187.8995819091797
739.5504150390625 183.68310546875
759.7752075195312 179.68878173828125
779.2498779296875 175.84561157226562
797.6862182617188 172.23974609375
815.48193359375 168.66709899902344
832.4622802734375 165.40704345703125
848.77099609375 162.18206787109375
864.4166259765625 159.11782836914062
879.46142578125 156.1947021484375
893.7124633789062 153.35507202148438
725.6888427734375 215.72146606445312
746.65087890625 210.87181091308594
766.7207641601562 206.3236846923828
785.78076171875 201.8951873779297
804.1656494140625 197.70838928222656
821.5901489257812 193.72366333007812
838.4728393554688 189.83758544921875
854.510498046875 186.2495880126953
870.0408325195312 182.6434783935547
884.7129516601562 179.32289123535156
899.0852661132812 176.0894012451172
733.1057739257812 243.32861328125
753.7607421875 237.86410522460938
773.529296875 232.66566467285156
792.4285888671875 227.74423217773438
810.4864501953125 223.12661743164062
827.7416381835938 218.54893493652344
844.3565063476562 214.26055908203125
860.2515258789062 210.06163024902344
875.461181640625 206.07862854003906
890.1290283203125 202.28907775878906
904.136962890625 198.56898498535156