1 720 1333
331.705810546875 289.9708251953125
348.53607177734375 300.4720764160156
365.6015930175781 311.0874328613281
382.93084716796875 321.83294677734375
400.49420166015625 332.712890625
418.3164978027344 343.7961730957031
436.3436584472656 355.01953125
454.57293701171875 366.35333251953125
473.1173400878906 377.7805480957031
491.84417724609375 389.4560241699219
510.8587646484375 401.2325439453125
324.3039245605469 309.3778381347656
340.94158935546875 319.8261413574219
357.7433776855469 330.5158996582031
374.8813171386719 341.3340759277344
392.327392578125 352.3360290527344
409.8597412109375 363.379638671875
427.7287902832031 374.5605163574219
445.7739562988281 385.9179992675781
464.1517333984375 397.5255126953125
482.64794921875 409.1064453125
501.5549621582031 420.9255676269531
316.9317321777344 328.3977966308594
333.4365539550781 338.9653015136719
350.1627502441406 349.6402282714844
367.0771484375 360.5146789550781
384.2809143066406 371.5189208984375
401.64361572265625 382.6006164550781
419.35345458984375 393.8592224121094
437.1979064941406 405.329833984375
455.3052978515625 416.7770080566406
473.6578674316406 428.5062561035156
492.31463623046875 440.3135986328125
309.70672607421875 347.22161865234375
326.03875732421875 357.75042724609375
342.5518493652344 368.5359191894531
359.3123779296875 379.4208068847656
376.3393249511719 390.4527893066406
393.5296630859375 401.5503234863281
410.9942626953125 412.8417663574219
428.6273498535156 424.28509521484375
446.586669921875 435.85760498046875
464.7427673339844 447.498291015625
483.2279357910156 459.3760070800781
302.6398620605469 365.6509704589844
318.72491455078125 376.3649597167969
335.12823486328125 387.0997314453125
351.6629638671875 398.0477600097656
368.4943542480469 409.0445861816406
385.5380859375 420.2754821777344
402.8065490722656 431.531005859375
420.364990234375 443.0453796386719
438.04193115234375 454.5379943847656
456.082763671875 466.3192138671875
474.2779235839844 478.11767578125
295.672119140625 383.8957214355469
311.587158203125 394.54730224609375
327.763671875 405.4058837890625
344.2090759277344 416.3343200683594
360.8355712890625 427.43304443359375
377.6806945800781 438.572509765625
394.7704772949219 449.8997802734375
412.1592712402344 461.389404296875
429.6396484375 472.9873352050781
447.4774169921875 484.6727294921875
465.49456787109375 496.52447509765625
288.81201171875 401.7684326171875
304.62255859375 412.5701599121094
320.58245849609375 423.3764953613281
336.8038330078125 434.38262939453125
353.3384704589844 445.4609069824219
370.0287170410156 456.6316223144531
386.9212341308594 467.9777526855469
404.1117248535156 479.50537109375
421.43878173828125 491.119384765625
439.09912109375 502.7752990722656
456.85723876953125 514.6026611328125
282.1889953613281 419.5397644042969
297.6587829589844 430.2516174316406
313.55889892578125 441.13323974609375
329.6029052734375 452.11163330078125
345.9193420410156 463.24639892578125
362.42559814453125 474.44580078125
379.2464599609375 485.7632751464844
396.2458801269531 497.2723388671875
413.39630126953125 508.81646728515625
430.82501220703125 520.5504150390625
448.4674987792969 532.4087524414062