1 720 1333
696.3316650390625 98.97720336914062
696.7418212890625 119.81098937988281
697.4132690429688 139.5501708984375
697.7603149414062 158.5249786376953
698.42919921875 176.4742889404297
698.7926635742188 193.62477111816406
699.25341796875 210.27386474609375
699.6426391601562 226.01144409179688
700.0382080078125 241.3070526123047
700.4432373046875 255.7086639404297
700.5828247070312 269.800048828125
681.2655029296875 107.13768768310547
682.3555908203125 127.92314910888672
683.1566772460938 147.8965606689453
683.9495239257812 166.87786865234375
684.760498046875 184.95132446289062
685.5419921875 202.35011291503906
686.4183959960938 218.75796508789062
687.0822143554688 234.70851135253906
687.6817626953125 249.92066955566406
688.3841552734375 264.5230712890625
688.86376953125 278.4927673339844
665.75634765625 115.41947174072266
667.209716796875 136.4825439453125
668.5033569335938 156.48016357421875
669.6722412109375 175.52035522460938
670.788330078125 193.78350830078125
671.9202270507812 211.15603637695312
673.0445556640625 227.74441528320312
674.04931640625 243.6415557861328
675.1119384765625 258.91192626953125
675.8135986328125 273.5486145019531
676.6823120117188 287.5857238769531
649.7029418945312 124.12364196777344
651.5957641601562 145.28416442871094
653.33740234375 165.38851928710938
654.9089965820312 184.57406616210938
656.4993896484375 202.74627685546875
657.9114379882812 220.31884765625
659.3561401367188 236.94161987304688
660.656494140625 252.9275665283203
662.0071411132812 268.2261047363281
663.1763916015625 282.8077697753906
664.359130859375 296.79779052734375
633.3123168945312 132.98216247558594
635.51025390625 154.36656188964844
637.6123046875 174.59658813476562
639.6671142578125 193.78152465820312
641.5991821289062 212.25657653808594
643.5050659179688 229.65960693359375
645.3081665039062 246.45529174804688
646.9274291992188 262.4405517578125
648.5706787109375 277.7071228027344
650.083984375 292.3816223144531
651.4837036132812 306.39508056640625
616.1701049804688 142.3260955810547
618.801513671875 163.75399780273438
621.5056762695312 184.11851501464844
623.9594116210938 203.50852966308594
626.3529052734375 221.83920288085938
628.5529174804688 239.450927734375
630.6875 256.23681640625
632.7422485351562 272.2718505859375
634.6990356445312 287.5589904785156
636.5413208007812 302.22918701171875
638.332275390625 316.207275390625
598.3634033203125 151.9703826904297
601.6701049804688 173.51502990722656
604.7362670898438 194.01043701171875
607.7106323242188 213.3890838623047
610.5153198242188 231.88697814941406
613.2236328125 249.50790405273438
615.680419921875 266.3241882324219
618.1983032226562 282.336181640625
620.4592895507812 297.6201477050781
622.6337890625 312.28607177734375
624.713134765625 326.2653503417969
580.1211547851562 161.9381103515625
583.8607177734375 183.66744995117188
587.5664672851562 204.22506713867188
590.9476318359375 223.6985321044922
594.2932739257812 242.2825927734375
597.3555297851562 259.8559265136719
600.3050537109375 276.6533508300781
603.0984497070312 292.6905517578125
605.7356567382812 308.01397705078125
608.320556640625 322.57501220703125
610.723388671875 336.535888671875