1 720 1333
517.760498046875 169.5948486328125
532.3978881835938 184.77793884277344
546.549560546875 199.5388641357422
560.4133911132812 213.84217834472656
573.8377685546875 227.7969970703125
586.9061279296875 241.4075164794922
599.6506958007812 254.6237335205078
612.1290893554688 267.4928283691406
624.2615356445312 280.1197814941406
636.0389404296875 292.3485412597656
647.51171875 304.2734069824219
503.340087890625 183.1104278564453
518.010009765625 197.88047790527344
532.3442993164062 212.37045288085938
546.2237548828125 226.4822540283203
559.7155151367188 240.142822265625
572.89892578125 253.43736267089844
585.748046875 266.41778564453125
598.3163452148438 279.0996398925781
610.48291015625 291.43603515625
622.4044799804688 303.44476318359375
633.9716186523438 315.1632995605469
489.150390625 196.31622314453125
503.8214111328125 210.83331298828125
518.2627563476562 225.04763793945312
532.2721557617188 238.78164672851562
545.8026733398438 252.30722045898438
559.1390380859375 265.3612060546875
572.09423828125 278.0737609863281
584.626953125 290.4775695800781
596.9094848632812 302.5968017578125
608.9174194335938 314.4097595214844
620.5947875976562 325.8587341308594
475.0945129394531 209.39210510253906
489.9304504394531 223.6383514404297
504.4068298339844 237.49952697753906
518.4508056640625 251.097900390625
532.2105102539062 264.2894592285156
545.5032958984375 277.1034240722656
558.5120239257812 289.56201171875
571.2330932617188 301.72540283203125
583.5653076171875 313.6187438964844
595.6243896484375 325.2494201660156
607.4404907226562 336.48321533203125
461.3580627441406 222.2794189453125
476.2711486816406 236.2621307373047
490.76800537109375 249.83438110351562
504.9221496582031 263.1618957519531
518.6868286132812 276.10137939453125
532.1697998046875 288.6243896484375
545.2500610351562 300.89715576171875
557.9827270507812 312.8260803222656
570.4327392578125 324.55328369140625
582.5658569335938 335.8372497558594
594.4497680664062 346.93560791015625
447.6979064941406 234.91030883789062
462.75164794921875 248.64015197753906
477.38592529296875 262.0064392089844
491.59417724609375 275.0932922363281
505.4582824707031 287.6826171875
518.9315185546875 300.07763671875
532.1407470703125 312.1024169921875
544.9246826171875 323.7806091308594
557.4591674804688 335.30816650390625
569.6571655273438 346.427490234375
581.6060791015625 357.28631591796875
434.4261169433594 247.45211791992188
449.5124206542969 260.8596496582031
464.2337951660156 274.01751708984375
478.4723815917969 286.71136474609375
492.4342041015625 299.2427978515625
505.96630859375 311.3305358886719
519.2427978515625 323.1354675292969
532.1505737304688 334.5871887207031
544.6778564453125 345.80615234375
556.9920654296875 356.7217102050781
569.0038452148438 367.4349365234375
421.3487854003906 259.7169189453125
436.44317626953125 272.96063232421875
451.2138977050781 285.76507568359375
465.5725402832031 298.3843688964844
479.542236328125 310.51739501953125
493.228271484375 322.3994140625
506.5209045410156 333.9308166503906
519.5003662109375 345.26910400390625
532.1770629882812 356.2547607421875
544.5020141601562 366.91107177734375
556.562744140625 377.40325927734375