1 720 1333
330.42755126953125 249.1173858642578
358.4325866699219 237.58114624023438
386.1170959472656 226.349365234375
413.34222412109375 215.3197021484375
440.1222839355469 204.43838500976562
466.4207458496094 193.76206970214844
492.35498046875 183.38470458984375
517.802734375 173.1508026123047
542.826171875 163.07020568847656
567.5108642578125 153.2822265625
591.6585693359375 143.64590454101562
340.5999755859375 273.0970458984375
368.86541748046875 261.2901306152344
396.6872253417969 249.63710021972656
424.16217041015625 238.291259765625
451.1280822753906 227.11837768554688
477.6006164550781 216.1833038330078
503.6659240722656 205.416259765625
529.2938842773438 194.77664184570312
554.5083618164062 184.44651794433594
579.3275146484375 174.35853576660156
603.6429443359375 164.4682159423828
351.08074951171875 297.5428771972656
379.54296875 285.4054870605469
407.56732177734375 273.47735595703125
435.1953125 261.6947021484375
462.3560791015625 250.2726593017578
488.9585876464844 238.95143127441406
515.2412719726562 227.81454467773438
541.0259399414062 216.9470672607422
566.42626953125 206.27528381347656
591.332763671875 195.8212432861328
615.7867431640625 185.6372528076172
361.743408203125 322.6033935546875
390.5056457519531 310.1352844238281
418.70166015625 297.79901123046875
446.4827880859375 285.7362976074219
473.7672119140625 273.8908996582031
500.63055419921875 262.31915283203125
527.0662841796875 250.79638671875
552.9703369140625 239.59408569335938
578.5316162109375 228.57861328125
603.594482421875 217.83596801757812
628.3324584960938 207.37371826171875
372.77703857421875 348.2535400390625
401.68218994140625 335.38116455078125
430.1109313964844 322.656494140625
458.1361999511719 310.30621337890625
485.55780029296875 298.1156921386719
512.5499877929688 286.11370849609375
539.1741943359375 274.3182678222656
565.2672729492188 262.69488525390625
590.9468994140625 251.39425659179688
616.2583618164062 240.3345184326172
641.0422973632812 229.5245361328125
384.12396240234375 374.4376525878906
413.1905517578125 361.17578125
441.8071594238281 348.18780517578125
469.89801025390625 335.40728759765625
497.561767578125 322.7662048339844
524.7071533203125 310.49444580078125
551.489013671875 298.34600830078125
577.765380859375 286.4313049316406
603.640380859375 274.70263671875
629.1160278320312 263.3431091308594
654.0736694335938 252.20542907714844
395.5933837890625 401.1632080078125
424.89630126953125 387.5246276855469
453.6905517578125 374.1520690917969
482.0655822753906 360.9472351074219
509.8269348144531 348.1173400878906
537.2603149414062 335.35675048828125
564.1646118164062 322.8419189453125
590.6067504882812 310.593994140625
616.6333618164062 298.58599853515625
642.2645874023438 286.80322265625
667.34130859375 275.3795471191406
407.4338684082031 428.47027587890625
436.9342956542969 414.4205627441406
465.925048828125 400.65277099609375
494.5018005371094 387.168212890625
522.4657592773438 373.8213195800781
549.9445190429688 360.7938232421875
577.15625 347.9914245605469
603.7221069335938 335.4101257324219
629.9293823242188 323.0089416503906
655.5953369140625 310.90606689453125
680.8343505859375 299.06964111328125