1 720 1333
621.5939331054688 199.1513671875
637.36572265625 199.96401977539062
652.51123046875 200.70188903808594
667.15478515625 201.5795135498047
681.3372192382812 202.40673828125
694.8992309570312 203.23837280273438
708.1975708007812 203.8882598876953
720.9089965820312 204.60733032226562
733.3760375976562 205.4044952392578
745.2909545898438 206.10951232910156
756.8721923828125 206.61734008789062
617.4235229492188 217.17535400390625
632.9950561523438 217.6087188720703
648.084716796875 218.1915740966797
662.5887451171875 218.61651611328125
676.616943359375 219.24925231933594
690.2802124023438 219.62020874023438
703.3951416015625 220.2150115966797
716.175537109375 220.58934020996094
728.4352416992188 221.15809631347656
740.3575439453125 221.5006866455078
751.8045654296875 221.90394592285156
613.3827514648438 234.6193084716797
628.7991943359375 234.8354034423828
643.7086181640625 235.16473388671875
658.2532348632812 235.39083862304688
672.2186279296875 235.5464630126953
685.6265869140625 235.7203826904297
698.7139282226562 235.99659729003906
711.4132080078125 236.31056213378906
723.6461181640625 236.48233032226562
735.4810180664062 236.62887573242188
747.0010986328125 236.75730895996094
609.4319458007812 251.70684814453125
624.7155151367188 251.6366424560547
639.5296020507812 251.60977172851562
653.8696899414062 251.57046508789062
667.71044921875 251.54348754882812
681.2099609375 251.5438995361328
694.2088623046875 251.52572631835938
706.7705688476562 251.48715209960938
718.966552734375 251.50860595703125
730.7483520507812 251.47828674316406
742.241943359375 251.47303771972656
605.5631103515625 268.4512634277344
620.7411499023438 268.1360778808594
635.4970092773438 267.70953369140625
649.6559448242188 267.4713134765625
663.4694213867188 267.2844543457031
676.7850952148438 266.83966064453125
689.7071533203125 266.5990905761719
702.2877807617188 266.4441223144531
714.4219970703125 266.2505798339844
726.1613159179688 265.9344787597656
737.5250854492188 265.6356201171875
601.8024291992188 284.6210021972656
616.8715209960938 284.1297607421875
631.499267578125 283.50323486328125
645.5952758789062 282.9388732910156
659.3255615234375 282.4736328125
672.5374755859375 281.9477844238281
685.4010620117188 281.46038818359375
697.81396484375 280.9961242675781
709.91162109375 280.5361022949219
721.6007080078125 280.1380310058594
732.9287719726562 279.6060485839844
598.2647705078125 300.494873046875
613.2053833007812 299.5934753417969
627.6010131835938 298.78631591796875
641.6150512695312 298.1070556640625
655.2471923828125 297.3945617675781
668.39306640625 296.57537841796875
681.1615600585938 295.852294921875
693.4938354492188 295.3202209472656
705.533447265625 294.551513671875
717.1637573242188 293.86590576171875
728.4383544921875 293.3335266113281
594.6729736328125 315.8353576660156
609.50830078125 314.77850341796875
623.8289794921875 313.7579345703125
637.7208251953125 312.77008056640625
651.2781982421875 311.8278503417969
664.3331909179688 310.8979187011719
676.9257202148438 310.02337646484375
689.2808227539062 309.186279296875
701.1915893554688 308.33001708984375
712.701416015625 307.4620666503906
723.9873046875 306.5693054199219