1 720 1333
538.37939453125 361.5094299316406
559.90283203125 350.26055908203125
580.5643310546875 339.4139709472656
600.339111328125 329.0748291015625
619.1281127929688 319.24658203125
637.0464477539062 309.7455749511719
654.2310180664062 300.71746826171875
670.6220092773438 292.1174011230469
686.3944702148438 283.8050231933594
701.3893432617188 275.8460388183594
715.707275390625 268.2904052734375
538.3011474609375 380.541015625
559.3347778320312 369.1431579589844
579.3950805664062 358.2376403808594
598.5498657226562 347.6966552734375
616.8937377929688 337.6883544921875
634.5172119140625 328.1857604980469
651.377197265625 318.9410095214844
667.4915771484375 310.1734619140625
682.9078369140625 301.70855712890625
697.6281127929688 293.5745544433594
711.7552490234375 285.7906799316406
538.290283203125 398.4965515136719
558.598388671875 387.0501708984375
578.3138427734375 375.98138427734375
596.9727783203125 365.4547119140625
614.9307250976562 355.3681945800781
632.1814575195312 345.6272888183594
648.6348266601562 336.3181457519531
664.4859619140625 327.4031982421875
679.6115112304688 318.78607177734375
694.1646118164062 310.56365966796875
708.1311645507812 302.6031494140625
538.3095092773438 415.49359130859375
558.2008666992188 403.9427490234375
577.2866821289062 392.8583679199219
595.5415649414062 382.29046630859375
613.0818481445312 372.1348571777344
629.8831787109375 362.3160095214844
646.0848388671875 352.86322021484375
661.5596923828125 343.828125
676.488525390625 335.21746826171875
690.72900390625 326.7236633300781
704.4744873046875 318.6895751953125
538.310302734375 431.5695495605469
557.5850219726562 420.0325927734375
576.2842407226562 408.9433898925781
594.1882934570312 398.2825927734375
611.34814453125 388.00714111328125
627.6885986328125 378.20751953125
643.5734252929688 368.66259765625
658.7946166992188 359.5406799316406
673.498779296875 350.7289123535156
687.5055541992188 342.2999572753906
701.03369140625 334.1227722167969
538.3275146484375 446.7311096191406
557.30810546875 435.2318420410156
575.38232421875 424.1714172363281
592.7399291992188 413.5043029785156
609.5784301757812 403.22430419921875
625.68115234375 393.3267517089844
641.2637939453125 383.7350158691406
656.2377319335938 374.5660400390625
670.5843505859375 365.6617736816406
684.436767578125 357.1418762207031
697.6390380859375 348.830322265625
538.3728637695312 461.2174072265625
556.6834106445312 449.70635986328125
574.48779296875 438.6220703125
591.5245361328125 427.9537048339844
608.0191650390625 417.6155700683594
623.6859741210938 407.70086669921875
638.9970703125 398.1684265136719
653.5958251953125 388.865478515625
667.7479858398438 379.92254638671875
681.4200439453125 371.3277893066406
694.4880981445312 362.9429626464844
538.4026489257812 474.89019775390625
556.4345092773438 463.4683837890625
573.6663818359375 452.40765380859375
590.4008178710938 441.7149658203125
606.4526977539062 431.4340515136719
621.9278564453125 421.45458984375
636.7898559570312 411.8221435546875
651.251708984375 402.5677795410156
665.0787353515625 393.5904846191406
678.4400024414062 384.8573303222656
691.3226928710938 376.50482177734375