1 720 1333
359.6964111328125 160.59165954589844
379.07110595703125 153.76084899902344
398.5116271972656 147.04344177246094
418.16595458984375 140.21841430664062
437.8289794921875 133.35745239257812
457.70074462890625 126.50792694091797
477.653564453125 119.58831024169922
497.73919677734375 112.6601791381836
517.9869995117188 105.66349792480469
538.3558349609375 98.7652359008789
558.7696533203125 91.86042785644531
361.4703369140625 177.5263214111328
380.9362487792969 170.71788024902344
400.6605529785156 163.88790893554688
420.5292663574219 157.0640869140625
440.56854248046875 150.20596313476562
460.6288757324219 143.31402587890625
480.8617858886719 136.36187744140625
501.26922607421875 129.3780975341797
521.6937255859375 122.37696075439453
542.347900390625 115.40151977539062
563.0987548828125 108.42224884033203
363.2120666503906 194.91529846191406
382.9775085449219 188.10565185546875
402.89788818359375 181.24949645996094
423.0598449707031 174.35107421875
443.33551025390625 167.43023681640625
463.6617736816406 160.47894287109375
484.1668395996094 153.49200439453125
504.7662353515625 146.46656799316406
525.5298461914062 139.42526245117188
546.4299926757812 132.4081573486328
567.4585571289062 125.35505676269531
364.931396484375 212.7493438720703
385.019287109375 205.88571166992188
405.26373291015625 198.97964477539062
425.59197998046875 192.12925720214844
446.13763427734375 185.12689208984375
466.6968688964844 178.14129638671875
487.5145568847656 171.09884643554688
508.40814208984375 164.0233154296875
529.4346313476562 156.871337890625
550.5650024414062 149.80894470214844
571.8636474609375 142.7432861328125
366.7549743652344 231.12074279785156
387.1651306152344 224.18385314941406
407.5792541503906 217.2698516845703
428.2735595703125 210.2799835205078
449.03424072265625 203.2820281982422
469.8866882324219 196.25137329101562
490.9574890136719 189.1623077392578
512.1683349609375 182.0047149658203
533.4258422851562 174.83920288085938
554.8336181640625 167.7343292236328
576.4647827148438 160.60899353027344
368.6885986328125 249.7640838623047
389.3191223144531 242.91165161132812
410.11419677734375 235.89332580566406
430.8972473144531 228.9045867919922
451.9674377441406 221.85801696777344
473.1889343261719 214.77239990234375
494.47705078125 207.66500854492188
515.9400024414062 200.53298950195312
537.5173950195312 193.3451385498047
559.3441772460938 186.1905059814453
581.2386474609375 178.9385223388672
370.5945739746094 269.1718444824219
391.538330078125 262.0684509277344
412.5238037109375 255.15109252929688
433.7021179199219 248.1058807373047
455.06683349609375 240.98863220214844
476.5010070800781 233.86070251464844
498.1261291503906 226.72781372070312
519.8238525390625 219.54713439941406
541.7300415039062 212.32809448242188
563.8078002929688 205.13272094726562
586.0480346679688 197.80438232421875
372.6376037597656 288.73883056640625
393.7418212890625 281.8536682128906
415.1413879394531 274.7406311035156
436.5521545410156 267.7220153808594
458.2447814941406 260.61260986328125
479.9078369140625 253.50267028808594
501.85992431640625 246.34683227539062
523.92626953125 239.12478637695312
546.1586303710938 231.7880859375
568.5035400390625 224.54574584960938
591.0606079101562 217.28160095214844