1 720 1333
285.1388854980469 229.94534301757812
301.7742004394531 225.22994995117188
318.9128112792969 220.26271057128906
336.5450744628906 215.25425720214844
354.6158752441406 210.09707641601562
373.25494384765625 204.74325561523438
392.3733215332031 199.38136291503906
411.9742126464844 193.7916717529297
432.17315673828125 188.193359375
452.8807373046875 182.3917999267578
474.238037109375 176.4058837890625
295.1849365234375 251.42596435546875
311.6859436035156 246.97262573242188
328.7760009765625 242.4212188720703
346.356689453125 237.65379333496094
364.34014892578125 232.8901824951172
382.76220703125 228.03807067871094
401.7606201171875 222.94927978515625
421.30078125 217.74549865722656
441.3070373535156 212.52365112304688
461.8450927734375 207.15121459960938
482.9668273925781 201.5428009033203
304.919189453125 272.4310607910156
321.4877624511719 268.30908203125
338.4468994140625 264.0242919921875
355.8643493652344 259.6483154296875
373.7525329589844 255.253662109375
392.1780090332031 250.62969970703125
411.0113525390625 245.94888305664062
430.364013671875 241.2162628173828
450.18572998046875 236.30105590820312
470.5807800292969 231.2167205810547
491.5340270996094 226.05821228027344
314.5794372558594 292.94732666015625
330.9434509277344 289.1757507324219
347.9069519042969 285.2105712890625
365.2630920410156 281.1411437988281
383.07183837890625 277.04107666015625
401.2777099609375 272.7265319824219
420.01873779296875 268.4576721191406
439.162841796875 263.9739074707031
458.8360290527344 259.4751892089844
479.1087341308594 254.6995391845703
499.8705749511719 249.92555236816406
323.9613342285156 313.0730895996094
340.39801025390625 309.4710998535156
357.1380920410156 305.8057556152344
374.447265625 302.1042175292969
392.0841369628906 298.3087158203125
410.2481384277344 294.3878479003906
428.72576904296875 290.3797912597656
447.8382568359375 286.287841796875
467.3465270996094 281.99920654296875
487.46710205078125 277.6575012207031
508.0083312988281 273.2676086425781
333.2673034667969 332.6156005859375
349.5008239746094 329.4198303222656
366.2771911621094 326.0341491699219
383.3362121582031 322.58544921875
400.8902587890625 319.097412109375
418.8882141113281 315.46240234375
437.4374694824219 311.7349548339844
456.2828063964844 307.9524841308594
475.6692199707031 304.1103820800781
495.544677734375 300.1058654785156
516.008544921875 295.9237976074219
342.2252197265625 351.83203125
358.5040588378906 348.81085205078125
375.0815734863281 345.7449951171875
392.1521911621094 342.57275390625
409.57177734375 339.3924865722656
427.50030517578125 336.1025695800781
445.7583923339844 332.6169128417969
464.5718688964844 329.2122802734375
483.736328125 325.5713806152344
503.547607421875 321.8380126953125
523.7506713867188 318.123291015625
351.0922546386719 370.5668640136719
367.2708740234375 367.8704833984375
383.7115173339844 365.0710144042969
400.6716003417969 362.21881103515625
418.06402587890625 359.2357177734375
435.7721862792969 356.1609191894531
454.02508544921875 353.017333984375
472.64892578125 349.7408752441406
491.75341796875 346.53826904296875
511.38409423828125 343.1194763183594
531.45166015625 339.59375