1 720 1333
594.6732177734375 151.73521423339844
613.3977661132812 160.02487182617188
631.2578125 167.88502502441406
648.3272705078125 175.5020294189453
664.6138305664062 182.7218475341797
680.306396484375 189.7196502685547
695.270263671875 196.4287872314453
709.6530151367188 202.82247924804688
723.4716186523438 209.01638793945312
736.6971435546875 214.95941162109375
749.4093627929688 220.67950439453125
586.7896728515625 174.3204345703125
605.5591430664062 181.99588012695312
623.4971313476562 189.40716552734375
640.593994140625 196.42469787597656
657.117919921875 203.2522430419922
672.7655029296875 209.68392944335938
687.8788452148438 215.9075469970703
702.4183959960938 221.90188598632812
716.3402099609375 227.76763916015625
729.5603637695312 233.31129455566406
742.43798828125 238.65606689453125
579.1296997070312 196.57965087890625
597.9111938476562 203.73731994628906
615.8572998046875 210.54507446289062
633.1463623046875 217.17086791992188
649.5922241210938 223.4376983642578
665.445068359375 229.49395751953125
680.5784301757812 235.2954559326172
695.219970703125 240.88856506347656
709.1951293945312 246.2802734375
722.5634765625 251.4783935546875
735.4642333984375 256.43463134765625
571.4803466796875 218.67242431640625
590.3512573242188 225.274169921875
608.4151611328125 231.61070251464844
625.65087890625 237.6350555419922
642.2982788085938 243.5135040283203
658.1529541015625 249.15789794921875
673.397705078125 254.49070739746094
688.0929565429688 259.64178466796875
702.13818359375 264.6525573730469
715.6112670898438 269.4306640625
728.5066528320312 274.059326171875
563.9154052734375 240.4427032470703
582.828369140625 246.54310607910156
600.9293212890625 252.37083435058594
618.3444213867188 257.9879455566406
634.9203491210938 263.3870544433594
650.9080810546875 268.5035705566406
666.283935546875 273.4881591796875
680.9325561523438 278.2812194824219
695.17529296875 282.8487243652344
708.6138916015625 287.2986145019531
721.7179565429688 291.51025390625
556.5164794921875 262.0237731933594
575.5248413085938 267.5896301269531
593.6135864257812 272.9121398925781
611.1039428710938 278.0928955078125
627.7138671875 282.9674377441406
643.7906494140625 287.69207763671875
659.1944580078125 292.3162536621094
673.9693603515625 296.6700439453125
688.2325439453125 300.8859558105469
701.798583984375 304.920654296875
714.880859375 308.802734375
549.2672119140625 283.3667297363281
568.2708129882812 288.4183349609375
586.4541625976562 293.3009948730469
603.8857421875 297.8882751464844
620.6423950195312 302.4476013183594
636.70751953125 306.724609375
652.2281494140625 310.8897399902344
667.0328369140625 314.8423767089844
681.3331909179688 318.70660400390625
694.9288330078125 322.4203796386719
708.1988525390625 325.9632873535156
542.0755004882812 304.3578186035156
561.1536254882812 308.94488525390625
579.3380126953125 313.36920166015625
596.8450927734375 317.558349609375
613.6087646484375 321.6441345214844
629.7168579101562 325.55963134765625
645.2537231445312 329.3355712890625
660.1771240234375 332.9122619628906
674.431640625 336.37640380859375
688.2178344726562 339.6613464355469
701.4357299804688 342.86614990234375