1 720 1333
592.3139038085938 223.47323608398438
608.0771484375 214.512451171875
623.5111694335938 205.69793701171875
638.6507568359375 197.22982788085938
653.5081787109375 188.7153778076172
667.9802856445312 180.57896423339844
682.248291015625 172.5202178955078
696.1434326171875 164.6463623046875
709.7093505859375 156.95697021484375
723.2122192382812 149.3699188232422
736.1890869140625 141.9695281982422
596.8953247070312 239.44873046875
612.3832397460938 230.4791259765625
627.4618530273438 221.72457885742188
642.3260498046875 213.19224548339844
656.751220703125 204.78207397460938
671.0111083984375 196.55157470703125
684.8978881835938 188.5445556640625
698.5751953125 180.63238525390625
711.9691772460938 172.99266052246094
725.0034790039062 165.42225646972656
737.8173828125 157.95993041992188
601.422607421875 254.72178649902344
616.4974975585938 245.8052520751953
631.330078125 237.11448669433594
645.7356567382812 228.58514404296875
660.0428466796875 220.2053680419922
673.8690795898438 212.03811645507812
687.54833984375 203.92532348632812
700.8798217773438 196.19564819335938
714.110107421875 188.38734436035156
726.8224487304688 180.83377075195312
739.4501342773438 173.43594360351562
605.7257080078125 269.4833068847656
620.4981689453125 260.5887145996094
634.9095458984375 251.89076232910156
649.2158203125 243.40208435058594
663.1097412109375 235.05950927734375
676.6963500976562 226.8272705078125
690.1041259765625 218.83786010742188
703.2420043945312 210.958251953125
716.1241455078125 203.364990234375
728.6614379882812 195.65814208984375
740.999267578125 188.32608032226562
609.8938598632812 283.6002197265625
624.373291015625 274.7648620605469
638.5346069335938 266.15838623046875
652.449462890625 257.62506103515625
666.1143188476562 249.3290252685547
679.4343872070312 241.2184600830078
692.5459594726562 233.1896209716797
705.404052734375 225.3844757080078
718.0665283203125 217.58660888671875
730.380126953125 210.18031311035156
742.498779296875 202.6014862060547
613.9584350585938 297.27117919921875
628.1128540039062 288.4596252441406
641.9344482421875 279.81683349609375
655.5375366210938 271.4220886230469
668.8967895507812 263.1160888671875
682.0211181640625 254.95799255371094
694.8546752929688 246.99098205566406
707.5159912109375 239.17987060546875
719.863037109375 231.53089904785156
732.0362548828125 223.85647583007812
743.8260498046875 216.57998657226562
617.7762451171875 310.37799072265625
631.6369018554688 301.61767578125
645.296630859375 293.0502624511719
658.552978515625 284.63934326171875
671.6531982421875 276.3992004394531
684.5169067382812 268.2910461425781
697.1928100585938 260.3088684082031
709.4918823242188 252.51492309570312
721.6187133789062 244.802978515625
733.5245361328125 237.36178588867188
745.3204345703125 229.81509399414062
621.5357666015625 322.9820861816406
635.1520385742188 314.32666015625
648.4288330078125 305.76898193359375
661.5056762695312 297.4363098144531
674.359619140625 289.2242126464844
686.9198608398438 281.1226806640625
699.3311767578125 273.21759033203125
711.465087890625 265.3680114746094
723.3795776367188 257.7155456542969
735.0593872070312 250.20086669921875
746.4833984375 242.82188415527344