1 720 1333
559.4273681640625 324.48968505859375
577.3067626953125 316.1617126464844
594.4525146484375 308.13812255859375
610.9288330078125 300.42034912109375
626.8757934570312 292.87969970703125
642.3717651367188 285.69805908203125
657.2366943359375 278.7491455078125
671.5438232421875 272.1419372558594
685.4421997070312 265.62896728515625
698.647705078125 259.460205078125
711.67626953125 253.3644256591797
560.890380859375 342.2867126464844
578.3888549804688 333.7676086425781
595.2256469726562 325.5968017578125
611.3760986328125 317.690185546875
627.10595703125 310.11602783203125
642.1826171875 302.724853515625
656.6535034179688 295.6792907714844
670.8058471679688 288.806640625
684.52099609375 282.267822265625
697.644287109375 275.775390625
710.4196166992188 269.6373596191406
562.4459228515625 359.32763671875
579.421630859375 350.68841552734375
595.815185546875 342.4383544921875
611.7391357421875 334.4236145019531
627.232177734375 326.6341552734375
641.9592895507812 319.2256774902344
656.4114990234375 311.9043273925781
670.3276977539062 304.9323425292969
683.6717529296875 298.2241516113281
696.5786743164062 291.6683044433594
709.26220703125 285.3699035644531
563.744384765625 375.6780700683594
580.498291015625 366.9835205078125
596.5743408203125 358.5933532714844
612.2677001953125 350.4757385253906
627.3343505859375 342.584228515625
641.8027954101562 335.00921630859375
655.884033203125 327.6515808105469
669.6069946289062 320.5263366699219
682.7969360351562 313.6732482910156
695.6104736328125 306.9689025878906
707.9074096679688 300.55767822265625
565.2692260742188 391.3783874511719
581.5248413085938 382.6201477050781
597.352783203125 374.14031982421875
612.55810546875 365.9118347167969
627.4413452148438 357.9239501953125
641.694580078125 350.2889099121094
655.5941772460938 342.75579833984375
669.1353759765625 335.515380859375
682.0519409179688 328.58355712890625
694.5471801757812 321.7830505371094
706.7430419921875 315.2179870605469
566.5220947265625 406.4695739746094
582.5375366210938 397.61688232421875
598.0150756835938 389.125244140625
613.0556640625 380.7635498046875
627.50537109375 372.7076110839844
641.5899658203125 364.942626953125
655.2957153320312 357.39312744140625
668.4852294921875 350.1053466796875
681.2872314453125 343.0174255371094
693.611083984375 336.1123352050781
705.6008911132812 329.4224853515625
567.7952880859375 420.9468078613281
583.5198364257812 412.0987548828125
598.6337280273438 403.4583740234375
613.4135131835938 395.1546325683594
627.63916015625 386.9481201171875
641.4885864257812 379.14349365234375
654.8486328125 371.47540283203125
667.772216796875 364.0984802246094
680.4702758789062 356.85906982421875
692.5799560546875 349.8966369628906
704.5198974609375 343.1363830566406
569.1759643554688 434.8441467285156
584.4973754882812 425.9790344238281
599.4022827148438 417.3377990722656
613.7626953125 408.8569641113281
627.7306518554688 400.6868896484375
641.3982543945312 392.734375
654.5152587890625 385.0561218261719
667.3276977539062 377.5550537109375
679.6719360351562 370.2908935546875
691.6375122070312 363.2581787109375
703.358154296875 356.384521484375