1 720 1333
467.8305358886719 93.31564331054688
487.5653991699219 103.54319763183594
506.9364318847656 113.65994262695312
526.109375 123.67400360107422
544.9039306640625 133.53028869628906
563.4747314453125 143.2913055419922
581.7557373046875 152.82386779785156
599.7826538085938 162.3255157470703
617.59423828125 171.56753540039062
635.1220092773438 180.78155517578125
652.3505859375 189.8307647705078
459.1143798828125 109.3850326538086
479.1076965332031 119.59487915039062
498.71881103515625 129.677001953125
518.1779174804688 139.69667053222656
537.2760009765625 149.56141662597656
556.044921875 159.26589965820312
574.5463256835938 168.75927734375
592.79150390625 178.19577026367188
610.8115844726562 187.4413604736328
628.5740356445312 196.58935546875
646.1018676757812 205.63087463378906
450.1966552734375 125.76776123046875
470.41326904296875 136.02786254882812
490.343505859375 146.14060974121094
509.98822021484375 156.09999084472656
529.3886108398438 165.86737060546875
548.453369140625 175.5380401611328
567.2667236328125 185.06748962402344
585.7000732421875 194.4088897705078
604.0174560546875 203.6323699951172
621.9518432617188 212.74542236328125
639.6484375 221.75498962402344
441.0165710449219 142.56967163085938
461.5401306152344 152.75482177734375
481.7648010253906 162.83639526367188
501.68536376953125 172.75994873046875
521.3778686523438 182.5926971435547
540.6326904296875 192.22817993164062
559.6780395507812 201.66134643554688
578.4879150390625 210.986083984375
596.9497680664062 220.25439453125
615.1873168945312 229.3385772705078
633.128173828125 238.33131408691406
431.6813049316406 159.68792724609375
452.5146789550781 169.9268798828125
473.0579528808594 179.99853515625
493.3078918457031 189.89083862304688
513.197509765625 199.61888122558594
532.6983032226562 209.23587036132812
552.09228515625 218.657958984375
571.1021728515625 227.95945739746094
589.7576904296875 237.13880920410156
608.2904052734375 246.26116943359375
626.4519653320312 255.20326232910156
422.1673889160156 177.36598205566406
443.3284606933594 187.49513244628906
464.1636047363281 197.51353454589844
484.5954284667969 207.37762451171875
504.75714111328125 217.0845184326172
524.621337890625 226.61305236816406
544.2623901367188 236.11647033691406
563.509033203125 245.34046936035156
582.502685546875 254.47743225097656
601.2385864257812 263.4885559082031
619.6312866210938 272.42608642578125
412.4395751953125 195.31968688964844
433.8683166503906 205.42425537109375
455.0092468261719 215.4188690185547
475.7624206542969 225.2550506591797
496.3035888671875 234.89212036132812
516.4152221679688 244.4764404296875
536.3076171875 253.81581115722656
555.7532348632812 263.1209411621094
575.0206298828125 272.19482421875
593.9930419921875 281.22637939453125
612.638427734375 289.983642578125
402.52178955078125 213.62513732910156
424.3330383300781 223.74143981933594
445.7077331542969 233.70542907714844
466.7906494140625 243.49049377441406
487.5623779296875 253.20298767089844
508.0174865722656 262.61785888671875
528.1281127929688 272.0635070800781
547.8484497070312 281.2337951660156
567.436767578125 290.33087158203125
586.5888061523438 299.2362976074219
605.5542602539062 308.06365966796875