1 720 1333
406.5874328613281 63.6543083190918
419.3119201660156 72.92362976074219
432.32086181640625 82.56160736083984
445.43017578125 92.26838684082031
458.823974609375 102.22259521484375
472.442626953125 112.28431701660156
486.3448486328125 122.51986694335938
500.36590576171875 132.88555908203125
514.599365234375 143.48239135742188
529.1981811523438 154.25601196289062
543.9135131835938 165.1694793701172
400.8728332519531 81.55587005615234
413.45721435546875 91.15850067138672
426.2225341796875 100.61772155761719
439.1984558105469 110.4510726928711
452.33514404296875 120.33719635009766
465.7001953125 130.41416931152344
479.3460388183594 140.64088439941406
493.1555480957031 151.07667541503906
507.15130615234375 161.61614990234375
521.4242553710938 172.39349365234375
535.8621215820312 183.2811279296875
395.42767333984375 99.36799621582031
407.68170166015625 108.68267059326172
420.31927490234375 118.38349914550781
432.9926452636719 128.0943145751953
445.968994140625 138.02528381347656
459.1515197753906 148.13162231445312
472.4988708496094 158.36495971679688
486.0758056640625 168.72439575195312
499.7614440917969 179.3040313720703
513.8043823242188 189.97879028320312
528.0935668945312 200.8603973388672
390.03802490234375 116.49199676513672
402.2576904296875 125.98138427734375
414.5125427246094 135.54641723632812
427.07440185546875 145.35794067382812
439.7485046386719 155.29440307617188
452.6853332519531 165.34571838378906
465.8049011230469 175.54689025878906
479.2185363769531 185.96766662597656
492.6388244628906 196.48512268066406
506.45050048828125 207.22549438476562
520.4563598632812 218.10084533691406
384.7875061035156 133.31857299804688
396.74298095703125 142.69813537597656
408.85784912109375 152.36178588867188
421.2703552246094 162.1415557861328
433.74322509765625 172.04515075683594
446.4754638671875 182.1598358154297
459.427734375 192.3789825439453
472.4925537109375 202.67648315429688
485.74700927734375 213.26571655273438
499.3584289550781 223.92129516601562
513.0977783203125 234.7666778564453
379.6753845214844 149.64309692382812
391.49560546875 159.1873016357422
403.45550537109375 168.7425537109375
415.5694274902344 178.50633239746094
427.8856506347656 188.45053100585938
440.4477844238281 198.50634765625
453.1690979003906 208.6906280517578
466.0311584472656 219.06590270996094
479.1063537597656 229.5813446044922
492.39385986328125 240.28936767578125
505.830322265625 251.068115234375
374.750244140625 165.66098022460938
386.36920166015625 175.19837951660156
398.1685485839844 184.7213897705078
410.0718994140625 194.50965881347656
422.2787170410156 204.41677856445312
434.5306396484375 214.47210693359375
447.06072998046875 224.61756896972656
459.7102966308594 234.97178649902344
472.5688781738281 245.46348571777344
485.6399230957031 256.132080078125
498.8824157714844 266.8668212890625
369.8800964355469 181.3047637939453
381.3544921875 190.7232208251953
392.883056640625 200.3513946533203
404.6907958984375 210.1289825439453
416.6515808105469 219.97952270507812
428.7807312011719 229.96807861328125
441.1588439941406 240.2204132080078
453.6189270019531 250.49993896484375
466.3232421875 260.9521179199219
479.22119140625 271.5516662597656
492.251220703125 282.3580017089844