1 720 1333
550.751220703125 236.24810791015625
561.1951293945312 234.7647247314453
571.8621215820312 233.39967346191406
582.9765014648438 231.85821533203125
594.4495849609375 230.3760528564453
606.3104248046875 228.7439727783203
618.52099609375 227.1877899169922
631.2064819335938 225.51644897460938
644.2359008789062 223.7416229248047
657.7071533203125 222.06353759765625
671.7588500976562 220.27252197265625
552.3564453125 251.4854736328125
562.6716918945312 250.35458374023438
573.4906005859375 249.17529296875
584.4718017578125 247.8683319091797
595.899169921875 246.6145477294922
607.6895141601562 245.35572814941406
619.9005737304688 243.9888458251953
632.54736328125 242.60910034179688
645.597412109375 241.23574829101562
659.1846923828125 239.73703002929688
673.20849609375 238.2979278564453
553.802978515625 266.646240234375
564.2544555664062 265.68994140625
574.90380859375 264.74365234375
585.9886474609375 263.77227783203125
597.385498046875 262.783935546875
609.2593383789062 261.74542236328125
621.392333984375 260.6872863769531
633.9688720703125 259.6131286621094
646.989990234375 258.4869384765625
660.5044555664062 257.39312744140625
674.4813842773438 256.2301940917969
555.4468994140625 281.7424011230469
565.6864624023438 281.1827392578125
576.4520263671875 280.4333190917969
587.436279296875 279.641357421875
598.8243408203125 278.8894958496094
610.564697265625 278.2189636230469
622.7571411132812 277.415283203125
635.3736572265625 276.5365295410156
648.4058227539062 275.66461181640625
661.7876586914062 274.81011962890625
675.7352905273438 273.9743957519531
556.8092651367188 296.77532958984375
567.2948608398438 296.4145202636719
577.8262329101562 295.87841796875
588.8939819335938 295.4596252441406
600.3289794921875 294.8939208984375
612.1029052734375 294.4576416015625
624.2286987304688 293.8818664550781
636.699462890625 293.3880615234375
649.6676025390625 292.77154541015625
663.2440185546875 292.31610107421875
677.1586303710938 291.62652587890625
558.440673828125 311.7155456542969
568.6195678710938 311.55230712890625
579.4089965820312 311.38555908203125
590.37353515625 311.12335205078125
601.7161254882812 310.7529602050781
613.4609375 310.58795166015625
625.5890502929688 310.3848876953125
638.1295776367188 310.1125793457031
651.1671752929688 309.72607421875
664.4922485351562 309.5157470703125
678.4418334960938 309.355224609375
559.8069458007812 326.5971374511719
570.2606811523438 326.5986633300781
580.729248046875 326.6016540527344
591.7650146484375 326.6106262207031
603.1891479492188 326.61102294921875
614.8666381835938 326.6105041503906
626.9818725585938 326.6202697753906
639.5224609375 326.6095886230469
652.4617919921875 326.63177490234375
665.821533203125 326.6348571777344
679.63916015625 326.62261962890625
561.3591918945312 341.44488525390625
571.6050415039062 341.59417724609375
582.2980346679688 341.8128356933594
593.2822875976562 342.1535949707031
604.5543212890625 342.4164123535156
616.3394165039062 342.5957946777344
628.4058837890625 342.7878723144531
640.8887329101562 343.2131042480469
653.7816772460938 343.43804931640625
667.2360229492188 343.63433837890625
681.1083374023438 344.0037841796875