1 720 1333
552.46240234375 380.3990783691406
574.186767578125 380.4541015625
594.7291259765625 380.4500732421875
614.3132934570312 380.4571533203125
632.8460693359375 380.45086669921875
650.5009155273438 380.4429626464844
667.3133544921875 380.4067687988281
683.287109375 380.39605712890625
698.5228271484375 380.35064697265625
712.9931030273438 380.1833190917969
726.8772583007812 380.09918212890625
541.90771484375 397.5611877441406
563.4315185546875 397.3381042480469
583.8546752929688 396.8323974609375
603.3439331054688 396.5059814453125
621.7232055664062 396.2293701171875
639.4202880859375 395.66943359375
656.16162109375 395.4229431152344
672.171630859375 395.0405578613281
687.43896484375 394.61566162109375
701.8908081054688 394.3490295410156
715.8475952148438 393.7873840332031
531.8102416992188 414.2568054199219
553.2083740234375 413.4584655761719
573.4782104492188 412.6302185058594
592.7196044921875 411.9635009765625
611.181640625 411.3362731933594
628.6616821289062 410.5136413574219
645.4519653320312 409.8148193359375
661.3742065429688 409.3058166503906
676.6653442382812 408.5564270019531
691.267578125 407.81805419921875
705.1315307617188 407.37652587890625
522.226806640625 430.11572265625
543.3614501953125 428.93408203125
563.5086059570312 427.7831726074219
582.6275634765625 426.7858581542969
600.9366455078125 425.72344970703125
618.38671875 424.8089904785156
635.0885009765625 423.7880859375
651.0006103515625 422.92669677734375
666.237060546875 422.1705627441406
680.750732421875 421.2310791015625
694.6857299804688 420.3343505859375
512.97509765625 445.31378173828125
533.9638061523438 443.7438049316406
553.8673095703125 442.4625549316406
572.8797607421875 441.21026611328125
591.1521606445312 439.7630310058594
608.4688110351562 438.54638671875
625.0789794921875 437.41864013671875
640.9046020507812 436.2676086425781
656.2160034179688 435.1029968261719
670.7210083007812 433.7721252441406
684.642822265625 432.7295227050781
504.1380920410156 459.78448486328125
524.8556518554688 458.2413330078125
544.6277465820312 456.4979248046875
563.5736694335938 454.8512268066406
581.5675048828125 453.39959716796875
598.8556518554688 451.7780456542969
615.4319458007812 450.4011535644531
631.311767578125 448.9256591796875
646.4191284179688 447.58685302734375
660.9006958007812 446.3069152832031
674.8218383789062 444.8199157714844
495.59417724609375 473.8861083984375
516.21533203125 471.9150390625
535.8046875 469.9735107421875
554.5202026367188 468.1881103515625
572.5172729492188 466.4140625
589.6111450195312 464.5739440917969
606.1087036132812 462.8846740722656
621.803466796875 461.314208984375
636.9762573242188 459.65020751953125
651.4389038085938 458.1162109375
665.400634765625 456.56097412109375
487.4387512207031 487.449951171875
507.81866455078125 485.27008056640625
527.3124389648438 483.07684326171875
545.9058227539062 480.9000244140625
563.6765747070312 478.85638427734375
580.7437133789062 476.8612976074219
597.1397094726562 474.9737243652344
612.7597045898438 473.20098876953125
627.765380859375 471.37359619140625
642.2825927734375 469.5425720214844
656.1109008789062 467.7930603027344