1 720 1333
397.7511291503906 334.9936218261719
425.22698974609375 333.6369934082031
452.48779296875 332.4304504394531
479.73822021484375 331.1585693359375
506.9605712890625 329.7361145019531
534.1350708007812 328.48345947265625
561.2769775390625 327.23162841796875
588.3313598632812 325.8417663574219
615.3236694335938 324.5668029785156
642.30029296875 323.38201904296875
669.1056518554688 322.0796813964844
401.2193603515625 361.4921875
428.330078125 360.2385559082031
455.4264221191406 358.7846984863281
482.4018249511719 357.5012512207031
509.37176513671875 356.3009033203125
536.2340698242188 354.8439636230469
563.1281127929688 353.5624084472656
589.8056030273438 352.3101501464844
616.6224365234375 350.9591064453125
643.3736572265625 349.6014099121094
669.8546142578125 348.388916015625
404.5210876464844 387.514404296875
431.43365478515625 386.2484130859375
458.2485656738281 384.7974853515625
484.9502868652344 383.5242614746094
511.6094055175781 382.26239013671875
538.3507080078125 380.836669921875
564.8609619140625 379.5395812988281
591.4947509765625 378.2845764160156
617.9483642578125 376.80126953125
644.5084838867188 375.52764892578125
670.7372436523438 374.2125244140625
407.790771484375 413.1397399902344
434.4148864746094 411.6796875
461.03155517578125 410.4271545410156
487.507568359375 409.0757751464844
514.0033569335938 407.6466369628906
540.3975830078125 406.41937255859375
566.6923217773438 405.07525634765625
593.1256713867188 403.63470458984375
619.3882446289062 402.3847351074219
645.5599975585938 400.9130859375
671.6461791992188 399.5455322265625
411.1067199707031 438.2178039550781
437.4997253417969 436.7587890625
463.7308349609375 435.46826171875
490.1145324707031 434.1518859863281
516.3278198242188 432.7086486816406
542.4730224609375 431.4395751953125
568.537353515625 430.1009216308594
594.6385498046875 428.6416931152344
620.6255493164062 427.34918212890625
646.615966796875 425.80157470703125
672.48876953125 424.44677734375
414.3747863769531 462.76031494140625
440.4586181640625 461.4474792480469
466.54583740234375 460.1253662109375
492.5426330566406 458.65185546875
518.5914916992188 457.38873291015625
544.4786987304688 455.9173278808594
570.42529296875 454.5518493652344
596.2899780273438 453.25323486328125
622.0416870117188 451.7293701171875
647.7073364257812 450.3760070800781
673.3851928710938 448.8190002441406
417.5093078613281 486.8856506347656
443.4329833984375 485.5606689453125
469.31365966796875 484.2552185058594
495.1152648925781 482.7585754394531
520.7933349609375 481.4453125
546.5161743164062 480.0204162597656
572.2387084960938 478.5861511230469
597.7301635742188 477.2522888183594
623.3583984375 475.7011413574219
648.7311401367188 474.3448486328125
674.2037963867188 472.73028564453125
420.6551208496094 510.6324462890625
446.3816833496094 509.3315124511719
471.91387939453125 507.8132629394531
497.540283203125 506.4766540527344
523.0835571289062 505.031982421875
548.5304565429688 503.5995788574219
573.8961791992188 502.25164794921875
599.352783203125 500.7004089355469
624.5919799804688 499.29620361328125
649.7764282226562 497.6484375
674.9506225585938 496.2423400878906