1 720 1333
584.2465209960938 241.39443969726562
600.7332763671875 238.16868591308594
617.2245483398438 234.8688507080078
633.49658203125 231.69456481933594
649.6360473632812 228.58982849121094
665.6331787109375 225.50270080566406
681.5093994140625 222.45822143554688
697.2623291015625 219.41307067871094
712.7708740234375 216.44456481933594
728.2064819335938 213.4893341064453
743.4310913085938 210.5657501220703
587.5515747070312 258.17626953125
604.0199584960938 254.79148864746094
620.3662109375 251.55458068847656
636.548828125 248.35025024414062
652.5935668945312 245.13568115234375
668.46044921875 241.9379119873047
684.2481689453125 238.80380249023438
699.7787475585938 235.76197814941406
715.3179321289062 232.71910095214844
730.5689697265625 229.70953369140625
745.6934204101562 226.7806396484375
590.930419921875 274.645263671875
607.3072509765625 271.32763671875
623.4849853515625 267.9856872558594
639.5481567382812 264.6730651855469
655.4934692382812 261.4564514160156
671.3128662109375 258.26446533203125
686.889892578125 255.05967712402344
702.4403686523438 251.9134521484375
717.715576171875 248.83726501464844
732.9483032226562 245.77462768554688
747.978759765625 242.746826171875
594.3082885742188 291.0247497558594
610.4719848632812 287.5914306640625
626.5541381835938 284.2373046875
642.5221557617188 280.8824462890625
658.3809204101562 277.58514404296875
674.02294921875 274.3875427246094
689.5836791992188 271.1564025878906
704.9441528320312 267.9151306152344
720.2637939453125 264.7586364746094
735.3195190429688 261.65692138671875
750.2540893554688 258.5899963378906
597.540771484375 307.1870422363281
613.6253662109375 303.6658020019531
629.5963134765625 300.3041076660156
645.4822387695312 296.8807373046875
661.2084350585938 293.5373229980469
676.7755737304688 290.271484375
692.2039184570312 286.9779052734375
707.4950561523438 283.6933288574219
722.6029052734375 280.52886962890625
737.5780639648438 277.39569091796875
752.442138671875 274.2741394042969
600.7805786132812 323.12335205078125
616.7406616210938 319.6015930175781
632.66162109375 316.1852111816406
648.3986206054688 312.6876525878906
664.0133056640625 309.3682556152344
679.4425048828125 305.9845886230469
694.7553100585938 302.6162109375
709.9332275390625 299.3890380859375
725.0460205078125 296.1123046875
739.8362426757812 292.86114501953125
754.6326293945312 289.66363525390625
604.0057983398438 338.8121337890625
619.8836669921875 335.3243408203125
635.6140747070312 331.77899169921875
651.3263549804688 328.3465270996094
666.7258911132812 324.8883972167969
682.1270141601562 321.487548828125
697.3575439453125 318.172119140625
712.4009399414062 314.72857666015625
727.3679809570312 311.4841613769531
742.1614990234375 308.2080078125
756.6829223632812 304.9322814941406
607.2191772460938 354.3702087402344
622.9481201171875 350.75897216796875
638.60302734375 347.3146667480469
654.133056640625 343.7369689941406
669.5101318359375 340.3102111816406
684.6934204101562 336.7938232421875
699.7822875976562 333.3995056152344
714.785888671875 329.9713134765625
729.592529296875 326.6148681640625
744.3104248046875 323.33544921875
758.7908935546875 320.06414794921875