1 720 1333
301.4604797363281 291.1169128417969
315.5792541503906 291.6839294433594
329.9959716796875 292.41546630859375
344.66302490234375 293.0419616699219
359.55145263671875 293.64385986328125
374.7679443359375 294.4595031738281
390.24847412109375 295.139892578125
405.9079284667969 295.77044677734375
421.7637634277344 296.5350036621094
438.13970947265625 297.3385925292969
454.5431823730469 298.0245361328125
304.66656494140625 308.22198486328125
318.65399169921875 308.8753967285156
333.08453369140625 309.64910888671875
347.5545959472656 310.46142578125
362.4563903808594 311.3569641113281
377.4464111328125 312.1849060058594
392.8091125488281 312.9917297363281
408.3450927734375 313.7483215332031
424.2253112792969 314.6549377441406
440.2643127441406 315.5574645996094
456.62060546875 316.4736633300781
307.7120056152344 324.8612365722656
321.76165771484375 325.766845703125
335.94598388671875 326.64849853515625
350.47027587890625 327.6182556152344
365.177001953125 328.549560546875
380.172607421875 329.5592041015625
395.32861328125 330.5086669921875
410.736328125 331.5278015136719
426.4517517089844 332.5328369140625
442.4465026855469 333.55609130859375
458.606201171875 334.5834045410156
310.9208068847656 341.47174072265625
324.739990234375 342.4594421386719
338.9327087402344 343.50274658203125
353.2958068847656 344.51898193359375
367.8961486816406 345.6249084472656
382.6895446777344 346.67718505859375
397.8243713378906 347.7750244140625
413.1203918457031 348.9345703125
428.7179870605469 350.18231201171875
444.5210876464844 351.31463623046875
460.64788818359375 352.4233093261719
313.9211120605469 357.68133544921875
327.7518310546875 358.78887939453125
341.7324523925781 359.92877197265625
356.1364440917969 361.27520751953125
370.56658935546875 362.4127502441406
385.3631896972656 363.5977478027344
400.3209228515625 364.7361145019531
415.52947998046875 366.1484069824219
430.8878173828125 367.4176025390625
446.6446838378906 368.594970703125
462.6155090332031 369.90106201171875
317.03204345703125 373.6075744628906
330.66961669921875 374.94921875
344.6377868652344 376.28253173828125
358.7923278808594 377.53948974609375
373.2803649902344 378.8043212890625
387.84368896484375 380.2521057128906
402.741455078125 381.56201171875
417.80316162109375 382.8885803222656
433.1564636230469 384.3435363769531
448.7434997558594 385.66455078125
464.57647705078125 387.14666748046875
320.0351867675781 389.5013427734375
333.6128845214844 390.7737121582031
347.4947509765625 392.25189208984375
361.56573486328125 393.63287353515625
375.8566589355469 395.06939697265625
390.4095458984375 396.48431396484375
405.2369079589844 397.9046936035156
420.16534423828125 399.4259948730469
435.4206237792969 400.97906494140625
450.7894287109375 402.4465026855469
466.5802307128906 404.016357421875
322.8771057128906 404.85638427734375
336.49456787109375 406.4796142578125
350.289306640625 407.9024353027344
364.2757568359375 409.44580078125
378.452392578125 410.952880859375
392.8918151855469 412.4867248535156
407.5103454589844 414.0959167480469
422.4854431152344 415.6451110839844
437.5195007324219 417.29248046875
452.9584045410156 418.8752746582031
468.5489807128906 420.566162109375