1 720 1333
433.11346435546875 257.54150390625
459.0440979003906 248.81857299804688
482.699951171875 240.85699462890625
504.6526794433594 233.5170440673828
524.8314819335938 226.74607849121094
543.5874633789062 220.51092529296875
561.0046997070312 214.63363647460938
577.3226318359375 209.28099060058594
592.4439697265625 204.2317352294922
606.5252685546875 199.5172576904297
619.746826171875 195.1458282470703
439.74078369140625 291.7992248535156
464.7424011230469 281.8532409667969
487.8175964355469 272.66131591796875
509.12237548828125 264.29290771484375
528.814697265625 256.4372253417969
547.0341796875 249.226806640625
564.1632690429688 242.4470672607422
579.8528442382812 236.25596618652344
594.8284912109375 230.353515625
608.5430297851562 224.9131622314453
621.6143798828125 219.71788024902344
446.17620849609375 324.6175231933594
470.4528503417969 313.56219482421875
492.7478332519531 303.3424072265625
513.4573364257812 293.82208251953125
532.6017456054688 285.1346130371094
550.4389038085938 276.9890441894531
567.0660400390625 269.3757019042969
582.6036987304688 262.3319396972656
597.1493530273438 255.70968627929688
610.7045288085938 249.52342224121094
623.4246826171875 243.7045440673828
452.3754577636719 356.2073059082031
475.87091064453125 343.99664306640625
497.5342712402344 332.77716064453125
517.6649169921875 322.406982421875
536.3567504882812 312.79541015625
553.6661987304688 303.7672424316406
569.9561767578125 295.4750671386719
585.1954345703125 287.59454345703125
599.47998046875 280.3310852050781
612.6575317382812 273.48858642578125
625.3350830078125 266.9849548339844
458.400634765625 386.31005859375
481.2124328613281 373.27935791015625
502.2846374511719 361.16436767578125
521.7379150390625 349.9220886230469
539.9920043945312 339.4659423828125
556.9002685546875 329.8056640625
572.7740478515625 320.63946533203125
587.6420288085938 312.22906494140625
601.64794921875 304.2296142578125
614.6420288085938 296.7201843261719
627.0005493164062 289.6564636230469
464.20196533203125 415.3055725097656
486.34661865234375 401.35150146484375
506.7618713378906 388.4615783691406
525.7823486328125 376.47491455078125
543.5293579101562 365.3516845703125
560.1232299804688 354.8448181152344
575.5756225585938 345.1844482421875
590.2413330078125 335.9118957519531
603.7234497070312 327.4624328613281
616.6405639648438 319.31463623046875
628.6210327148438 311.7235107421875
469.7422180175781 442.99163818359375
491.32720947265625 428.3497619628906
511.2103271484375 414.67315673828125
529.6737670898438 402.066162109375
547.0126953125 390.2174072265625
563.1613159179688 379.1955871582031
578.334228515625 368.70721435546875
592.4769287109375 359.0839538574219
605.8313598632812 349.87933349609375
618.4545288085938 341.305419921875
630.3927001953125 333.13116455078125
475.2784423828125 469.5931396484375
496.17413330078125 454.277099609375
515.5087280273438 439.95001220703125
533.53369140625 426.6598205566406
550.3807983398438 414.28570556640625
566.1714477539062 402.5624694824219
580.8409423828125 391.6559753417969
594.7650146484375 381.3892517089844
607.802978515625 371.7238464355469
620.2369384765625 362.570556640625
631.715087890625 354.02105712890625