1 720 1333
473.7842712402344 134.826904296875
487.1275634765625 132.59259033203125
500.81182861328125 130.31094360351562
514.9132080078125 127.8780746459961
529.4926147460938 125.47178649902344
544.4713134765625 122.9486083984375
559.8984375 120.42378997802734
575.801025390625 117.76094818115234
592.252685546875 115.07791900634766
609.1986694335938 112.29267120361328
626.6178588867188 109.46220397949219
477.6052551269531 153.39369201660156
490.82806396484375 151.40274047851562
504.52880859375 149.38238525390625
518.5575561523438 147.2986602783203
533.0241088867188 145.20106506347656
547.920166015625 142.94183349609375
563.2828369140625 140.6639404296875
579.0781860351562 138.40286254882812
595.3590698242188 136.05230712890625
612.2017211914062 133.56884765625
629.5194702148438 131.15220642089844
481.4051208496094 171.56918334960938
494.5677490234375 169.83921813964844
508.2126159667969 168.1381378173828
522.1353149414062 166.3525848388672
536.4697875976562 164.4743194580078
551.31396484375 162.56344604492188
566.5208129882812 160.60626220703125
582.2676391601562 158.61834716796875
598.3848876953125 156.56484985351562
615.109130859375 154.49375915527344
632.3499755859375 152.3801727294922
485.11865234375 189.5089111328125
498.23004150390625 188.07864379882812
511.69757080078125 186.55255126953125
525.575439453125 185.0526580810547
539.833251953125 183.49087524414062
554.5582275390625 181.8334197998047
569.7023315429688 180.279541015625
585.356689453125 178.49888610839844
601.4161987304688 176.74252319335938
618.0149536132812 175.04347229003906
635.12353515625 173.25662231445312
488.673095703125 207.16961669921875
501.73828125 205.89398193359375
515.2000122070312 204.64210510253906
528.9855346679688 203.45155334472656
543.2376708984375 202.1851348876953
557.7904663085938 200.7604522705078
572.837158203125 199.4631805419922
588.3861083984375 198.0630645751953
604.3441162109375 196.570556640625
620.81005859375 195.2049560546875
637.759033203125 193.63531494140625
492.3194580078125 224.474853515625
505.2752685546875 223.51318359375
518.6144409179688 222.52806091308594
532.3558349609375 221.5101318359375
546.4801025390625 220.47071838378906
560.9711303710938 219.44393920898438
575.9739990234375 218.38189697265625
591.3638305664062 217.26507568359375
607.2814331054688 216.12411499023438
623.58056640625 214.9005126953125
640.5018310546875 213.69638061523438
495.73480224609375 241.5129852294922
508.6799621582031 240.73341369628906
521.9497680664062 240.08566284179688
535.6240844726562 239.3633575439453
549.6503295898438 238.51341247558594
564.177978515625 237.65533447265625
579.0032348632812 236.81443786621094
594.361083984375 236.1077423095703
610.073974609375 235.30029296875
626.385498046875 234.38641357421875
643.1823120117188 233.4710693359375
499.26092529296875 258.3611145019531
512.0377807617188 257.7651062011719
525.3118896484375 257.3653259277344
538.7939453125 256.7018737792969
552.8258666992188 256.32757568359375
567.2193603515625 255.6431121826172
582.0353393554688 255.22312927246094
597.2708129882812 254.55691528320312
612.9073486328125 254.017822265625
629.1237182617188 253.41915893554688
645.7611694335938 252.7498016357422