1 720 1333
505.6373596191406 195.07818603515625
520.866943359375 200.64300537109375
536.3052978515625 206.37796020507812
551.7564697265625 212.13568115234375
567.5377807617188 217.90586853027344
583.4082641601562 223.79379272460938
599.461669921875 229.72393798828125
615.6229858398438 235.7475128173828
632.0216674804688 241.8319854736328
648.5909423828125 248.04229736328125
665.3460083007812 254.2923126220703
500.31298828125 211.65872192382812
515.4403076171875 217.40557861328125
530.6654663085938 223.14955139160156
546.1758422851562 228.96102905273438
561.7462768554688 234.817138671875
577.531005859375 240.75482177734375
593.4783935546875 246.73329162597656
609.5863037109375 252.84718322753906
625.84814453125 259.00811767578125
642.3524169921875 265.2669677734375
658.9547119140625 271.5273132324219
494.9457702636719 228.2649383544922
509.9820861816406 234.005615234375
525.2315063476562 239.79263305664062
540.5276489257812 245.66140747070312
556.0531616210938 251.60379028320312
571.6793212890625 257.6023254394531
587.570556640625 263.6714172363281
603.5556030273438 269.7940673828125
619.7276611328125 276.0118103027344
636.1613159179688 282.3379211425781
652.668701171875 288.6695556640625
489.6271057128906 244.64218139648438
504.58984375 250.50270080566406
519.658203125 256.3876953125
534.9432373046875 262.31390380859375
550.3571166992188 268.3528747558594
565.9273681640625 274.3858642578125
581.66552734375 280.47796630859375
597.5914306640625 286.6802062988281
613.6746826171875 292.9374694824219
629.990478515625 299.3241271972656
646.4439086914062 305.6877746582031
484.4443054199219 261.0240478515625
499.3088684082031 266.8351135253906
514.3219604492188 272.7898254394531
529.4469604492188 278.7744140625
544.7196044921875 284.8110656738281
560.254638671875 290.9863586425781
575.8550415039062 297.18463134765625
591.6561889648438 303.413818359375
607.681396484375 309.7048645019531
623.8451538085938 316.1633605957031
640.2686767578125 322.6168518066406
479.2394714355469 277.20654296875
494.01812744140625 283.1216735839844
508.85870361328125 289.1108703613281
523.934814453125 295.19671630859375
539.2151489257812 301.3172302246094
554.5733642578125 307.4383850097656
570.1723022460938 313.6754455566406
585.8292846679688 320.0329895019531
601.7200317382812 326.4131774902344
617.8248901367188 332.83544921875
634.1333618164062 339.4026184082031
474.1283264160156 293.2624816894531
488.6983947753906 299.2256164550781
503.56988525390625 305.28125
518.5305786132812 311.3809509277344
533.6732177734375 317.5274353027344
548.9923706054688 323.7569885253906
564.4378662109375 330.10076904296875
580.1104125976562 336.4877624511719
595.8533325195312 342.888671875
611.8491821289062 349.44537353515625
628.024169921875 356.00970458984375
469.0025939941406 309.1860656738281
483.5759582519531 315.2052307128906
498.3395690917969 321.32720947265625
513.243408203125 327.48388671875
528.29541015625 333.6940612792969
543.468017578125 339.99810791015625
558.7864990234375 346.3636169433594
574.4185180664062 352.77191162109375
590.0884399414062 359.31024169921875
605.9971313476562 365.8026123046875
622.04833984375 372.4643859863281