1 720 1333
315.4532470703125 156.67332458496094
329.71405029296875 164.20938110351562
344.1588134765625 171.72923278808594
358.7742614746094 179.47317504882812
373.53753662109375 187.26148986816406
388.5523986816406 195.16629028320312
403.6666259765625 203.13494873046875
419.0341796875 211.20361328125
434.449462890625 219.32936096191406
450.18731689453125 227.5648193359375
465.9430847167969 235.84629821777344
305.6488952636719 172.17108154296875
319.879150390625 179.6700897216797
334.3731689453125 187.45248413085938
348.8671875 195.22251892089844
363.7308044433594 203.14573669433594
378.6351318359375 211.0911865234375
393.79388427734375 219.21119689941406
409.1549072265625 227.34609985351562
424.59527587890625 235.5554656982422
440.28558349609375 243.9007568359375
456.0849304199219 252.39549255371094
295.78228759765625 187.63526916503906
310.0555419921875 195.36660766601562
324.4330139160156 203.17884826660156
339.026611328125 211.093505859375
353.7334899902344 219.04502868652344
368.7543640136719 227.18185424804688
383.7950744628906 235.35557556152344
399.2469482421875 243.575927734375
414.6184997558594 251.8863983154297
430.330322265625 260.4255065917969
446.1393127441406 268.9249572753906
285.8426818847656 203.3310546875
300.16082763671875 211.09619140625
314.4788818359375 219.0509796142578
329.143310546875 226.9572296142578
343.7895202636719 235.11587524414062
358.7344665527344 243.30865478515625
373.8975524902344 251.561279296875
389.2016906738281 259.95245361328125
404.6546630859375 268.4216003417969
420.31842041015625 277.0304260253906
436.1394958496094 285.6531677246094
275.964599609375 219.00430297851562
290.1565856933594 226.9337921142578
304.53717041015625 234.90695190429688
319.0740051269531 243.0768585205078
333.8094482421875 251.2762451171875
348.712158203125 259.5540466308594
363.84661865234375 267.9354553222656
379.188232421875 276.4375
394.5809020996094 285.00067138671875
410.29913330078125 293.66143798828125
426.0631103515625 302.4790344238281
265.9296569824219 234.8328094482422
280.2118225097656 242.7999267578125
294.4765625 250.96131896972656
309.0741271972656 259.2314453125
323.7191467285156 267.4910888671875
338.69635009765625 275.86639404296875
353.73968505859375 284.40362548828125
369.11370849609375 293.031982421875
384.5068054199219 301.6582336425781
400.19854736328125 310.53204345703125
415.9342041015625 319.4064025878906
255.94200134277344 250.7127685546875
270.0916748046875 258.8614501953125
284.46624755859375 267.12908935546875
298.91778564453125 275.43994140625
313.68817138671875 283.81170654296875
328.5636291503906 292.37957763671875
343.6730651855469 300.97613525390625
358.9478759765625 309.6452331542969
374.4276428222656 318.5177307128906
390.0439758300781 327.4072570800781
405.83441162109375 336.4071044921875
245.83489990234375 266.7152099609375
260.07855224609375 274.91552734375
274.3276062011719 283.32598876953125
288.8702697753906 291.7135314941406
303.5216369628906 300.3121337890625
318.4740295410156 308.92779541015625
333.5285949707031 317.61004638671875
348.8105163574219 326.4764709472656
364.287353515625 335.4140319824219
379.92608642578125 344.4387512207031
395.706787109375 353.513671875