1 720 1333
710.307861328125 257.0961608886719
719.376220703125 273.3307189941406
727.9185791015625 288.6383972167969
736.1302490234375 303.130615234375
743.7341918945312 317.052001953125
751.1049194335938 330.14215087890625
757.994140625 342.6146545410156
764.571533203125 354.4642028808594
770.8422241210938 365.7918701171875
776.7681274414062 376.5374755859375
782.4778442382812 386.8665466308594
695.3593139648438 275.5262451171875
704.9762573242188 291.4414978027344
714.0122680664062 306.343017578125
722.5811157226562 320.6513977050781
730.7008666992188 334.11834716796875
738.4392700195312 346.9378967285156
745.6862182617188 359.06341552734375
752.6591186523438 370.6488037109375
759.3726806640625 381.6578369140625
765.5494995117188 392.2221984863281
771.5397338867188 402.1843566894531
680.2347412109375 294.4100036621094
690.337158203125 309.7994079589844
699.8156127929688 324.537841796875
708.8899536132812 338.37481689453125
717.47802734375 351.5546875
725.5689697265625 363.9691467285156
733.2985229492188 375.82391357421875
740.5900268554688 387.10321044921875
747.57861328125 397.7865905761719
754.2267456054688 407.9787292480469
760.4591064453125 417.7118225097656
664.65478515625 313.606201171875
675.3920288085938 328.70477294921875
685.445068359375 342.973876953125
694.9586181640625 356.4972839355469
703.9489135742188 369.2852478027344
712.4916381835938 381.3960876464844
720.5750732421875 392.84698486328125
728.3275146484375 403.792236328125
735.630126953125 414.2246398925781
742.5542602539062 424.1070861816406
749.1972045898438 433.4826965332031
648.870361328125 333.3030700683594
660.206298828125 347.92340087890625
670.7032470703125 361.76556396484375
680.73681640625 374.85888671875
690.2682495117188 387.3164367675781
699.24755859375 399.0439147949219
707.6757202148438 410.21063232421875
715.7738037109375 420.731201171875
723.4886474609375 430.80584716796875
730.7252197265625 440.3793029785156
737.6408081054688 449.4800720214844
632.8053588867188 353.2935485839844
644.637451171875 367.5347595214844
655.76171875 380.94561767578125
666.346435546875 393.6265563964844
676.2979125976562 405.624755859375
685.6345825195312 416.9861755371094
694.5908203125 427.70245361328125
703.107421875 437.94561767578125
711.1987915039062 447.6451110839844
718.7228393554688 456.8538513183594
726.0697021484375 465.6184387207031
616.5122680664062 373.6532897949219
628.9014892578125 387.4486083984375
640.5830688476562 400.43402099609375
651.62939453125 412.65557861328125
662.0870971679688 424.2759094238281
671.8975830078125 435.19305419921875
681.3169555664062 445.5558776855469
690.1964111328125 455.3787536621094
698.583251953125 464.6973876953125
706.5606079101562 473.56512451171875
714.2308959960938 482.0181884765625
599.90966796875 394.46246337890625
612.9368896484375 407.7047424316406
625.2266235351562 420.2554931640625
636.7021484375 432.0331726074219
647.632568359375 443.15924072265625
657.9710083007812 453.63897705078125
667.7097778320312 463.57666015625
677.0264282226562 473.0506286621094
685.76806640625 481.9535827636719
694.1837158203125 490.47265625
702.1636352539062 498.5450134277344