1 720 1333
468.7260437011719 102.06361389160156
494.2680358886719 109.39005279541016
518.7174072265625 116.47200012207031
542.5326538085938 123.37464904785156
565.492919921875 129.9857635498047
587.6510620117188 136.48178100585938
609.2408447265625 142.70919799804688
629.9144287109375 148.74302673339844
650.0764770507812 154.60052490234375
669.5172729492188 160.3943634033203
688.4180297851562 165.88552856445312
467.24761962890625 123.47911834716797
492.96026611328125 130.4754180908203
517.8139038085938 137.31088256835938
541.9068603515625 143.85740661621094
565.2587280273438 150.31568908691406
587.616455078125 156.46543884277344
609.414794921875 162.4617462158203
630.4434814453125 168.25086975097656
650.71142578125 173.75381469726562
670.4406127929688 179.33082580566406
689.4873046875 184.62197875976562
465.5409851074219 145.42820739746094
491.6596984863281 152.1785888671875
516.9512329101562 158.6138153076172
541.3848266601562 164.93460083007812
564.829833984375 171.04119873046875
587.6077880859375 176.8861083984375
609.5927124023438 182.57391357421875
630.8406982421875 188.1425323486328
651.4764404296875 193.4210968017578
671.3947143554688 198.63479614257812
690.55712890625 203.67652893066406
463.8636779785156 167.9706268310547
490.4556579589844 174.38595581054688
516.0398559570312 180.5426788330078
540.656005859375 186.5115509033203
564.533203125 192.3232879638672
587.5696411132812 197.8212127685547
609.7681274414062 203.2801055908203
631.3881225585938 208.46824645996094
652.3084106445312 213.53904724121094
672.403076171875 218.4873504638672
691.748046875 223.35348510742188
462.2727966308594 191.16749572753906
489.2153015136719 197.2212677001953
515.1072998046875 203.03207397460938
540.1861572265625 208.6354522705078
564.3218383789062 214.145751953125
587.5386352539062 219.38426208496094
610.1527099609375 224.43759155273438
631.8634643554688 229.3927764892578
653.0435791015625 234.16607666015625
673.3631591796875 238.81692504882812
693.0357666015625 243.3737030029297
460.52215576171875 214.9646759033203
487.7676086425781 220.624755859375
514.1740112304688 226.14801025390625
539.469970703125 231.4172821044922
563.8890991210938 236.5113983154297
587.5110473632812 241.4315643310547
610.4215698242188 246.23098754882812
632.49267578125 250.7862091064453
653.7383422851562 255.3174591064453
674.4022216796875 259.6488037109375
694.2910766601562 263.9135437011719
458.7192077636719 239.432861328125
486.52142333984375 244.69923400878906
513.2168579101562 249.7901153564453
538.781005859375 254.7212677001953
563.601806640625 259.4794616699219
587.5233764648438 264.1114196777344
610.580078125 268.49322509765625
633.050537109375 272.7891845703125
654.4930419921875 276.91278076171875
675.3573608398438 281.0120849609375
695.4202270507812 284.9170837402344
457.11126708984375 264.59112548828125
485.2110595703125 269.4697570800781
512.2498168945312 274.211181640625
538.2807006835938 278.6724548339844
563.369873046875 283.1188049316406
587.51513671875 287.3148193359375
610.8990478515625 291.4318542480469
633.4872436523438 295.3800964355469
655.3569946289062 299.21002197265625
676.380615234375 302.9103088378906
696.5821533203125 306.5101013183594