1 720 1333
418.89599609375 350.8382263183594
441.127685546875 355.3887634277344
462.6170349121094 359.64508056640625
483.6428527832031 363.88751220703125
504.0909118652344 368.0086975097656
523.9301147460938 371.980224609375
543.3350219726562 375.8385009765625
562.2579345703125 379.6639404296875
580.6329345703125 383.3589172363281
598.58251953125 386.96099853515625
616.1055908203125 390.45208740234375
413.93756103515625 371.8014221191406
436.1893005371094 375.912841796875
457.7047424316406 379.9799499511719
478.68511962890625 383.8656005859375
499.2147216796875 387.755126953125
519.0440063476562 391.49609375
538.452880859375 395.1420593261719
557.3784790039062 398.6216735839844
575.7625732421875 402.10247802734375
593.7213134765625 405.4083251953125
611.30810546875 408.637939453125
409.035888671875 392.5838928222656
431.29754638671875 396.48065185546875
452.7845153808594 400.1952819824219
473.8364562988281 403.83880615234375
494.3249206542969 407.4107360839844
514.2767333984375 410.82635498046875
533.579345703125 414.2494201660156
552.5172729492188 417.4984436035156
571.0103149414062 420.64739990234375
588.94091796875 423.7619323730469
606.5192260742188 426.772216796875
404.2188720703125 413.31939697265625
426.4244689941406 416.8124084472656
447.9685974121094 420.32763671875
469.0661926269531 423.6295471191406
489.4886474609375 426.9107971191406
509.41571044921875 430.1837463378906
528.7923583984375 433.2593994140625
547.7461547851562 436.2860107421875
566.2478637695312 439.2374267578125
584.2647094726562 442.0751953125
601.7031860351562 444.76837158203125
399.3717346191406 433.8198547363281
421.58184814453125 437.13214111328125
443.2337646484375 440.2879638671875
464.2735290527344 443.3801574707031
484.68975830078125 446.3866882324219
504.6199951171875 449.2862243652344
524.137939453125 452.189697265625
543.0542602539062 454.8280944824219
561.5348510742188 457.5871276855469
579.484375 460.1965637207031
597.1068115234375 462.6687927246094
394.54913330078125 454.2871398925781
416.7790222167969 457.30645751953125
438.41650390625 460.1560974121094
459.5097961425781 462.9018249511719
479.9906921386719 465.6243896484375
499.90533447265625 468.3710632324219
519.4037475585938 470.8509826660156
538.3704223632812 473.43658447265625
556.7860107421875 475.8236999511719
574.8113403320312 478.23895263671875
592.4011840820312 480.5254211425781
389.8041076660156 474.58172607421875
412.0919494628906 477.29229736328125
433.7161560058594 479.8210144042969
454.7203674316406 482.41217041015625
475.3453063964844 484.7971496582031
495.246337890625 487.26220703125
514.6929931640625 489.5416259765625
533.6307373046875 491.7752990722656
552.2171020507812 494.0003356933594
570.1953735351562 496.14569091796875
587.7236938476562 498.18536376953125
385.19073486328125 494.7206115722656
407.4273986816406 497.2242736816406
429.05224609375 499.4761657714844
450.1595153808594 501.69085693359375
470.59716796875 503.8656921386719
490.5720520019531 506.0849914550781
510.0476989746094 508.07373046875
529.0498046875 510.09375
547.5152587890625 511.977294921875
565.54296875 513.82861328125
583.12744140625 515.66943359375