1 720 1333
555.0151977539062 242.03643798828125
565.2252807617188 225.8041534423828
575.38427734375 209.66714477539062
585.4852905273438 193.63218688964844
595.5571899414062 177.65110778808594
605.606689453125 161.72732543945312
615.6069946289062 145.88250732421875
625.5986938476562 130.20848083496094
635.5153198242188 114.44188690185547
645.427734375 98.80615234375
655.26025390625 83.32087707519531
570.1229248046875 252.52520751953125
580.162109375 236.58395385742188
590.1303100585938 220.65899658203125
600.0891723632812 204.7821502685547
609.971435546875 189.0777130126953
619.8250122070312 173.40658569335938
629.6799926757812 157.7510986328125
639.4988403320312 142.2554931640625
649.3184204101562 126.73539733886719
658.9422607421875 111.32495880126953
668.6041870117188 95.97114562988281
584.7645874023438 262.73095703125
594.6190795898438 246.98919677734375
604.44775390625 231.35958862304688
614.286376953125 215.66513061523438
623.9848022460938 200.15960693359375
633.6759643554688 184.64306640625
643.3910522460938 169.29852294921875
653.0540771484375 153.93243408203125
662.6224365234375 138.64947509765625
672.182373046875 123.46625518798828
681.6390380859375 108.32415008544922
599.113525390625 272.6715087890625
608.713623046875 257.1871032714844
618.4212646484375 241.649169921875
628.0587158203125 226.29161071777344
637.619873046875 210.8667755126953
647.2179565429688 195.65394592285156
656.6777954101562 180.43321228027344
666.204345703125 165.3539276123047
675.588623046875 150.2799072265625
684.9390869140625 135.29302978515625
694.345458984375 120.34629821777344
612.9371337890625 282.3837585449219
622.48583984375 266.9859619140625
631.9956665039062 251.7447509765625
641.4708862304688 236.53231811523438
650.8490600585938 221.4047393798828
660.312744140625 206.3554229736328
669.5881958007812 191.34796142578125
678.906005859375 176.41030883789062
688.247802734375 161.5297088623047
697.4210205078125 146.68145751953125
706.5827026367188 131.9452667236328
626.4806518554688 291.7133483886719
635.813720703125 276.6282653808594
645.2088012695312 261.53082275390625
654.5132446289062 246.53460693359375
663.721923828125 231.56622314453125
672.9937133789062 216.6934814453125
682.2401733398438 201.9044189453125
691.3529052734375 187.2039337158203
700.4677124023438 172.47100830078125
709.5232543945312 157.85231018066406
718.5368041992188 143.3218536376953
639.5770263671875 300.87860107421875
648.8046875 285.9042663574219
658.0115356445312 271.1360778808594
667.1834716796875 256.28961181640625
676.3202514648438 241.52566528320312
685.3770141601562 226.7830352783203
694.3936157226562 212.24363708496094
703.404296875 197.6180419921875
712.3510131835938 183.16030883789062
721.306884765625 168.69676208496094
730.1441040039062 154.38539123535156
652.3878784179688 309.7736511230469
661.4659423828125 295.0632019042969
670.4749755859375 280.37432861328125
679.5142822265625 265.70428466796875
688.4628295898438 251.1724395751953
697.3948974609375 236.6515350341797
706.251708984375 222.26219177246094
715.119140625 207.8238067626953
723.8665771484375 193.5154571533203
732.617919921875 179.2930908203125
741.3694458007812 165.0963897705078