1 720 1333
529.77880859375 238.11033630371094
537.5135498046875 221.39251708984375
545.4099731445312 204.64791870117188
553.2373657226562 187.8895263671875
561.0911865234375 171.1304168701172
568.91748046875 154.3146514892578
576.8491821289062 137.43983459472656
584.7525024414062 120.51802825927734
592.7310791015625 103.63032531738281
600.6804809570312 86.69876861572266
608.6842651367188 69.80189514160156
545.5147094726562 245.5059051513672
553.39599609375 228.73410034179688
561.247802734375 211.9279022216797
569.1168823242188 195.14801025390625
577.0079956054688 178.2626495361328
584.9716186523438 161.38197326660156
592.905029296875 144.45236206054688
600.8933715820312 127.49301147460938
608.8883056640625 110.49449920654297
616.9389038085938 93.53759765625
624.96142578125 76.55636596679688
561.4011840820312 253.04025268554688
569.2587280273438 236.22105407714844
577.2537841796875 219.34181213378906
585.161865234375 202.4049835205078
593.1974487304688 185.48324584960938
601.1710205078125 168.5176239013672
609.2094116210938 151.54098510742188
617.2296752929688 134.51585388183594
625.2670288085938 117.46918487548828
633.3368530273438 100.4323501586914
641.4408569335938 83.36917877197266
577.4196166992188 260.6083068847656
585.40478515625 243.68101501464844
593.380126953125 226.70184326171875
601.4238891601562 209.7593536376953
609.4396362304688 192.71173095703125
617.49853515625 175.7123565673828
625.5634765625 158.6528778076172
633.6609497070312 141.58746337890625
641.717041015625 124.4602279663086
649.8269653320312 107.37073516845703
658.0020141601562 90.26062774658203
593.5905151367188 268.30169677734375
601.5759887695312 251.3013153076172
609.6553955078125 234.279541015625
617.7174072265625 217.19688415527344
625.8374633789062 200.15090942382812
633.9606323242188 183.02894592285156
642.1668701171875 165.9010772705078
650.28173828125 148.74606323242188
658.4227905273438 131.59384155273438
666.5767822265625 114.41218566894531
674.7401733398438 97.20197296142578
609.9551391601562 276.02728271484375
618.1137084960938 258.9299011230469
626.2271118164062 241.83700561523438
634.3645629882812 224.72442626953125
642.5014038085938 207.54302978515625
650.633544921875 190.443359375
658.803466796875 173.25039672851562
667.0238647460938 156.02301025390625
675.287109375 138.75094604492188
683.4759521484375 121.50932312011719
691.6915893554688 104.24793243408203
626.5184936523438 283.82470703125
634.6588745117188 266.6625061035156
642.8380737304688 249.53970336914062
651.008544921875 232.3585662841797
659.298583984375 215.1709442138672
667.49951171875 197.85806274414062
675.6869506835938 180.6294403076172
683.9451904296875 163.37254333496094
692.273681640625 146.0616912841797
700.5308227539062 128.68910217285156
708.7904052734375 111.35569763183594
643.2883911132812 291.7678527832031
651.4478149414062 274.5345458984375
659.6218872070312 257.3277282714844
667.9354248046875 240.0469512939453
676.240234375 222.7047576904297
684.4901733398438 205.49888610839844
692.72119140625 188.13316345214844
701.1102905273438 170.77072143554688
709.3876342773438 153.43075561523438
717.6801147460938 136.01768493652344
726.0894165039062 118.5624008178711