1 720 1333
611.3609008789062 529.1859130859375
622.9354248046875 522.3727416992188
634.0224609375 515.7454223632812
644.8737182617188 509.39239501953125
655.3062133789062 503.2512512207031
665.6065063476562 497.11553955078125
675.33544921875 491.341552734375
685.1152954101562 485.4468078613281
694.2261962890625 479.8492126464844
703.319091796875 474.41259765625
711.985595703125 469.203369140625
621.9984741210938 537.4103393554688
633.4443969726562 530.433349609375
644.6550903320312 523.5805053710938
655.35302734375 517.0634765625
665.9338989257812 510.5888366699219
675.9074096679688 504.4212646484375
685.7920532226562 498.3334045410156
695.3690795898438 492.403076171875
704.6279296875 486.5597839355469
713.60107421875 481.0238952636719
722.37255859375 475.5377197265625
632.778564453125 545.89306640625
644.404296875 538.6549072265625
655.4243774414062 531.65771484375
666.2991333007812 524.8295288085938
676.5903930664062 518.2821044921875
686.755126953125 511.7702941894531
696.5379028320312 505.5597229003906
706.0903930664062 499.45361328125
715.3273315429688 493.4971618652344
724.263427734375 487.70111083984375
732.9678344726562 482.2074890136719
644.1119995117188 554.7022094726562
655.5086059570312 547.2758178710938
666.6290893554688 540.0230102539062
677.346435546875 532.9111938476562
687.7546997070312 526.1515502929688
697.804443359375 519.4677734375
707.552001953125 512.9842529296875
717.091796875 506.6639099121094
726.2478637695312 500.55169677734375
735.2001342773438 494.6238098144531
743.782958984375 488.83673095703125
655.5869140625 563.7933959960938
667.1024780273438 556.1122436523438
678.1655883789062 548.5452880859375
688.8199462890625 541.297119140625
699.21240234375 534.2314453125
709.237548828125 527.3565063476562
718.9385375976562 520.610595703125
728.3601684570312 514.2085571289062
737.5131225585938 507.8150939941406
746.3704833984375 501.7181091308594
754.9087524414062 495.7883605957031
667.53759765625 573.2647705078125
678.9154663085938 565.2183837890625
689.9602661132812 557.4071044921875
700.63916015625 549.7902221679688
710.9549560546875 542.53515625
720.9339599609375 535.4553833007812
730.6176147460938 528.5376586914062
739.9620361328125 521.8072509765625
749.120361328125 515.3359375
757.8005981445312 509.0733337402344
766.3745727539062 502.8685302734375
679.8115234375 582.883056640625
691.2507934570312 574.5568237304688
702.2106323242188 566.4917602539062
712.8194580078125 558.649658203125
723.0855102539062 551.1255493164062
733.030517578125 543.7412719726562
742.5636596679688 536.64013671875
751.889892578125 529.6895751953125
760.850341796875 523.0601196289062
769.6143798828125 516.538818359375
778.0645751953125 510.2970886230469
692.5287475585938 592.8521118164062
703.8177490234375 584.2448120117188
714.7788696289062 575.798583984375
725.346923828125 567.693603515625
735.5652465820312 559.9406127929688
745.3775024414062 552.3799438476562
754.921630859375 544.9903564453125
764.1526489257812 537.8513793945312
773.0663452148438 530.9328002929688
781.671875 524.3336181640625
790.0365600585938 517.7225952148438