1 720 1333
610.5924682617188 247.84779357910156
624.6490478515625 241.98326110839844
638.1715698242188 236.37680053710938
651.0574951171875 230.9634246826172
663.4459838867188 225.78953552246094
675.3645629882812 220.83291625976562
686.7774658203125 216.15798950195312
697.7840576171875 211.5509033203125
708.4519653320312 207.16062927246094
718.5901489257812 202.8983612060547
728.4340209960938 198.80271911621094
615.7975463867188 267.5787353515625
629.63623046875 261.3851623535156
642.863525390625 255.4350128173828
655.5448608398438 249.68832397460938
667.7600708007812 244.23944091796875
679.49072265625 238.9415740966797
690.7327270507812 233.86827087402344
701.6412353515625 229.0461883544922
712.1990966796875 224.3445587158203
722.1756591796875 219.81727600097656
731.8194580078125 215.4897918701172
620.9149780273438 286.9351501464844
634.546875 280.3960266113281
647.5270385742188 274.10565185546875
660.109619140625 268.0714111328125
672.12841796875 262.2847595214844
683.5966796875 256.6819152832031
694.6951293945312 251.39524841308594
705.4877319335938 246.22308349609375
715.7485961914062 241.2954864501953
725.640625 236.508056640625
735.2363891601562 231.90086364746094
626.0731811523438 305.8940124511719
639.40087890625 299.0643310546875
652.2290649414062 292.4365539550781
664.4595336914062 286.1510925292969
676.3390502929688 280.0236511230469
687.6278076171875 274.2053527832031
698.6167602539062 268.53045654296875
709.212890625 263.1354675292969
719.3773193359375 257.8512878417969
729.0932006835938 252.87510681152344
738.5205688476562 248.054443359375
630.9465942382812 324.5615539550781
644.1834106445312 317.3562927246094
656.6393432617188 310.4975891113281
668.7745971679688 303.8022766113281
680.4456787109375 297.4700012207031
691.6284790039062 291.3571472167969
702.4112548828125 285.4708251953125
712.8062133789062 279.6976013183594
722.7828979492188 274.32330322265625
732.4898681640625 268.9897155761719
741.6895751953125 263.9342346191406
635.838623046875 342.7510986328125
648.7129516601562 335.3839416503906
661.1865844726562 328.14434814453125
673.0591430664062 321.2638244628906
684.5442504882812 314.5909118652344
695.49755859375 308.22662353515625
706.2453002929688 302.0186462402344
716.3846435546875 296.1689453125
726.34619140625 290.3819580078125
735.6646118164062 284.9197998046875
744.9129028320312 279.509765625
640.6204223632812 360.66278076171875
653.359130859375 352.8633728027344
665.4744262695312 345.4985656738281
677.297607421875 338.324462890625
688.5003051757812 331.4190673828125
699.3887329101562 324.7196960449219
709.755615234375 318.3739929199219
719.905029296875 312.2115783691406
729.5836791992188 306.2812805175781
739.0161743164062 300.4706115722656
747.9169311523438 294.9971618652344
645.363037109375 378.20361328125
657.800048828125 370.2152404785156
669.7540893554688 362.4671936035156
681.3920288085938 355.001220703125
692.4298095703125 347.9289245605469
703.1392211914062 341.006103515625
713.4149169921875 334.39959716796875
723.335205078125 327.9553527832031
732.8334350585938 321.7754821777344
742.0802001953125 315.81317138671875
750.97021484375 310.06683349609375