1 720 1333
546.029052734375 235.73330688476562
561.7310180664062 241.8798828125
577.6350708007812 248.1461944580078
593.6900634765625 254.3953399658203
609.9517822265625 260.6981506347656
626.36669921875 267.1832275390625
642.8668212890625 273.5872497558594
659.571533203125 280.1734924316406
676.4518432617188 286.74139404296875
693.4425659179688 293.45166015625
710.5274658203125 300.16571044921875
542.0928344726562 252.32107543945312
557.5819091796875 258.430908203125
573.391357421875 264.65032958984375
589.224365234375 270.89471435546875
605.2648315429688 277.3087158203125
621.4292602539062 283.64996337890625
637.7256469726562 290.17498779296875
654.280517578125 296.7115173339844
670.818359375 303.3450622558594
687.6460571289062 309.9303283691406
704.5629272460938 316.67596435546875
538.2471313476562 268.45416259765625
553.59619140625 274.61285400390625
569.14306640625 280.8081359863281
584.745361328125 287.1478271484375
600.5792236328125 293.45159912109375
616.5823974609375 299.872802734375
632.6683959960938 306.3780517578125
649.02294921875 312.88543701171875
665.4437255859375 319.5276184082031
681.9749145507812 326.2005615234375
698.7255859375 332.8372497558594
534.444091796875 284.3299560546875
549.6065673828125 290.4562683105469
564.9376220703125 296.6662292480469
580.4649658203125 302.9717102050781
596.1051025390625 309.37322998046875
611.8268432617188 315.7195129394531
627.7532348632812 322.2539978027344
643.8663940429688 328.75469970703125
660.0946044921875 335.402587890625
676.4791870117188 342.0603942871094
692.9683227539062 348.7041931152344
530.7239379882812 299.7432556152344
545.737060546875 305.9486999511719
560.8693237304688 312.2243347167969
576.2200927734375 318.5227966308594
591.6431884765625 324.8224792480469
607.249267578125 331.3350830078125
622.979248046875 337.75927734375
638.8199462890625 344.3305969238281
654.8759155273438 350.90185546875
671.0673217773438 357.5307312011719
687.3672485351562 364.26312255859375
527.2210083007812 314.9721374511719
541.910888671875 321.225830078125
556.8856811523438 327.4241943359375
572.1030883789062 333.68035888671875
587.3206787109375 340.0865173339844
602.7196655273438 346.4814453125
618.2908935546875 352.9559326171875
633.9795532226562 359.5222473144531
649.7354125976562 366.1171875
665.764404296875 372.69110107421875
681.7879638671875 379.4085693359375
523.6253662109375 329.8631591796875
538.291015625 336.0345764160156
553.0834350585938 342.3414611816406
568.0377807617188 348.57098388671875
583.169189453125 354.9588317871094
598.314697265625 361.3953552246094
613.6934814453125 367.8143615722656
629.2266235351562 374.3645324707031
644.8148193359375 380.9022216796875
660.5867919921875 387.5057678222656
676.5018310546875 394.233154296875
520.1870727539062 344.402099609375
534.6710815429688 350.6349792480469
549.3397827148438 356.8223876953125
564.10205078125 363.2216796875
578.9456787109375 369.51251220703125
594.0721435546875 375.910888671875
609.2322998046875 382.40081787109375
624.5654907226562 388.85601806640625
639.9542846679688 395.437744140625
655.5735473632812 402.0201110839844
671.3084106445312 408.6122131347656