1 720 1333
531.5148315429688 129.30760192871094
541.8773193359375 146.4210968017578
552.3018188476562 163.44442749023438
562.6084594726562 180.4712677001953
572.9452514648438 197.44630432128906
583.3168334960938 214.36196899414062
593.6004638671875 231.2270050048828
603.8511352539062 248.1302032470703
614.1851806640625 264.8160095214844
624.4674072265625 281.63262939453125
634.6652221679688 298.34521484375
520.2764892578125 140.80738830566406
530.4391479492188 157.61126708984375
540.607666015625 174.38685607910156
550.7356567382812 191.0763702392578
560.902099609375 207.69686889648438
571.1096801757812 224.30870056152344
581.2225952148438 240.86500549316406
591.3289794921875 257.4095764160156
601.3646850585938 273.90338134765625
611.4801635742188 290.3769836425781
621.5693969726562 306.7301025390625
509.393310546875 152.00648498535156
519.38037109375 168.47496032714844
529.3975219726562 184.87399291992188
539.3834838867188 201.3113555908203
549.3541870117188 217.61090087890625
559.282958984375 233.90756225585938
569.2742919921875 250.22091674804688
579.1605834960938 266.45172119140625
589.05810546875 282.6121826171875
598.9629516601562 298.74932861328125
608.8143920898438 314.8723449707031
498.8040466308594 162.78346252441406
508.6505432128906 178.955810546875
518.5106811523438 195.1038055419922
528.3502197265625 211.16004943847656
538.1476440429688 227.24269104003906
547.8613891601562 243.2529754638672
557.6380615234375 259.266845703125
567.4353637695312 275.16888427734375
577.1669311523438 291.10064697265625
586.8681640625 306.9443664550781
596.6328125 322.69427490234375
488.6767578125 173.21847534179688
498.395263671875 189.08892822265625
508.05926513671875 204.86044311523438
517.63671875 220.6924591064453
527.3372802734375 236.47254943847656
536.86181640625 252.26385498046875
546.518310546875 267.8780517578125
556.09814453125 283.5802917480469
565.6541137695312 299.2750549316406
575.2823486328125 314.72076416015625
584.8089599609375 330.38189697265625
478.89459228515625 183.29605102539062
488.4315490722656 198.83255004882812
497.8807373046875 214.43463134765625
507.40911865234375 229.90562438964844
516.7903442382812 245.4626007080078
526.3381958007812 260.8290710449219
535.6917114257812 276.36688232421875
545.2122802734375 291.71246337890625
554.5692138671875 307.0921630859375
564.0826416015625 322.4316101074219
573.45947265625 337.61810302734375
469.4788513183594 192.97532653808594
478.7522888183594 208.33006286621094
488.1676025390625 223.56961059570312
497.4361572265625 238.87559509277344
506.7392272949219 254.08934020996094
516.1065063476562 269.34490966796875
525.387939453125 284.4506530761719
534.63427734375 299.59075927734375
543.8787841796875 314.679931640625
553.2601318359375 329.6749267578125
562.485595703125 344.7190856933594
460.335693359375 202.40452575683594
469.4962463378906 217.46408081054688
478.62469482421875 232.50770568847656
487.80126953125 247.49267578125
497.001953125 262.50860595703125
506.2221374511719 277.3883361816406
515.3823852539062 292.3617248535156
524.4912719726562 307.2365417480469
533.640380859375 322.01776123046875
542.738037109375 336.8128662109375
551.900634765625 351.5375061035156