1 720 1333
610.6429443359375 429.0164489746094
623.6945190429688 423.5994873046875
636.3251953125 418.3987121582031
648.5612182617188 413.2882385253906
660.4046630859375 408.3199157714844
671.8992919921875 403.5047302246094
683.00244140625 398.7618713378906
693.9315795898438 394.2822265625
704.4217529296875 389.7525634765625
714.6613159179688 385.48553466796875
724.6204833984375 381.3095397949219
619.2027587890625 443.23248291015625
632.08203125 437.51019287109375
644.6213989257812 432.0466613769531
656.7114868164062 426.64678955078125
668.627197265625 421.4957275390625
680.0394287109375 416.4642028808594
691.2295532226562 411.5125732421875
701.905517578125 406.6911926269531
712.4647827148438 402.0699157714844
722.6079711914062 397.5540771484375
732.4930419921875 393.1792907714844
627.6281127929688 457.5563049316406
640.5792236328125 451.614501953125
653.0531005859375 445.8096923828125
665.2632446289062 440.2857971191406
676.8912963867188 434.76751708984375
688.3861694335938 429.5093688964844
699.3988037109375 424.3895263671875
710.1676635742188 419.36614990234375
720.5608520507812 414.4975280761719
730.62109375 409.73822021484375
740.5112915039062 405.22003173828125
636.3984985351562 472.18798828125
649.2180786132812 465.8633728027344
661.6300659179688 459.8739013671875
673.6698608398438 454.0240783691406
685.4255981445312 448.3489685058594
696.708984375 442.74468994140625
707.7227783203125 437.4325866699219
718.4521484375 432.2024841308594
728.7536010742188 427.0819091796875
738.8062744140625 422.1910400390625
748.5634155273438 417.3722229003906
645.1049194335938 486.9029846191406
657.9435424804688 480.4231262207031
670.3533935546875 474.079833984375
682.3408203125 467.8998107910156
693.9359130859375 461.9753723144531
705.2725219726562 456.2247009277344
716.21826171875 450.55706787109375
726.756103515625 445.15655517578125
737.1032104492188 439.7597351074219
747.065673828125 434.62139892578125
756.734130859375 429.6632995605469
654.0330200195312 501.86761474609375
666.7360229492188 495.11541748046875
679.1144409179688 488.459228515625
691.10400390625 482.047607421875
702.5857543945312 475.8005065917969
713.7871704101562 469.7542419433594
724.6533203125 463.92529296875
735.306884765625 458.2743835449219
745.454345703125 452.65496826171875
755.413330078125 447.3534240722656
765.0104370117188 442.1404113769531
663.0848999023438 517.0729370117188
675.6948852539062 509.9078674316406
688.0358276367188 503.0068054199219
699.844970703125 496.3431396484375
711.4030151367188 489.78887939453125
722.5139770507812 483.5351257324219
733.3530883789062 477.4380798339844
743.7459716796875 471.5028991699219
753.9266357421875 465.7148132324219
763.757080078125 460.198486328125
773.35400390625 454.70855712890625
672.2262573242188 532.4215087890625
684.8179931640625 525.0010986328125
697.0354614257812 517.74462890625
708.8099975585938 510.7735900878906
720.2990112304688 504.0303955078125
731.3823852539062 497.4838562011719
742.0635375976562 491.1650085449219
752.4296264648438 484.9338684082031
762.5126953125 478.952880859375
772.290283203125 473.15771484375
781.6922607421875 467.49481201171875