1 720 1333
717.694580078125 20.24714469909668
718.20751953125 43.066749572753906
718.5348510742188 65.59516143798828
718.9171752929688 87.88127136230469
719.3375854492188 109.81916046142578
719.643310546875 131.4829864501953
720.0377197265625 152.70616149902344
720.4432983398438 173.6494903564453
720.6788940429688 194.4147186279297
721.1438598632812 214.65577697753906
721.4520874023438 234.68019104003906
696.4666748046875 21.27982521057129
697.11865234375 44.13296127319336
697.5745239257812 66.60723876953125
698.2119750976562 88.84211730957031
698.6598510742188 110.70501708984375
699.26123046875 132.3933563232422
699.6846923828125 153.56434631347656
700.3079833984375 174.52218627929688
700.6859130859375 195.19161987304688
701.2986450195312 215.4539337158203
701.6976928710938 235.45936584472656
675.3329467773438 22.358469009399414
675.960693359375 45.173213958740234
676.6740112304688 67.60411071777344
677.4387817382812 89.75624084472656
678.159423828125 111.66162872314453
678.7393798828125 133.2975311279297
679.4761962890625 154.46612548828125
680.1723022460938 175.40834045410156
680.7454833984375 195.91506958007812
681.4329223632812 216.2667236328125
682.0983276367188 236.24649047851562
654.1310424804688 23.453433990478516
655.033447265625 46.25838088989258
655.791748046875 68.61207580566406
656.6720581054688 90.74974060058594
657.5753173828125 112.60871124267578
658.4389038085938 134.2091522216797
659.2700805664062 155.3931427001953
660.04443359375 176.2176055908203
660.8101196289062 196.67230224609375
661.6333618164062 216.91018676757812
662.45751953125 236.8834991455078
633.04150390625 24.52560806274414
634.06298828125 47.30915069580078
635.16845703125 69.61332702636719
636.1197509765625 91.74454498291016
637.1637573242188 113.55626678466797
638.1163330078125 135.08889770507812
639.1323852539062 156.2547607421875
639.9725952148438 177.0428924560547
641.0015869140625 197.5166473388672
641.849609375 217.7197723388672
642.7744750976562 237.64779663085938
611.89404296875 25.634714126586914
613.224609375 48.397117614746094
614.3798828125 70.69406127929688
615.5086669921875 92.73171997070312
616.6279907226562 114.54518127441406
617.7356567382812 136.0012664794922
618.9498291015625 157.17361450195312
620.0512084960938 177.86685180664062
621.1964111328125 198.40032958984375
622.2359008789062 218.56793212890625
623.2955322265625 238.512939453125
591.08349609375 26.774972915649414
592.400390625 49.487918853759766
593.6785278320312 71.738037109375
595.0695190429688 93.76460266113281
596.3370361328125 115.53833770751953
597.58544921875 136.8807373046875
598.8195190429688 158.0540008544922
600.1572875976562 178.73196411132812
601.3685302734375 199.34210205078125
602.5204467773438 219.43894958496094
603.7260131835938 239.36856079101562
570.1557006835938 28.000356674194336
571.6101684570312 50.57225036621094
573.1482543945312 72.81684875488281
574.5413208007812 94.84706115722656
576.0001220703125 116.5456314086914
577.4700927734375 137.8915557861328
578.8287963867188 158.9132843017578
580.316162109375 179.63812255859375
581.6312255859375 200.16778564453125
583.028076171875 220.28916931152344
584.4129028320312 240.1285400390625