1 720 1333
558.528564453125 284.2322082519531
578.73388671875 277.8877258300781
598.6630859375 271.69427490234375
618.311279296875 265.6307678222656
637.52783203125 259.65679931640625
656.4514770507812 253.78050231933594
674.9852905273438 248.06813049316406
693.23779296875 242.46839904785156
711.0919189453125 236.9497833251953
728.4996948242188 231.52749633789062
745.6998291015625 226.23287963867188
561.5775756835938 300.54046630859375
581.4154663085938 294.30059814453125
600.7976684570312 288.12799072265625
619.947998046875 282.02655029296875
638.7318725585938 276.1071472167969
657.3070678710938 270.2191162109375
675.4175415039062 264.469482421875
693.2495727539062 258.8157653808594
710.6654663085938 253.34104919433594
727.75537109375 247.8647918701172
744.6295776367188 242.547607421875
564.5802612304688 316.20330810546875
583.8178100585938 309.8836364746094
602.8123168945312 303.7384338378906
621.5604248046875 297.7003479003906
639.8934326171875 291.7594299316406
657.9881591796875 285.8981018066406
675.7553100585938 280.1895751953125
693.304931640625 274.5321044921875
710.455322265625 269.0213928222656
727.2416381835938 263.5359191894531
743.6842651367188 258.24102783203125
567.4371948242188 331.1000671386719
586.302490234375 324.85430908203125
604.7879638671875 318.7299499511719
623.1624755859375 312.68316650390625
641.140869140625 306.76043701171875
658.7391967773438 300.931884765625
676.269775390625 295.2542419433594
693.3317260742188 289.5830078125
710.1417846679688 284.0755615234375
726.5127563476562 278.6049499511719
742.69677734375 273.28045654296875
570.1985473632812 345.3769226074219
588.57666015625 339.2295227050781
606.7137451171875 333.14044189453125
624.6145629882812 327.16253662109375
642.30810546875 321.2038879394531
659.5355834960938 315.39923095703125
676.5327758789062 309.6558532714844
693.3294677734375 304.03271484375
709.7551879882812 298.5027160644531
725.8330078125 293.05865478515625
741.7348022460938 287.6345520019531
572.74560546875 359.08013916015625
590.7789916992188 352.9117431640625
608.5367431640625 346.86834716796875
626.0806884765625 340.930908203125
643.319091796875 335.0519104003906
660.3433837890625 329.23974609375
676.896484375 323.5010986328125
693.341064453125 317.8717346191406
709.5199584960938 312.36737060546875
725.3456420898438 306.843017578125
740.89599609375 301.5184020996094
575.3712158203125 372.1524353027344
592.9370727539062 366.082275390625
610.3525390625 360.0962829589844
627.48779296875 354.16259765625
644.3814086914062 348.2923889160156
660.8562622070312 342.51416015625
677.286376953125 336.7884521484375
693.371337890625 331.1995544433594
709.2075805664062 325.64739990234375
724.6414184570312 320.2200012207031
739.9596557617188 314.7969055175781
577.7184448242188 384.6962585449219
595.0030517578125 378.7019958496094
612.0518188476562 372.7049865722656
628.7456665039062 366.7850036621094
645.3409423828125 360.9800109863281
661.5784301757812 355.23626708984375
677.5689086914062 349.55023193359375
693.3593139648438 343.9434509277344
708.8256225585938 338.411376953125
724.15869140625 332.8819885253906
739.1484985351562 327.5542907714844