1 720 1333
567.300537109375 237.84278869628906
578.5075073242188 239.38922119140625
590.2645263671875 240.86891174316406
602.406494140625 242.48036193847656
615.0663452148438 244.1919403076172
628.2371215820312 245.8712921142578
641.8883666992188 247.66400146484375
656.1831665039062 249.59481811523438
670.9838256835938 251.55258178710938
686.489990234375 253.6443634033203
702.65234375 255.780029296875
564.75146484375 255.19683837890625
575.9813842773438 256.9047546386719
587.59912109375 258.7787780761719
599.6550903320312 260.6922302246094
612.2570190429688 262.724365234375
625.3081665039062 264.7926330566406
638.8124389648438 267.00445556640625
652.9861450195312 269.3167724609375
667.6824951171875 271.6314392089844
683.0984497070312 274.1883239746094
699.1660766601562 276.77392578125
562.3291015625 272.3624572753906
573.4478149414062 274.4451904296875
584.9765625 276.5932922363281
596.927978515625 278.8355407714844
609.40478515625 281.2318420410156
622.3872680664062 283.656494140625
635.7848510742188 286.22979736328125
649.798095703125 288.8525390625
664.4102172851562 291.6131896972656
679.6541748046875 294.5164489746094
695.5625610351562 297.5509338378906
559.8663330078125 289.43756103515625
570.8788452148438 291.7803649902344
582.3646240234375 294.3211975097656
594.2635498046875 296.85650634765625
606.5895385742188 299.5777587890625
619.4345092773438 302.3790588378906
632.7506103515625 305.30462646484375
646.6474609375 308.3231201171875
661.1888427734375 311.4927062988281
676.2989501953125 314.75970458984375
692.0126342773438 318.2477111816406
557.4890747070312 306.4478759765625
568.4218139648438 309.1377258300781
579.72607421875 311.84893798828125
591.5585327148438 314.7876281738281
603.7551879882812 317.763916015625
616.5360717773438 320.9474792480469
629.7257080078125 324.25799560546875
643.5567626953125 327.6014404296875
657.87255859375 331.197998046875
672.9141845703125 334.8598327636719
688.5396118164062 338.6858825683594
555.0957641601562 323.3120422363281
565.8838500976562 326.289306640625
577.2028198242188 329.38189697265625
588.875244140625 332.5762023925781
601.080322265625 335.9717102050781
613.6170043945312 339.4331359863281
626.74267578125 343.05694580078125
640.4728393554688 346.7805480957031
654.6973266601562 350.7145080566406
669.5398559570312 354.7904357910156
685.0354614257812 359.1291809082031
552.6876831054688 340.0635681152344
563.4912719726562 343.3426818847656
574.6290283203125 346.6726989746094
586.2987670898438 350.31939697265625
598.3259887695312 353.92462158203125
610.8273315429688 357.7395324707031
623.8703002929688 361.6982727050781
637.4628295898438 365.83642578125
651.5067138671875 370.1591796875
666.3287353515625 374.6123962402344
681.5665893554688 379.28173828125
550.4675903320312 356.67999267578125
561.0513916015625 360.2662353515625
572.1966552734375 363.9608154296875
583.611328125 367.7635803222656
595.6011352539062 371.76605224609375
608.0318603515625 375.9264221191406
620.9428100585938 380.25799560546875
634.4403686523438 384.7156677246094
648.4439697265625 389.40380859375
663.0534057617188 394.2392578125
678.2734375 399.290771484375