1 720 1333
620.7260131835938 477.9526062011719
633.3264770507812 471.9342346191406
645.399658203125 466.2027893066406
657.2679443359375 460.507080078125
668.6277465820312 455.0064392089844
679.7671508789062 449.5964050292969
690.5667114257812 444.40777587890625
701.1648559570312 439.28656005859375
711.3539428710938 434.2742004394531
721.3384399414062 429.4264831542969
730.9043579101562 424.6502380371094
630.426025390625 489.7378845214844
642.8468627929688 483.536865234375
654.998779296875 477.5055236816406
666.72412109375 471.584716796875
678.23779296875 465.82952880859375
689.3402709960938 460.32147216796875
700.1427612304688 454.79364013671875
710.5526733398438 449.5223388671875
720.818603515625 444.3696594238281
730.6746215820312 439.33892822265625
740.3741455078125 434.3823547363281
640.2021484375 501.813720703125
652.6864624023438 495.3956604003906
664.7596435546875 489.1134948730469
676.560791015625 482.94329833984375
687.9295654296875 476.97393798828125
699.0867919921875 471.21917724609375
709.7723999023438 465.50787353515625
720.3109741210938 460.0029296875
730.3897705078125 454.578369140625
740.3683471679688 449.39752197265625
749.82275390625 444.3367614746094
650.3203125 514.3031616210938
662.7105102539062 507.519287109375
674.802001953125 500.9472351074219
686.5494995117188 494.5592956542969
697.9817504882812 488.36444091796875
708.972900390625 482.34222412109375
719.7538452148438 476.4373779296875
730.1138916015625 470.64208984375
740.335693359375 465.09552001953125
750.0628051757812 459.6346435546875
759.6118774414062 454.3917541503906
660.5453491210938 526.9822387695312
673.0256958007812 519.8797607421875
685.11083984375 513.1217651367188
696.78955078125 506.44622802734375
708.1671752929688 499.92633056640625
719.2272338867188 493.6480407714844
729.79345703125 487.54083251953125
740.2850341796875 481.5693664550781
750.30908203125 475.739990234375
760.0879516601562 470.19091796875
769.5377807617188 464.66876220703125
671.1484985351562 540.0201416015625
683.5191650390625 532.636474609375
695.5916748046875 525.5255737304688
707.28515625 518.56396484375
718.5916137695312 511.81646728515625
729.5250244140625 505.32513427734375
740.2379150390625 498.9200134277344
750.5042114257812 492.7274475097656
760.5253295898438 486.6869812011719
770.2823486328125 480.82843017578125
779.6512451171875 475.2416687011719
681.8685302734375 553.3809814453125
694.3423461914062 545.6506958007812
706.36767578125 538.2894287109375
717.9924926757812 531.0220336914062
729.2848510742188 524.019287109375
740.226806640625 517.2650146484375
750.734130859375 510.5872497558594
761.0292358398438 504.2136535644531
770.9810180664062 497.87725830078125
780.6063232421875 491.81793212890625
790.067138671875 485.92877197265625
693.0221557617188 567.084228515625
705.3960571289062 559.0205688476562
717.3824462890625 551.3046875
728.8970947265625 543.720947265625
740.2207641601562 536.4806518554688
751.0360107421875 529.4075317382812
761.5349731445312 522.534423828125
771.7089233398438 515.8330688476562
781.6194458007812 509.40765380859375
791.2988891601562 503.1175231933594
800.52587890625 496.9855651855469