1 720 1333
612.5277099609375 274.218994140625
630.4257202148438 273.4991149902344
647.716552734375 272.8018493652344
664.5445556640625 272.33380126953125
680.94970703125 271.65185546875
696.75 271.2357177734375
712.3326416015625 270.5848693847656
727.2763671875 270.16748046875
741.7649536132812 269.61212158203125
755.9118041992188 269.26434326171875
769.6919555664062 268.6872863769531
613.65185546875 294.2095947265625
631.4864501953125 293.2567443847656
648.711669921875 292.330810546875
665.5813598632812 291.42645263671875
681.8404541015625 290.535400390625
697.6715698242188 289.6807861328125
713.1626586914062 288.9181823730469
728.0847778320312 288.2510681152344
742.5706787109375 287.4754943847656
756.6438598632812 286.7055358886719
770.4522705078125 286.1255798339844
614.8177490234375 314.0332946777344
632.581787109375 312.71875
649.78125 311.5445251464844
666.5521850585938 310.4595642089844
682.80615234375 309.3624572753906
698.5725708007812 308.3045349121094
713.89111328125 307.2622985839844
728.8919067382812 306.2521057128906
743.4228515625 305.2678527832031
757.454345703125 304.29931640625
771.1520385742188 303.3963317871094
616.085693359375 333.740478515625
633.7120361328125 332.3283996582031
650.934326171875 330.7554626464844
667.5848388671875 329.4184875488281
683.7705078125 327.9901123046875
699.5491333007812 326.6455993652344
714.8118896484375 325.418701171875
729.6585083007812 324.16876220703125
744.2454223632812 322.8388671875
758.2488403320312 321.6557922363281
771.7424926757812 320.5469665527344
617.3023681640625 353.4974670410156
634.875732421875 351.6415710449219
651.9141845703125 349.9302673339844
668.59619140625 348.2804260253906
684.6614379882812 346.6003112792969
700.4844970703125 344.9870910644531
715.6590576171875 343.4497985839844
730.505615234375 341.8802795410156
744.9072265625 340.4627990722656
758.9176025390625 339.05865478515625
772.4471435546875 337.62957763671875
618.4955444335938 373.0789794921875
635.9948120117188 370.9653625488281
653.1570434570312 368.96185302734375
669.58935546875 367.01104736328125
685.7031860351562 365.1507568359375
701.3358764648438 363.31304931640625
716.5166625976562 361.4375
731.297119140625 359.661376953125
745.6524047851562 357.9520568847656
759.5677490234375 356.3250732421875
773.1744995117188 354.6637878417969
619.680908203125 392.48406982421875
637.2673950195312 390.22906494140625
654.1669311523438 387.8460998535156
670.6025390625 385.62786865234375
686.5730590820312 383.4792175292969
702.2894287109375 381.3944091796875
717.3285522460938 379.35272216796875
732.0895385742188 377.3653869628906
746.4003295898438 375.3744201660156
760.3231201171875 373.4837341308594
773.6594848632812 371.5990295410156
620.9334106445312 411.7541198730469
638.401611328125 409.2044677734375
655.2935791015625 406.631591796875
671.6677856445312 404.1639404296875
687.59375 401.72418212890625
703.1431884765625 399.3985900878906
718.1921997070312 397.1125183105469
732.7052612304688 394.828125
747.0553588867188 392.6383056640625
760.8082885742188 390.5047912597656
774.3472900390625 388.4700012207031