1 720 1333
612.8831787109375 544.70654296875
624.982666015625 537.852783203125
636.4940185546875 531.3334350585938
647.7737426757812 524.7872314453125
658.685302734375 518.5693969726562
669.4556884765625 512.43115234375
679.6453857421875 506.49468994140625
689.8026733398438 500.58740234375
699.4780883789062 494.9166564941406
709.066650390625 489.4028625488281
718.208251953125 484.0536193847656
623.0762939453125 552.592529296875
635.0266723632812 545.5443115234375
646.6961669921875 538.6567993164062
657.8943481445312 532.0416259765625
668.9949951171875 525.4981079101562
679.50732421875 519.2381591796875
689.9664306640625 512.9612426757812
699.9442749023438 507.02362060546875
709.7411499023438 501.10992431640625
719.1836547851562 495.4750061035156
728.5149536132812 489.8271484375
633.4243774414062 560.732666015625
645.518310546875 553.4239501953125
657.087646484375 546.3560791015625
668.4910278320312 539.3975219726562
679.400146484375 532.6422729492188
690.1608276367188 526.1387329101562
700.4095458984375 519.7146606445312
710.4918212890625 513.4889526367188
720.1993408203125 507.48663330078125
729.7290649414062 501.56781005859375
738.8853149414062 495.84857177734375
644.298095703125 569.18603515625
656.2298583984375 561.5396118164062
667.9628295898438 554.209228515625
679.3001708984375 546.985595703125
690.3594360351562 540.0487670898438
700.9077758789062 533.311767578125
711.346923828125 526.632568359375
721.3231201171875 520.3038940429688
731.0751953125 513.9226684570312
740.5392456054688 507.91009521484375
749.6744384765625 502.04998779296875
655.3611450195312 577.7919311523438
667.4410400390625 569.9082641601562
679.1293334960938 562.3294067382812
690.537109375 554.8334350585938
701.4507446289062 547.623291015625
712.2216186523438 540.6213989257812
722.4560546875 533.7947387695312
732.497802734375 527.2137451171875
742.26025390625 520.68994140625
751.6216430664062 514.4799194335938
760.84228515625 508.424560546875
666.8640747070312 586.771240234375
678.9698486328125 578.60595703125
690.701171875 570.6580810546875
702.0345458984375 562.9765014648438
713.10302734375 555.5160522460938
723.6470336914062 548.30810546875
733.9994506835938 541.2435913085938
744.0509643554688 534.378662109375
753.6603393554688 527.6388549804688
763.1719970703125 521.2728881835938
772.3336181640625 514.8973388671875
678.7548217773438 596.1156005859375
690.9500732421875 587.5618286132812
702.6304321289062 579.3607788085938
714.0386352539062 571.3887939453125
725.0164184570312 563.602783203125
735.591064453125 556.1647338867188
745.8847045898438 548.7986450195312
755.8461303710938 541.6900024414062
765.5897216796875 534.8295288085938
775.0079345703125 528.2311401367188
784.0786743164062 521.6836547851562
691.2593383789062 605.6458740234375
703.3403930664062 596.799560546875
715.0758666992188 588.3401489257812
726.4121704101562 579.9871215820312
737.3622436523438 572.0542602539062
747.9525146484375 564.2825317382812
758.2312622070312 556.6831665039062
768.2094116210938 549.42578125
777.8231811523438 542.3057250976562
787.1514282226562 535.4439697265625
796.2671508789062 528.6663208007812