1 720 1333
524.6583862304688 102.2354965209961
545.3623046875 96.86796569824219
565.7623291015625 91.73554992675781
586.108642578125 86.63655090332031
606.2332763671875 81.61885070800781
626.1282348632812 76.6509017944336
645.744873046875 71.80551147460938
665.3469848632812 66.99385070800781
684.5946655273438 62.26666259765625
703.6954956054688 57.586700439453125
722.5958251953125 52.97394943237305
530.9425048828125 121.37429809570312
551.6265258789062 115.98925018310547
572.2105102539062 110.67911529541016
592.5171508789062 105.51435089111328
612.681396484375 100.37743377685547
632.634765625 95.32711029052734
652.4142456054688 90.31266784667969
671.9133911132812 85.37178802490234
691.3284912109375 80.46340942382812
710.4357299804688 75.68457794189453
729.404052734375 70.9669418334961
537.279052734375 140.64845275878906
558.070556640625 135.2344512939453
578.58642578125 129.75271606445312
599.0224609375 124.48023986816406
619.2576904296875 119.21878051757812
639.2335815429688 114.01642608642578
659.004150390625 108.84701538085938
678.598876953125 103.7886734008789
698.0235595703125 98.78386688232422
717.2406005859375 93.91960144042969
736.239990234375 89.13957977294922
543.6513061523438 160.22064208984375
564.4774169921875 154.53822326660156
585.126708984375 149.04367065429688
605.5322875976562 143.56640625
625.8005981445312 138.23268127441406
645.80615234375 132.87411499023438
665.6736450195312 127.65064239501953
685.376220703125 122.49500274658203
704.8050537109375 117.3969497680664
724.0512084960938 112.38516235351562
743.0899658203125 107.4622802734375
550.0455932617188 179.7561492919922
570.9517822265625 174.092041015625
591.6066284179688 168.4263916015625
612.1688232421875 162.78665161132812
632.4588012695312 157.3697967529297
652.5453491210938 151.90524291992188
672.4578857421875 146.5802764892578
692.201904296875 141.30899047851562
711.6451416015625 136.1077117919922
730.8785400390625 130.95037841796875
749.9405517578125 125.89971923828125
556.5303955078125 199.587646484375
577.4673461914062 193.7151336669922
598.2756958007812 187.94142150878906
618.7923583984375 182.3075408935547
639.1983032226562 176.6309051513672
659.3489990234375 171.1455535888672
679.2797241210938 165.62908935546875
699.0016479492188 160.3055877685547
718.5294799804688 154.9163360595703
737.7813110351562 149.6907501220703
756.91162109375 144.55735778808594
563.076416015625 219.55853271484375
584.0784912109375 213.57150268554688
604.8104248046875 207.66915893554688
625.4840087890625 201.8094940185547
645.9260864257812 196.17413330078125
666.1649780273438 190.4933319091797
686.1199951171875 184.89183044433594
705.901123046875 179.4236297607422
725.4725341796875 173.94805908203125
744.8056030273438 168.6279296875
763.9348754882812 163.36538696289062
569.6217041015625 239.6836395263672
590.6527099609375 233.605712890625
611.5750732421875 227.56600952148438
632.2850341796875 221.6106719970703
652.7091064453125 215.73428344726562
672.9989013671875 209.99578857421875
693.0944213867188 204.34634399414062
712.8283081054688 198.7056884765625
732.4865112304688 193.19583129882812
751.7909545898438 187.6960906982422
771.009521484375 182.36329650878906