1 720 1333
644.8384399414062 276.1597595214844
658.6603393554688 271.232666015625
671.8191528320312 266.4752502441406
684.4639282226562 261.95697021484375
696.5298461914062 257.651123046875
708.1029663085938 253.5393829345703
719.2666625976562 249.60223388671875
729.8212280273438 245.8047637939453
740.2222900390625 242.24838256835938
749.9262084960938 238.69448852539062
759.4534301757812 235.40093994140625
653.4513549804688 295.2251281738281
667.0991821289062 289.81585693359375
680.0391235351562 284.7385559082031
692.5098266601562 279.84765625
704.4085083007812 275.2431945800781
715.7813720703125 270.7422180175781
726.6837158203125 266.4705505371094
737.3330078125 262.3543395996094
747.4102783203125 258.3816223144531
757.0745849609375 254.601318359375
766.336181640625 250.91529846191406
662.1530151367188 314.3334655761719
675.4598388671875 308.54864501953125
688.3252563476562 302.9945068359375
700.4949340820312 297.7287902832031
712.2816162109375 292.6796569824219
723.4435424804688 287.8482971191406
734.3409423828125 283.2879638671875
744.5874633789062 278.76708984375
754.6055908203125 274.5445861816406
764.15380859375 270.44451904296875
773.3352661132812 266.5233154296875
670.6686401367188 333.40179443359375
683.8753051757812 327.2471618652344
696.47412109375 321.3035583496094
708.53271484375 315.61004638671875
720.132080078125 310.253173828125
731.2346801757812 305.0328063964844
741.7534790039062 300.07611083984375
752.0880737304688 295.31170654296875
761.77783203125 290.6602783203125
771.2642211914062 286.319091796875
780.2591552734375 282.0841064453125
679.3314819335938 352.42523193359375
692.2828369140625 345.7488098144531
704.6414794921875 339.5069885253906
716.5443115234375 333.4659118652344
727.9027099609375 327.67266845703125
738.8025512695312 322.18603515625
749.314697265625 316.77252197265625
759.3593139648438 311.6748962402344
768.9928588867188 306.77325439453125
778.291748046875 302.1142578125
787.143310546875 297.5848388671875
687.826904296875 371.41015625
700.6456909179688 364.4012451171875
712.8121337890625 357.6588134765625
724.5254516601562 351.2811584472656
735.7318115234375 345.1332702636719
746.4561157226562 339.2585754394531
756.7108154296875 333.56024169921875
766.6173706054688 328.1932067871094
776.1906127929688 322.8548278808594
785.26806640625 317.87396240234375
794.0150146484375 313.0963439941406
696.4284057617188 390.2961120605469
708.9775390625 382.82171630859375
720.980712890625 375.7374267578125
732.4973754882812 368.98492431640625
743.5051879882812 362.48779296875
754.1031494140625 356.27423095703125
764.230712890625 350.2635498046875
773.8728637695312 344.4891052246094
783.2809448242188 338.9330749511719
792.2328491210938 333.6174011230469
800.77099609375 328.5636901855469
704.9678344726562 409.1217041015625
717.3673706054688 401.290283203125
729.1454467773438 393.7615051269531
740.4385986328125 386.6318359375
751.2590942382812 379.7512512207031
761.6026611328125 373.2618408203125
771.5479125976562 366.8709716796875
781.116943359375 360.7730712890625
790.3256225585938 354.9612121582031
799.08837890625 349.4038391113281
807.5349731445312 343.982177734375