1 720 1333
615.9854125976562 504.5938415527344
628.1055908203125 498.1092834472656
639.6309814453125 491.72760009765625
650.986572265625 485.5674743652344
661.9202880859375 479.60113525390625
672.6362915039062 473.75030517578125
682.9492797851562 468.13116455078125
693.127685546875 462.52716064453125
702.8394165039062 457.1226806640625
712.4367065429688 451.84088134765625
721.6129150390625 446.6889953613281
625.9396362304688 515.6812133789062
637.8658447265625 508.9540100097656
649.5665283203125 502.39910888671875
660.7770385742188 496.0293273925781
671.7593994140625 489.73138427734375
682.4051513671875 483.694580078125
692.72705078125 477.8240051269531
702.7653198242188 472.101806640625
712.5896606445312 466.4875183105469
722.0420532226562 461.0290222167969
731.29443359375 455.69720458984375
636.0714111328125 527.13525390625
648.0255126953125 520.0814208984375
659.6044311523438 513.2805786132812
670.8646850585938 506.5999450683594
681.7940063476562 500.21990966796875
692.4506225585938 493.8545227050781
702.6822509765625 487.7492370605469
712.7191772460938 481.7738952636719
722.4580688476562 475.984619140625
731.884521484375 470.406494140625
741.0914306640625 464.8735656738281
646.4457397460938 538.7037353515625
658.398193359375 531.4850463867188
669.9581298828125 524.4035034179688
681.2296752929688 517.4865112304688
692.145263671875 510.72222900390625
702.6359252929688 504.3254089355469
712.9273681640625 497.9302978515625
722.8673095703125 491.7232666015625
732.5729370117188 485.71990966796875
741.9360961914062 479.9025573730469
751.1412353515625 474.30303955078125
657.0800170898438 550.6891479492188
669.048095703125 543.152587890625
680.5355224609375 535.7342529296875
691.7406005859375 528.5801391601562
702.6007080078125 521.6067504882812
713.169189453125 514.8482666015625
723.3609008789062 508.3525085449219
733.3258666992188 501.8951721191406
742.849609375 495.649658203125
752.2764892578125 489.64910888671875
761.2933959960938 483.79608154296875
667.9972534179688 562.95556640625
679.8812255859375 555.1160278320312
691.4271850585938 547.4239501953125
702.5442504882812 539.9503173828125
713.4293823242188 532.736572265625
723.8135375976562 525.709228515625
734.0647583007812 518.9409790039062
743.8353881835938 512.3643188476562
753.4617309570312 505.8474426269531
762.6992797851562 499.6334533691406
771.6847534179688 493.5602111816406
679.205078125 575.5244140625
691.0670166015625 567.3345947265625
702.5064086914062 559.3651123046875
713.6261596679688 551.6201782226562
724.4131469726562 544.1860961914062
734.786865234375 536.8458251953125
744.8441162109375 529.7791137695312
754.68603515625 522.98095703125
764.2482299804688 516.3448486328125
773.4365844726562 509.8195495605469
782.3999633789062 503.5599365234375
690.6607055664062 588.4234008789062
702.4600219726562 579.8084716796875
713.9087524414062 571.5562133789062
724.9447021484375 563.5324096679688
735.662353515625 555.7980346679688
745.9888916015625 548.2978515625
756.1001586914062 540.9613647460938
765.7589721679688 533.8298950195312
775.250244140625 526.9966430664062
784.39697265625 520.31298828125
793.24658203125 513.7728271484375