1 720 1333
613.3903198242188 512.96923828125
625.061279296875 506.0266418457031
636.2605590820312 499.3810119628906
647.2393188476562 492.79132080078125
657.7234497070312 486.52081298828125
668.0740356445312 480.4256591796875
677.925537109375 474.47021484375
687.7070922851562 468.6325378417969
696.9990234375 463.00982666015625
706.2596435546875 457.52777099609375
714.9632568359375 452.2822570800781
623.8999633789062 523.4775390625
635.4766845703125 516.3267211914062
646.71240234375 509.3727111816406
657.5438842773438 502.59552001953125
668.1589965820312 496.09832763671875
678.3322143554688 489.67694091796875
688.3071899414062 483.55084228515625
697.8098754882812 477.5220947265625
707.2947387695312 471.68865966796875
716.263427734375 466.05902099609375
725.0132446289062 460.5514831542969
634.600830078125 534.2814331054688
646.213134765625 526.73583984375
657.3773193359375 519.5540161132812
668.2598876953125 512.5667114257812
678.6675415039062 505.75927734375
688.865966796875 499.26300048828125
698.6848754882812 492.779296875
708.35693359375 486.6048278808594
717.5732421875 480.5360107421875
726.5401611328125 474.6972351074219
735.3317260742188 469.0436706542969
645.6641235351562 545.3170776367188
657.2066650390625 537.52392578125
668.3543701171875 530.0623168945312
679.1386108398438 522.7468872070312
689.589111328125 515.7178955078125
699.6475830078125 508.9020080566406
709.4971313476562 502.3707275390625
718.9541015625 495.8183898925781
728.2321166992188 489.6077880859375
737.1660766601562 483.5677490234375
745.7249755859375 477.69696044921875
656.9656372070312 556.564453125
668.4736938476562 548.5081176757812
679.5179443359375 540.7172241210938
690.334716796875 533.2460327148438
700.642578125 525.8709716796875
710.6906127929688 518.83642578125
720.443359375 511.997314453125
729.859619140625 505.3542785644531
739.0455932617188 498.81005859375
747.8563842773438 492.6202392578125
756.4889526367188 486.55487060546875
668.5894165039062 568.1756591796875
679.9744873046875 559.734130859375
691.0578002929688 551.6738891601562
701.6820678710938 543.8545532226562
712.0820922851562 536.3726806640625
721.9783935546875 528.9855346679688
731.6603393554688 521.8846435546875
741.056396484375 515.015869140625
750.165283203125 508.343505859375
758.8599243164062 501.8499755859375
767.4364624023438 495.5885009765625
680.5001831054688 579.98681640625
691.8284912109375 571.3358154296875
702.7758178710938 562.8847045898438
713.4401245117188 554.7880859375
723.6407470703125 546.992431640625
733.5958251953125 539.4112548828125
743.1845092773438 532.069091796875
752.4762573242188 524.8751220703125
761.4427490234375 518.0166625976562
770.184814453125 511.3522644042969
778.5365600585938 504.82061767578125
692.7098999023438 592.1595458984375
703.9647216796875 583.1513061523438
714.9187622070312 574.4170532226562
725.4326171875 566.0000610351562
735.6122436523438 557.8569946289062
745.4031372070312 550.0689086914062
754.9374389648438 542.4520874023438
764.1181640625 535.0675048828125
772.981689453125 527.86962890625
781.5973510742188 521.034912109375
789.8814086914062 514.343017578125