1 720 1333
582.99951171875 373.3729553222656
601.3098754882812 378.69830322265625
620.0380249023438 384.1970520019531
639.3702392578125 389.798583984375
659.2348022460938 395.59130859375
679.56591796875 401.5100402832031
700.5552978515625 407.5955810546875
722.1348876953125 413.8277893066406
744.2008666992188 420.2731628417969
766.9076538085938 426.7689514160156
790.3045043945312 433.5495300292969
581.719970703125 392.8014831542969
599.72802734375 398.3773193359375
618.3186645507812 404.0937194824219
637.3836059570312 409.8602294921875
656.8896484375 415.8396301269531
677.0263061523438 422.01678466796875
697.6318359375 428.2901916503906
718.8768920898438 434.6792907714844
740.5855102539062 441.3609619140625
763.0025634765625 448.1087951660156
785.9544677734375 454.9930114746094
580.59326171875 411.8331298828125
598.3827514648438 417.5749816894531
616.6106567382812 423.4523010253906
635.4074096679688 429.4521789550781
654.6815185546875 435.60601806640625
674.5132446289062 441.90570068359375
694.8065795898438 448.4156799316406
715.6737670898438 455.0577392578125
737.1881103515625 461.82330322265625
759.2364501953125 468.7421569824219
781.77978515625 475.87347412109375
579.4407348632812 430.4502868652344
596.9330444335938 436.3221740722656
614.9099731445312 442.3660888671875
633.5145263671875 448.56170654296875
652.5140991210938 454.87884521484375
672.04296875 461.4014587402344
692.1087036132812 468.01300048828125
712.6470947265625 474.7844543457031
733.7151489257812 481.7677307128906
755.4600219726562 488.87249755859375
777.6502075195312 496.2284240722656
578.3444213867188 448.5404357910156
595.5755615234375 454.5974426269531
613.4318237304688 460.77447509765625
631.6111450195312 467.17608642578125
650.4252319335938 473.6346435546875
669.5936279296875 480.33038330078125
689.396728515625 487.1289978027344
709.60498046875 494.0646667480469
730.4124755859375 501.2268981933594
751.7625732421875 508.4810791015625
773.7072143554688 515.9489135742188
577.2332153320312 466.245361328125
594.3204345703125 472.4542541503906
611.7572631835938 478.7662048339844
629.7777709960938 485.30963134765625
648.3574829101562 491.9307556152344
667.3228149414062 498.7276306152344
686.7091064453125 505.663330078125
706.6997680664062 512.7861938476562
727.2144165039062 520.1416015625
748.2708129882812 527.5578002929688
769.784912109375 535.2208862304688
576.1659545898438 483.51080322265625
592.9140014648438 489.80181884765625
610.3490600585938 496.3730163574219
628.0993041992188 502.9640808105469
646.3543701171875 509.7535705566406
665.0120239257812 516.6467895507812
684.26318359375 523.7711181640625
703.83056640625 531.0324096679688
724.1080932617188 538.5308837890625
744.7598876953125 546.105224609375
766.1116943359375 553.8919677734375
574.9727783203125 500.400634765625
591.6451416015625 506.8349609375
608.722412109375 513.486328125
626.346435546875 520.2636108398438
644.3729248046875 527.1670532226562
662.7490234375 534.2305908203125
681.671875 541.4204711914062
701.1892700195312 548.8059692382812
721.0611572265625 556.4127807617188
741.4950561523438 564.142333984375
762.4277954101562 572.0824584960938