1 720 1333
777.3462524414062 557.5807495117188
764.7002563476562 562.597412109375
751.8511352539062 567.7774047851562
738.6181030273438 573.1163940429688
725.1886596679688 578.4981689453125
711.3539428710938 584.059326171875
697.05322265625 589.677001953125
682.5304565429688 595.5029907226562
667.5662231445312 601.4096069335938
652.23486328125 607.5206298828125
636.515625 613.7042236328125
767.2034912109375 548.5831298828125
754.7133178710938 553.4613037109375
741.9219970703125 558.3997192382812
728.9285278320312 563.4752197265625
715.55126953125 568.6261596679688
701.8182373046875 573.9105224609375
687.8690185546875 579.3964233398438
673.4521484375 584.8706665039062
658.6785888671875 590.534423828125
643.6480712890625 596.4143676757812
628.1851806640625 602.3922729492188
757.4314575195312 539.9266357421875
745.07373046875 544.5618896484375
732.501953125 549.3888549804688
719.6025390625 554.23779296875
706.366943359375 559.2039184570312
692.857177734375 564.2920532226562
679.0075073242188 569.4473876953125
664.7659912109375 574.6854858398438
650.3136596679688 580.1723022460938
635.3928833007812 585.6767578125
620.1826171875 591.4172973632812
748.0099487304688 531.5745239257812
735.7945556640625 536.0911254882812
723.3656616210938 540.5933837890625
710.5668334960938 545.3256225585938
697.5365600585938 550.0515747070312
684.191650390625 554.8776245117188
670.4891357421875 559.8244018554688
656.517578125 564.9290771484375
642.1897583007812 570.1337890625
627.50146484375 575.4784545898438
612.52099609375 580.9462890625
738.9462890625 523.547607421875
726.8759765625 527.7943725585938
714.5484619140625 532.29150390625
701.9342651367188 536.6643676757812
689.0234375 541.2982788085938
675.8058471679688 545.8944091796875
662.3486938476562 550.675537109375
648.5128784179688 555.5429077148438
634.4144897460938 560.5524291992188
619.952880859375 565.6525268554688
605.1795654296875 570.8803100585938
730.251708984375 515.7196655273438
718.2770385742188 519.8793334960938
706.132080078125 524.1395874023438
693.57275390625 528.4386596679688
680.7998046875 532.7852172851562
667.7898559570312 537.3461303710938
654.4723510742188 541.8511352539062
640.8231811523438 546.5703125
626.9402465820312 551.3452758789062
612.6366577148438 556.2823486328125
598.2100830078125 561.3284912109375
721.7918090820312 508.30743408203125
709.9847412109375 512.2791137695312
697.8790283203125 516.3316040039062
685.576904296875 520.4617309570312
672.9171752929688 524.679443359375
660.1361083984375 529.0254516601562
646.9183959960938 533.4518432617188
633.497802734375 537.8914794921875
619.719970703125 542.52734375
605.7299194335938 547.29443359375
591.3571166992188 552.1069946289062
713.6671752929688 500.9978942871094
701.9650268554688 504.79278564453125
690.06689453125 508.7330322265625
677.7830810546875 512.7405395507812
665.3946533203125 516.8081665039062
652.6210327148438 521.0421752929688
639.6904296875 525.31298828125
626.4027099609375 529.6001586914062
612.858642578125 534.0784301757812
598.9622802734375 538.5945434570312
584.89013671875 543.31103515625