1 720 1333
781.451416015625 556.5679321289062
769.6198120117188 562.2145385742188
757.4899291992188 567.8914184570312
744.9376220703125 573.763671875
732.243896484375 579.84130859375
719.0444946289062 586.11328125
705.4632568359375 592.456787109375
691.5762329101562 598.978759765625
677.2601928710938 605.6232299804688
662.4951782226562 612.5927734375
647.3770141601562 619.6625366210938
770.4880981445312 547.9415283203125
758.750244140625 553.3484497070312
746.6578979492188 558.7994384765625
734.3670043945312 564.5093383789062
721.6075439453125 570.3160400390625
708.5532836914062 576.2858276367188
695.2069091796875 582.388427734375
681.3822021484375 588.580810546875
667.2288818359375 594.9969482421875
652.6547241210938 601.6060180664062
637.6721801757812 608.449951171875
759.9325561523438 539.5922241210938
748.2940063476562 544.7142333984375
736.3753051757812 550.119384765625
724.0830078125 555.499755859375
711.4585571289062 561.1367797851562
698.54443359375 566.7490844726562
685.2617797851562 572.6127319335938
671.5875244140625 578.6138916015625
657.5861206054688 584.7171630859375
643.2652587890625 591.1373291015625
628.4659423828125 597.5692138671875
749.7422485351562 531.5267333984375
738.2169799804688 536.54052734375
726.3388671875 541.5831298828125
714.1652221679688 546.8132934570312
701.6826171875 552.2193603515625
688.8209228515625 557.6329956054688
675.7150268554688 563.311767578125
662.26416015625 569.0201416015625
648.3775634765625 574.8589477539062
634.2200927734375 581.0267944335938
619.5928955078125 587.2689819335938
739.9462280273438 523.7413940429688
728.4454345703125 528.5471801757812
716.6873168945312 533.503173828125
704.6231689453125 538.4873046875
692.27685546875 543.6361083984375
679.592041015625 548.8765869140625
666.5604248046875 554.353515625
653.2188720703125 559.7715454101562
639.5435180664062 565.4871215820312
625.5126342773438 571.3280639648438
611.1029052734375 577.3129272460938
730.4829711914062 516.2699584960938
719.091796875 520.8484497070312
707.4464721679688 525.60986328125
695.4441528320312 530.4636840820312
683.2489013671875 535.4285888671875
670.5916748046875 540.4863891601562
657.7047119140625 545.6040649414062
644.5323486328125 550.9983520507812
631.0406494140625 556.3909301757812
617.1527709960938 561.9910278320312
602.9146728515625 567.7132568359375
721.3641967773438 509.01934814453125
710.0790405273438 513.467529296875
698.4598999023438 518.03515625
686.5983276367188 522.6616821289062
674.4340209960938 527.47607421875
662.0119018554688 532.3641967773438
649.3065185546875 537.355712890625
636.2166748046875 542.4385986328125
622.7978515625 547.643310546875
609.2002563476562 553.0906372070312
595.023193359375 558.5634155273438
712.5313110351562 501.9704895019531
701.2850341796875 506.29376220703125
689.7991943359375 510.6651611328125
678.068359375 515.2239379882812
666.0250854492188 519.7391967773438
653.6723022460938 524.5264282226562
641.0953979492188 529.3502197265625
628.1884155273438 534.3084716796875
614.9776611328125 539.3514404296875
601.3982543945312 544.5062255859375
587.5452270507812 549.80322265625