1 720 1333
604.7973022460938 439.12945556640625
614.456787109375 448.9564514160156
624.4263305664062 459.19140625
634.7003173828125 469.7344055175781
645.4554443359375 480.6943664550781
656.5571899414062 492.11688232421875
668.16162109375 503.87744140625
680.1696166992188 516.2044067382812
692.5629272460938 528.8709716796875
705.5883178710938 542.2376708984375
719.1924438476562 556.0772094726562
591.7929077148438 450.8227233886719
601.238525390625 460.9359436035156
610.96923828125 471.4585876464844
621.1136474609375 482.3135070800781
631.6127319335938 493.562255859375
642.5161743164062 505.2669372558594
653.8321533203125 517.4129028320312
665.5955810546875 530.0065307617188
677.8448486328125 543.10791015625
690.62548828125 556.7112426757812
703.99072265625 570.9854125976562
578.6463623046875 462.62554931640625
587.864501953125 473.07958984375
597.434814453125 483.74176025390625
607.3851928710938 494.9148864746094
617.6039428710938 506.49310302734375
628.339599609375 518.5106201171875
639.4551391601562 530.9325561523438
650.9816284179688 543.8388671875
663.006103515625 557.3978881835938
675.5391845703125 571.43798828125
688.5816650390625 586.0884399414062
565.425537109375 474.5992736816406
574.4090576171875 485.24554443359375
583.7229614257812 496.2906799316406
593.4287719726562 507.6492919921875
603.5328369140625 519.5550537109375
613.9566040039062 531.8479614257812
624.845703125 544.6655883789062
636.203369140625 557.94189453125
647.9490966796875 571.8045043945312
660.2715454101562 586.3143920898438
673.1401977539062 601.3758544921875
552.0492553710938 486.56097412109375
560.8040771484375 497.4984436035156
569.9307250976562 508.7528381347656
579.4547729492188 520.5147094726562
589.30615234375 532.6866455078125
599.5079956054688 545.4021606445312
610.1849365234375 558.5099487304688
621.2842407226562 572.219482421875
632.7254028320312 586.429443359375
644.788330078125 601.3175048828125
657.3939819335938 616.7382202148438
538.5131225585938 498.6619567871094
547.1476440429688 509.82916259765625
556.0139770507812 521.4691162109375
565.297119140625 533.5108032226562
574.901123046875 546.0347290039062
584.8809204101562 559.0159912109375
595.345458984375 572.5164184570312
606.172119140625 586.528076171875
617.4376220703125 601.196044921875
629.2348022460938 616.4559326171875
641.515869140625 632.3953247070312
524.8948364257812 510.8514404296875
533.3162231445312 522.3550415039062
541.9707641601562 534.2886962890625
551.0115356445312 546.5725708007812
560.4200439453125 559.45849609375
570.2073974609375 572.73583984375
580.361572265625 586.6301879882812
590.8770141601562 601.0748291015625
601.9100341796875 616.1205444335938
613.467041015625 631.7297973632812
625.4804077148438 648.1611938476562
511.1964111328125 523.2001953125
519.3539428710938 534.9152221679688
527.7454223632812 547.1719360351562
536.5693359375 559.8084716796875
545.70947265625 573.0044555664062
555.3202514648438 586.664794921875
565.2296142578125 600.8739013671875
575.5438842773438 615.736328125
586.3295288085938 631.182861328125
597.5471801757812 647.2840576171875
609.3333740234375 664.0322875976562