1 720 1333
780.6472778320312 556.1493530273438
768.9061279296875 561.7133178710938
756.888427734375 567.5889282226562
744.5000610351562 573.5489501953125
731.7760620117188 579.6705932617188
718.704833984375 586.01220703125
705.3098754882812 592.4827880859375
691.521240234375 599.1713256835938
677.27734375 605.8452758789062
662.5599365234375 612.92626953125
647.537109375 620.1551513671875
769.6260375976562 547.5191650390625
757.9929809570312 552.9691162109375
746.015380859375 558.5558471679688
733.760009765625 564.3438110351562
721.179931640625 570.2466430664062
708.2207641601562 576.2749633789062
694.8784790039062 582.4474487304688
681.1751708984375 588.73828125
667.119873046875 595.2872924804688
652.60498046875 602.0081787109375
637.6580200195312 608.8806762695312
759.051025390625 539.2960205078125
747.4443359375 544.5004272460938
735.5704956054688 549.8785400390625
723.404052734375 555.408447265625
710.8359375 561.0673828125
698.0628051757812 566.7754516601562
684.796875 572.7303466796875
671.310546875 578.7910766601562
657.3819580078125 585.0730590820312
643.031005859375 591.51123046875
628.374267578125 598.1716918945312
748.7371826171875 531.2999267578125
737.3041381835938 536.3587036132812
725.4907836914062 541.4697875976562
713.378662109375 546.7720336914062
701.0460815429688 552.2317504882812
688.2633666992188 557.707275390625
675.2339477539062 563.4578247070312
661.7606811523438 569.3390502929688
647.99169921875 575.283447265625
633.8303833007812 581.4686279296875
619.3469848632812 587.7506713867188
738.8350830078125 523.5328369140625
727.4826049804688 528.4310913085938
715.7553100585938 533.4110107421875
703.7647705078125 538.4760131835938
691.4581298828125 543.668212890625
678.8978881835938 549.063720703125
665.8939208984375 554.5150146484375
652.6144409179688 560.1259765625
639.0287475585938 565.8169555664062
625.078125 571.7443237304688
610.6364135742188 577.8263549804688
729.3499755859375 516.1047973632812
717.975341796875 520.7135620117188
706.435546875 525.5534057617188
694.50830078125 530.4868774414062
682.3390502929688 535.4920654296875
669.7576293945312 540.6119384765625
656.9511108398438 545.8557739257812
643.86376953125 551.3449096679688
630.3524169921875 556.7494506835938
616.531494140625 562.5054321289062
602.4408569335938 568.3651733398438
720.1111450195312 508.8144836425781
708.8447265625 513.391845703125
697.3568725585938 518.021240234375
685.542724609375 522.708251953125
673.4540405273438 527.5805053710938
661.0892944335938 532.53466796875
648.396484375 537.6095581054688
635.3970947265625 542.7523193359375
622.0746459960938 548.156005859375
608.43701171875 553.5800170898438
594.3922729492188 559.18994140625
711.2651977539062 501.8287658691406
700.0211181640625 506.28778076171875
688.607177734375 510.69122314453125
676.8868408203125 515.3077392578125
664.9198608398438 519.93994140625
652.6295776367188 524.7261962890625
640.1365966796875 529.6115112304688
627.2442016601562 534.6409912109375
614.10546875 539.718994140625
600.5319213867188 545.0625
586.7337646484375 550.4411010742188