1 720 1333
513.5836181640625 358.29296875
524.3049926757812 363.5298156738281
535.5043334960938 369.13580322265625
547.1879272460938 374.8049621582031
559.4143676757812 380.8858947753906
572.1292724609375 387.1573791503906
585.4736328125 393.7155456542969
599.4141235351562 400.5423889160156
613.9592895507812 407.7354736328125
629.3388061523438 415.25091552734375
645.42236328125 423.069091796875
513.4852905273438 375.8445129394531
524.2510986328125 381.5003967285156
535.2373657226562 387.3100891113281
546.7196655273438 393.42791748046875
558.7716064453125 399.7178649902344
571.482421875 406.4031982421875
584.5673828125 413.3021545410156
598.3667602539062 420.4998474121094
612.6666259765625 428.0345458984375
627.804931640625 435.8490295410156
643.6195678710938 444.120849609375
513.5159301757812 393.1876220703125
523.9642333984375 399.0271911621094
534.9392700195312 405.2257385253906
546.3799438476562 411.54339599609375
558.3533935546875 418.2783203125
570.688720703125 425.1780090332031
583.6685791015625 432.4145202636719
597.3887329101562 439.9380187988281
611.4989624023438 447.8060302734375
626.42431640625 456.02459716796875
642.0595703125 464.61981201171875
513.4181518554688 410.087646484375
523.771728515625 416.2687683105469
534.649169921875 422.6436462402344
546.0361938476562 429.38824462890625
557.7044677734375 436.3266296386719
570.1510009765625 443.5764465332031
582.8363037109375 451.1004333496094
596.365234375 458.9366455078125
610.344482421875 467.21368408203125
625.036376953125 475.6671142578125
640.4078979492188 484.6141357421875
513.4405517578125 426.707275390625
523.6317749023438 433.1523742675781
534.4654541015625 439.78271484375
545.5811157226562 446.7406005859375
557.3591918945312 453.9970703125
569.4743041992188 461.54522705078125
582.202880859375 469.3957824707031
595.3878784179688 477.5065002441406
609.2175903320312 486.0528259277344
623.6161499023438 494.83551025390625
638.7520141601562 504.12872314453125
513.3756713867188 443.0293273925781
523.5524291992188 449.6861572265625
534.2689208984375 456.6058044433594
545.3070678710938 463.7900390625
556.724609375 471.33843994140625
568.7623291015625 479.140869140625
581.39501953125 487.2481994628906
594.4306030273438 495.6194152832031
608.0607299804688 504.453125
622.37646484375 513.579833984375
637.3085327148438 523.1754760742188
513.327880859375 459.0052490234375
523.4244384765625 465.9078369140625
533.8895263671875 473.0852355957031
544.8344116210938 480.5008239746094
556.3510131835938 488.28472900390625
568.2779541015625 496.3434753417969
580.5980224609375 504.64013671875
593.5106201171875 513.3688354492188
606.9413452148438 522.4036254882812
621.114013671875 531.7831420898438
635.7454833984375 541.605712890625
513.2691650390625 474.6836853027344
523.283447265625 481.7888488769531
533.59375 489.2046813964844
544.5109252929688 496.8211975097656
555.7816772460938 504.7928161621094
567.567626953125 513.0903930664062
579.8250122070312 521.6640014648438
592.631591796875 530.6228637695312
605.9357299804688 539.9423217773438
619.8250732421875 549.5858154296875
634.417724609375 559.6652221679688