1 720 1333
624.9130249023438 468.8155822753906
641.345458984375 476.09088134765625
658.0537719726562 483.4118957519531
675.2034301757812 490.8584899902344
692.552490234375 498.51226806640625
710.3211059570312 506.2994384765625
728.3988647460938 514.1401977539062
746.84130859375 522.1866455078125
765.6845703125 530.3797607421875
784.998779296875 538.6904296875
804.6011962890625 547.2832641601562
615.9622802734375 484.6625061035156
632.4730834960938 492.2060241699219
649.3695068359375 499.734619140625
666.53271484375 507.4974670410156
684.154296875 515.4221801757812
702.00634765625 523.4196166992188
720.3170166015625 531.5953979492188
738.9349365234375 539.91015625
757.9782104492188 548.4346313476562
777.4100341796875 557.16015625
797.294189453125 566.0336303710938
606.7288818359375 500.87353515625
623.429443359375 508.6218566894531
640.398193359375 516.4995727539062
657.6967163085938 524.5302124023438
675.4541015625 532.7007446289062
693.4901733398438 541.0914916992188
711.9203491210938 549.5426025390625
730.7117919921875 558.2205200195312
749.9471435546875 567.0279541015625
769.6123657226562 576.110595703125
789.6640014648438 585.3104858398438
597.321533203125 517.5435791015625
614.0894165039062 525.5452270507812
631.2377319335938 533.7056274414062
648.6195678710938 542.0560913085938
666.5170288085938 550.54150390625
684.702880859375 559.20751953125
703.3718872070312 568.0563354492188
722.3613891601562 576.9952392578125
741.7341918945312 586.2021484375
761.6122436523438 595.536376953125
781.8418579101562 605.15869140625
587.610595703125 534.5813598632812
604.5257568359375 542.910400390625
621.6829223632812 551.3974609375
639.3833618164062 560.0386352539062
657.3855590820312 568.8009033203125
675.7196655273438 577.7824096679688
694.5140991210938 586.9413452148438
713.6953735351562 596.3250122070312
733.3665771484375 605.8153076171875
753.4073486328125 615.594970703125
773.8260498046875 625.5428466796875
577.6460571289062 552.1693115234375
594.63623046875 560.7182006835938
612.05078125 569.5543212890625
629.7621459960938 578.5077514648438
647.9470825195312 587.6319580078125
666.4751586914062 596.9894409179688
685.458984375 606.5175170898438
704.7247314453125 616.2404174804688
724.5825805664062 626.1666870117188
744.8009643554688 636.2520751953125
765.5632934570312 646.582763671875
567.4322509765625 570.1890258789062
584.5615234375 579.1023559570312
602.0693969726562 588.2217407226562
619.9505004882812 597.4971923828125
638.3071899414062 607.0266723632812
656.9623413085938 616.6638793945312
676.115478515625 626.5861206054688
695.6355590820312 636.675048828125
715.6137084960938 646.94482421875
736.1163940429688 657.516845703125
756.9728393554688 668.2789306640625
556.9251708984375 588.6244506835938
574.2107543945312 597.8936157226562
591.788818359375 607.4059448242188
609.8229370117188 617.037353515625
628.3365478515625 626.913818359375
647.1983642578125 637.0061645507812
666.4752197265625 647.2947387695312
686.2406616210938 657.7296752929688
706.4146118164062 668.465087890625
727.0551147460938 679.38720703125
748.180419921875 690.503662109375