1 720 1333
551.79638671875 172.78146362304688
567.147705078125 171.61965942382812
583.1068725585938 170.4468994140625
599.66015625 169.2296905517578
617.2382202148438 167.83499145507812
635.448486328125 166.53627014160156
654.5152587890625 165.18739318847656
674.48193359375 163.66925048828125
695.4319458007812 162.2535400390625
717.4495849609375 160.6285400390625
740.552734375 159.1483612060547
551.4863891601562 194.7449493408203
566.6149291992188 194.1470947265625
582.499755859375 193.4031219482422
599.1090698242188 192.5828857421875
616.4172973632812 191.78001403808594
634.5180053710938 191.03955078125
653.4708251953125 190.24578857421875
673.3724975585938 189.39138793945312
694.1181640625 188.5048065185547
715.954833984375 187.5914306640625
738.873779296875 186.65997314453125
551.0724487304688 216.58279418945312
566.2214965820312 216.36672973632812
581.871826171875 216.0994873046875
598.424072265625 215.7474822998047
615.599853515625 215.5061798095703
633.5519409179688 215.3126983642578
652.4559936523438 214.9613037109375
672.2018432617188 214.66690063476562
692.7431030273438 214.50051879882812
714.4959106445312 214.29067993164062
737.3255004882812 214.03660583496094
550.6279907226562 238.2442626953125
565.6111450195312 238.40870666503906
581.3952026367188 238.56344604492188
597.6419677734375 238.69300842285156
614.7377319335938 239.01646423339844
632.621337890625 239.33267211914062
651.4468383789062 239.54544067382812
670.9806518554688 239.815673828125
691.4998779296875 240.27316284179688
713.083984375 240.58529663085938
735.6265869140625 241.09356689453125
550.28759765625 259.54180908203125
565.2125244140625 260.2257385253906
580.68505859375 260.742919921875
597.0118408203125 261.5016174316406
614.048828125 262.2969665527344
631.698974609375 263.0528259277344
650.3977661132812 263.8121643066406
669.7823486328125 264.67303466796875
690.2564086914062 265.6451110839844
711.5821533203125 266.6611022949219
734.0526733398438 267.7021789550781
549.7568359375 280.7157287597656
564.6267700195312 281.7879943847656
580.2097778320312 282.8751525878906
596.3460083007812 284.12591552734375
613.2889404296875 285.34808349609375
630.8101196289062 286.55859375
649.422607421875 287.9098205566406
668.6596069335938 289.4137268066406
688.9508666992188 290.8424987792969
710.2550048828125 292.4963073730469
732.4791259765625 294.24652099609375
549.434326171875 301.7550354003906
564.2166137695312 303.294921875
579.537109375 304.7551574707031
595.5783081054688 306.4224853515625
612.4442749023438 308.18463134765625
630.0360717773438 309.8664245605469
648.4153442382812 311.72857666015625
667.6030883789062 313.71649169921875
687.6646118164062 315.7805480957031
708.772705078125 318.02685546875
730.8948364257812 320.34857177734375
548.9866333007812 322.5828857421875
563.6085205078125 324.4799499511719
578.941162109375 326.47869873046875
594.89501953125 328.5647888183594
611.6532592773438 330.7481994628906
629.1741333007812 333.033935546875
647.466796875 335.4185791015625
666.5303955078125 337.85491943359375
686.5459594726562 340.4975891113281
707.4822387695312 343.32904052734375
729.4284057617188 346.1916809082031