1 720 1333
717.30322265625 468.9093322753906
732.8153076171875 467.1977844238281
747.9177856445312 465.38629150390625
762.6658935546875 463.6169738769531
777.0266723632812 461.91278076171875
790.9216918945312 460.3329162597656
804.5869140625 458.6722717285156
817.8626708984375 457.15631103515625
830.8074340820312 455.5384521484375
843.445068359375 454.05303955078125
855.7267456054688 452.57440185546875
723.817626953125 485.53387451171875
739.5187377929688 483.4465026855469
754.7713623046875 481.4808044433594
769.6244506835938 479.49530029296875
784.1087646484375 477.5490417480469
798.1976318359375 475.6693115234375
811.8438110351562 473.8429870605469
825.3292846679688 472.11871337890625
838.3440551757812 470.30291748046875
851.0297241210938 468.60028076171875
863.4193725585938 466.9010009765625
730.5864868164062 502.603515625
746.4840087890625 500.3265075683594
761.833984375 498.0265197753906
776.8065185546875 495.7872619628906
791.4281005859375 493.6152038574219
805.5681762695312 491.53082275390625
819.4283447265625 489.4844665527344
832.83447265625 487.4656677246094
846.048828125 485.493896484375
858.783935546875 483.5787353515625
871.2705078125 481.67950439453125
737.6808471679688 520.3187866210938
753.6008911132812 517.6409301757812
769.2114868164062 515.1025390625
784.2763671875 512.6064453125
798.9282836914062 510.2464904785156
813.283935546875 507.8191223144531
827.205322265625 505.5330810546875
840.7216796875 503.3289794921875
853.9662475585938 501.1015625
866.7741088867188 498.95733642578125
879.3518676757812 496.8258972167969
744.8593139648438 538.4428100585938
761.0670166015625 535.5036010742188
776.6752319335938 532.704345703125
791.8865356445312 529.9246215820312
806.7247314453125 527.3234252929688
821.1724243164062 524.6257934570312
835.2373657226562 522.0936889648438
848.7941284179688 519.587890625
862.1748046875 517.1843872070312
875.0654907226562 514.7537841796875
887.6080322265625 512.499755859375
752.4131469726562 557.23388671875
768.6671752929688 554.0252075195312
784.4816284179688 550.8405151367188
799.8193359375 547.8389282226562
814.726318359375 544.852294921875
829.330322265625 541.9805908203125
843.4166259765625 539.1871337890625
857.202880859375 536.4003295898438
870.5261840820312 533.6727294921875
883.4915161132812 531.1060791015625
896.2105712890625 528.534423828125
760.228271484375 576.5897216796875
776.589111328125 573.0654907226562
792.5237426757812 569.6229858398438
808.0361328125 566.3024291992188
823.0723266601562 563.0419921875
837.6544189453125 559.8211059570312
851.8348388671875 556.7115478515625
865.6654663085938 553.6782836914062
879.1456909179688 550.6849365234375
892.2185668945312 547.820068359375
904.8587036132812 545.076171875
768.2377319335938 596.6415405273438
784.7728271484375 592.7622680664062
800.8146362304688 589.0245361328125
816.50048828125 585.3611450195312
831.5992431640625 581.7223510742188
846.3446044921875 578.2708740234375
860.5654296875 574.7940063476562
874.4677124023438 571.5125122070312
887.9934692382812 568.3104858398438
901.0564575195312 565.165771484375
913.8030395507812 562.0613403320312