1 720 1333
652.6847534179688 161.53562927246094
676.6986083984375 159.50094604492188
701.194580078125 157.5167694091797
725.7916870117188 155.5246124267578
750.933349609375 153.4879913330078
776.3818969726562 151.4943084716797
802.1668090820312 149.4612579345703
828.271240234375 147.39508056640625
854.628173828125 145.37945556640625
881.4559326171875 143.3609619140625
908.4833984375 141.33816528320312
654.011962890625 186.44581604003906
677.8933715820312 184.56246948242188
702.2404174804688 182.7063751220703
726.710205078125 180.95140075683594
751.6788330078125 179.2170867919922
777.00341796875 177.34730529785156
802.5394287109375 175.4647674560547
828.527587890625 173.60227966308594
854.7947387695312 171.7196807861328
881.4735107421875 169.88906860351562
908.3927001953125 168.0874481201172
655.3876953125 210.9774627685547
679.1536254882812 209.38047790527344
703.2859497070312 207.68472290039062
727.6484375 206.1555633544922
752.4887084960938 204.4739227294922
777.5635986328125 202.796875
803.0897827148438 201.27728271484375
828.7722778320312 199.50892639160156
854.9428100585938 197.8443603515625
881.470458984375 196.2567901611328
908.2557373046875 194.53822326660156
656.5770263671875 235.35269165039062
680.3330078125 233.8140106201172
704.3230590820312 232.4520721435547
728.5594482421875 230.98643493652344
753.276123046875 229.52919006347656
778.2564086914062 228.189208984375
803.5210571289062 226.6308135986328
829.1817626953125 225.29153442382812
855.1290893554688 223.65557861328125
881.4183349609375 222.30941772460938
908.0128173828125 220.68055725097656
657.7845458984375 259.411865234375
681.4275512695312 258.1246643066406
705.3291015625 256.797607421875
729.4942016601562 255.58274841308594
753.9644775390625 254.39752197265625
778.7396850585938 253.16273498535156
803.9134521484375 251.79501342773438
829.4451293945312 250.5598602294922
855.2684936523438 249.32867431640625
881.37255859375 247.92184448242188
907.6923828125 246.5978546142578
659.0984497070312 283.2806701660156
682.5267944335938 282.1565856933594
706.3418579101562 281.05279541015625
730.4024658203125 279.94854736328125
754.6856689453125 278.82781982421875
779.402587890625 277.8051452636719
804.4158935546875 276.6687316894531
829.6356201171875 275.5904846191406
855.3385620117188 274.5096740722656
881.2923583984375 273.40997314453125
907.54541015625 272.2384948730469
660.3646850585938 306.7320861816406
683.6099243164062 305.85589599609375
707.3026733398438 304.947265625
731.2457885742188 304.0933532714844
755.4542236328125 303.2235412597656
779.8822021484375 302.2966003417969
804.7304077148438 301.39190673828125
829.8546752929688 300.4045715332031
855.4035034179688 299.4350280761719
881.1881103515625 298.4779357910156
907.3116455078125 297.47979736328125
661.5341796875 330.1806640625
684.6657104492188 329.4147033691406
708.3013305664062 328.59234619140625
732.0436401367188 327.8838806152344
756.2031860351562 327.23193359375
780.4795532226562 326.4245300292969
805.2125854492188 325.5729064941406
830.204345703125 324.7554016113281
855.460693359375 324.0361022949219
880.99951171875 323.30078125
906.914306640625 322.4315490722656