1 720 1333
786.7125244140625 157.2455596923828
807.1904296875 154.2311248779297
826.9484252929688 151.2379913330078
846.2366943359375 148.38009643554688
864.804443359375 145.58627319335938
882.853759765625 142.8994903564453
900.5055541992188 140.3514404296875
917.5597534179688 137.80947875976562
934.242919921875 135.45339965820312
950.2401733398438 133.1579132080078
965.7389526367188 130.84722900390625
789.1443481445312 183.1024627685547
809.354248046875 179.6651153564453
828.8135375976562 176.4097442626953
847.8348999023438 173.22142028808594
866.3888549804688 170.1310577392578
884.3287963867188 167.1217041015625
901.5952758789062 164.26220703125
918.5821533203125 161.41798400878906
935.0100708007812 158.67242431640625
950.9151611328125 156.04515075683594
966.4130249023438 153.5003204345703
791.5074462890625 208.45211791992188
811.4451293945312 204.67369079589844
830.7694702148438 201.07345581054688
849.576416015625 197.5439453125
867.79931640625 194.1965789794922
885.55908203125 190.81761169433594
902.7882080078125 187.61131286621094
919.5609130859375 184.51675415039062
935.8627319335938 181.52049255371094
951.6129150390625 178.5966796875
966.9625854492188 175.7818145751953
793.7798461914062 233.32997131347656
813.5448608398438 229.26564025878906
832.6312255859375 225.35107421875
851.3050537109375 221.5026397705078
869.3735961914062 217.7812957763672
886.8679809570312 214.22531127929688
903.9324951171875 210.6624298095703
920.5488891601562 207.3211212158203
936.6829833984375 203.97544860839844
952.3826293945312 200.7915496826172
967.5261840820312 197.67721557617188
796.1386108398438 257.65936279296875
815.5558471679688 253.3566131591797
834.5018920898438 249.13087463378906
852.86181640625 244.97634887695312
870.7471313476562 241.00721740722656
888.228271484375 237.1239013671875
905.1258544921875 233.35494995117188
921.5247802734375 229.6370391845703
937.5458374023438 226.1251678466797
952.984130859375 222.599853515625
968.1624755859375 219.28143310546875
798.3661499023438 281.60369873046875
817.5836791992188 276.96563720703125
836.3574829101562 272.451416015625
854.4840087890625 268.0845031738281
872.2235717773438 263.73236083984375
889.3944702148438 259.61041259765625
906.1796264648438 255.55426025390625
922.3978271484375 251.62454223632812
938.3131713867188 247.77777099609375
953.5979614257812 244.12973022460938
968.5447387695312 240.477294921875
800.5292358398438 305.0884704589844
819.5851440429688 300.1726989746094
838.108154296875 295.35321044921875
856.0503540039062 290.63909912109375
873.5453491210938 286.1730041503906
890.524658203125 281.6993408203125
907.1268920898438 277.4256286621094
923.2976684570312 273.24249267578125
938.8985595703125 269.1963806152344
954.2473754882812 265.211669921875
968.9353637695312 261.3648376464844
802.6807250976562 328.1101989746094
821.492919921875 322.8492431640625
839.7476196289062 317.7511901855469
857.5469970703125 312.87078857421875
874.8787841796875 308.0992126464844
891.6182250976562 303.4468078613281
908.1296997070312 298.80389404296875
924.061279296875 294.42901611328125
939.5594482421875 290.12445068359375
954.5653686523438 285.9063415527344
969.345947265625 281.7548522949219