1 720 1333
651.0835571289062 372.9267883300781
673.6307983398438 375.23492431640625
696.5130615234375 377.488525390625
719.5579223632812 379.7470397949219
742.7376708984375 382.14862060546875
766.1324462890625 384.4212646484375
789.6021728515625 386.7005615234375
813.3475341796875 389.095703125
837.2564086914062 391.5082702636719
861.359375 393.779052734375
885.5526733398438 396.29815673828125
649.8858642578125 394.25885009765625
672.3624877929688 396.5476379394531
694.798095703125 398.8603210449219
717.5813598632812 401.2950744628906
740.5025634765625 403.5925598144531
763.541015625 406.02874755859375
786.784423828125 408.38751220703125
810.2841186523438 410.7915954589844
833.8167114257812 413.2767333984375
857.6344604492188 415.6388244628906
881.5953979492188 418.1486511230469
648.7706298828125 415.02105712890625
670.8472900390625 417.4366760253906
693.2734375 419.77410888671875
715.6200561523438 422.2832946777344
738.35888671875 424.6302490234375
761.1011962890625 427.1375732421875
784.1176147460938 429.54864501953125
807.2615356445312 432.0282287597656
830.576171875 434.50238037109375
854.09912109375 436.9918212890625
877.74267578125 439.4930114746094
647.654052734375 435.3464660644531
669.5556640625 437.76470947265625
691.5498046875 440.3049011230469
713.7512817382812 442.703857421875
736.1759033203125 445.297607421875
758.6836547851562 447.6957092285156
781.375 450.2456970214844
804.30615234375 452.73248291015625
827.34521484375 455.34619140625
850.57568359375 457.78192138671875
873.9688720703125 460.41143798828125
646.6216430664062 455.2049865722656
668.2901611328125 457.69189453125
689.9856567382812 460.2806091308594
711.9382934570312 462.7474365234375
734.071044921875 465.3515319824219
756.3328857421875 467.8474426269531
778.7061767578125 470.4486389160156
801.3832397460938 473.0043029785156
824.189697265625 475.6084899902344
847.1327514648438 478.21734619140625
870.2893676757812 480.7698669433594
645.5834350585938 474.5552673339844
666.9186401367188 477.1925964355469
688.452880859375 479.7332763671875
710.1642456054688 482.38568115234375
731.9539794921875 484.92230224609375
753.9722290039062 487.5262756347656
776.1595458984375 490.1770324707031
798.5202026367188 492.7593078613281
821.0410766601562 495.4590148925781
843.7080688476562 498.12457275390625
866.57958984375 500.7048034667969
644.5966186523438 493.481689453125
665.609130859375 496.1845397949219
686.88720703125 498.75341796875
708.3590698242188 501.451416015625
729.9191284179688 504.0917053222656
751.6602172851562 506.7062072753906
773.6100463867188 509.42218017578125
795.6880493164062 512.1007690429688
818.0089111328125 514.7477416992188
840.42724609375 517.4754638671875
863.0357666015625 520.2574462890625
643.5563354492188 512.019287109375
664.4444580078125 514.694580078125
685.433837890625 517.4223022460938
706.5993041992188 520.1497192382812
727.935302734375 522.78759765625
749.4652099609375 525.509033203125
771.1821899414062 528.2470703125
792.978515625 530.9282836914062
815.0013427734375 533.6404418945312
837.1858520507812 536.4239501953125
859.4901123046875 539.1715698242188