1 720 1333
656.1262817382812 488.406982421875
675.308837890625 489.52032470703125
694.414306640625 490.618408203125
713.4237670898438 491.7359924316406
732.419189453125 492.86285400390625
751.2820434570312 494.0249938964844
769.9701538085938 495.10943603515625
788.6651000976562 496.219970703125
807.341064453125 497.24310302734375
825.7775268554688 498.3155822753906
844.2776489257812 499.3531799316406
655.6337890625 506.32794189453125
675.2719116210938 507.4599914550781
694.6339721679688 508.5699462890625
714.0822143554688 509.6300354003906
733.3731689453125 510.783447265625
752.4929809570312 511.82550048828125
771.5865478515625 512.9312744140625
790.6140747070312 514.0338134765625
809.5645141601562 515.0546875
828.450927734375 516.1359252929688
847.22705078125 517.1897583007812
655.3314819335938 524.7919311523438
675.26611328125 526.0362548828125
694.9793701171875 527.1710815429688
714.6502075195312 528.3135986328125
734.3899536132812 529.3850708007812
753.8267211914062 530.4279174804688
773.3612060546875 531.4664916992188
792.6705932617188 532.504638671875
811.9689331054688 533.48974609375
831.1742553710938 534.5250854492188
850.2315673828125 535.5276489257812
654.8558959960938 544.1986083984375
675.2015380859375 545.3273315429688
695.3683471679688 546.390380859375
715.4125366210938 547.5072631835938
735.418701171875 548.5797729492188
755.33642578125 549.5711669921875
775.1339721679688 550.6105346679688
794.7449951171875 551.6231689453125
814.478759765625 552.6359252929688
833.9515991210938 553.6220092773438
853.420166015625 554.6376342773438
654.5104370117188 564.1749267578125
675.186767578125 565.2820434570312
695.634765625 566.3651733398438
716.1989135742188 567.4609985351562
736.49169921875 568.4893188476562
756.6896362304688 569.5424194335938
776.9310913085938 570.5425415039062
797.052734375 571.5272827148438
817.01904296875 572.5062866210938
836.8575439453125 573.529541015625
856.6117553710938 574.4832153320312
654.1622314453125 584.8070068359375
675.1790771484375 585.9862670898438
696.1101684570312 587.07421875
716.8478393554688 588.2146606445312
737.61669921875 589.2210083007812
758.3267822265625 590.2739868164062
778.8056030273438 591.3005981445312
799.3469848632812 592.2472534179688
819.6550903320312 593.248779296875
839.8579711914062 594.1605834960938
860.0211181640625 595.0455932617188
653.6218872070312 606.4450073242188
675.1924438476562 607.51708984375
696.4791259765625 608.5820922851562
717.6622314453125 609.5927124023438
738.7661743164062 610.6289672851562
759.8286743164062 611.6237182617188
780.7501220703125 612.6284790039062
801.62939453125 613.5698852539062
822.4065551757812 614.5067138671875
842.9741821289062 615.4557495117188
863.48291015625 616.3719482421875
653.302490234375 628.79638671875
675.1637573242188 629.880615234375
696.7914428710938 630.9292602539062
718.5249633789062 632.0277099609375
740.1455688476562 633.0144653320312
761.4949951171875 633.9918823242188
782.8451538085938 634.8936767578125
804.1058349609375 635.800537109375
825.2560424804688 636.6876220703125
846.1754760742188 637.566650390625
866.9730224609375 638.4767456054688