1 720 1333
718.4171752929688 375.33770751953125
740.4781494140625 373.5003967285156
762.2674560546875 371.6238098144531
783.6328735351562 369.8606872558594
804.7648315429688 368.1844482421875
825.5868530273438 366.44622802734375
846.1975708007812 364.6766052246094
866.4642333984375 363.0038757324219
886.4899291992188 361.39752197265625
906.2108154296875 359.6761169433594
925.5475463867188 358.140625
717.8427734375 396.6875
739.6978759765625 394.7279052734375
761.2691040039062 392.84503173828125
782.4598999023438 390.9499816894531
803.3825073242188 389.1250915527344
823.9371337890625 387.26165771484375
844.33203125 385.3866882324219
864.3985595703125 383.5896301269531
884.2300415039062 381.7661437988281
903.6458740234375 380.0469970703125
922.8917236328125 378.3675842285156
717.462890625 417.6340637207031
739.074951171875 415.5984802246094
760.392822265625 413.5262756347656
781.29931640625 411.5331115722656
801.9862060546875 409.5241394042969
822.359130859375 407.5489501953125
842.5040283203125 405.6098937988281
862.354248046875 403.67803955078125
881.9758911132812 401.7732238769531
901.2990112304688 399.9351806640625
920.3680419921875 398.1058654785156
717.0729370117188 438.15277099609375
738.408203125 435.91815185546875
759.3775024414062 433.7524108886719
780.1980590820312 431.6195373535156
800.5470581054688 429.5431213378906
820.7262573242188 427.47845458984375
840.6224365234375 425.4356384277344
860.3822021484375 423.4142150878906
879.7202758789062 421.4268798828125
898.830322265625 419.442138671875
917.65625 417.46990966796875
716.5558471679688 458.0341796875
737.6272583007812 455.740234375
758.4780883789062 453.5181579589844
778.9755249023438 451.3499450683594
799.2949829101562 449.1416320800781
819.245849609375 446.8872375488281
838.8916015625 444.73541259765625
858.4070434570312 442.614501953125
877.595458984375 440.5384216308594
896.5367431640625 438.47943115234375
915.2680053710938 436.3844299316406
716.2133178710938 477.49066162109375
737.05908203125 475.2171936035156
757.563232421875 472.783447265625
777.8115234375 470.4916687011719
797.8231811523438 468.2538757324219
817.6409912109375 465.89837646484375
837.2153930664062 463.640380859375
856.4697265625 461.4636535644531
875.4729614257812 459.3233337402344
894.2643432617188 457.1142883300781
912.6492309570312 454.89398193359375
715.7239990234375 496.5065612792969
736.4013061523438 494.1027526855469
756.6285400390625 491.6454772949219
776.7135009765625 489.2977600097656
796.5634155273438 486.8247985839844
816.2083129882812 484.5014953613281
835.4805297851562 482.1849670410156
854.5191650390625 479.8016052246094
873.3983764648438 477.5474853515625
891.86669921875 475.3197326660156
910.2734375 473.05511474609375
715.40625 515.0962524414062
735.716064453125 512.5556640625
755.7810668945312 510.07598876953125
775.6713256835938 507.55853271484375
795.3372192382812 505.1659851074219
814.6365966796875 502.615478515625
833.735595703125 500.2622985839844
852.6349487304688 497.7630615234375
871.2947998046875 495.4544677734375
889.620361328125 493.06439208984375
907.703125 490.6808776855469