1 720 1333
469.0940856933594 267.8167724609375
488.5648193359375 278.3338317871094
507.6737976074219 288.5024108886719
526.4044799804688 298.4963684082031
544.6837768554688 308.3070373535156
562.6322021484375 317.8014221191406
580.2485961914062 327.25494384765625
597.50390625 336.41253662109375
614.4168701171875 345.4538269042969
630.9598999023438 354.2538757324219
647.257568359375 362.8221740722656
460.95684814453125 281.8957214355469
480.215087890625 292.02294921875
498.9947204589844 301.8301696777344
517.4315795898438 311.555908203125
535.4756469726562 321.0521240234375
553.2035522460938 330.3109436035156
570.5184326171875 339.3841247558594
587.5494384765625 348.3225402832031
604.260498046875 357.0582580566406
620.6118774414062 365.5754699707031
636.6389770507812 373.9368591308594
453.21087646484375 295.4897155761719
472.1181945800781 305.24896240234375
490.6174011230469 314.74774169921875
508.74554443359375 324.17864990234375
526.5601196289062 333.3590087890625
544.0184326171875 342.3351745605469
561.1619873046875 351.1651306152344
577.9591064453125 359.7344970703125
594.4349365234375 368.3396911621094
610.5924072265625 376.54730224609375
626.4862060546875 384.64794921875
445.6728820800781 308.5010070800781
464.3345947265625 317.9616394042969
482.55926513671875 327.250732421875
500.4606628417969 336.3031921386719
518.0145874023438 345.2059631347656
535.2522583007812 353.87994384765625
552.1371459960938 362.45526123046875
568.682861328125 370.8062744140625
584.941162109375 379.1368713378906
600.9306640625 387.16424560546875
616.610595703125 395.0221862792969
438.4811706542969 321.0750732421875
456.809814453125 330.2268371582031
474.7957763671875 339.203369140625
492.4873352050781 347.9552917480469
509.76934814453125 356.59442138671875
526.7093505859375 365.09765625
543.4212036132812 373.3897705078125
559.7658081054688 381.5224609375
575.8411254882812 389.54058837890625
591.6173095703125 397.33770751953125
607.1724853515625 405.0108642578125
431.55303955078125 333.16363525390625
449.6396789550781 342.0352783203125
467.41510009765625 350.67742919921875
484.7716979980469 359.2924499511719
501.83441162109375 367.6049499511719
518.6015014648438 375.7926940917969
535.0768432617188 383.8640441894531
551.2361450195312 391.7919006347656
567.0905151367188 399.5754699707031
582.6287231445312 407.2024230957031
597.94189453125 414.5859375
424.8771667480469 344.7829284667969
442.6947326660156 353.424560546875
460.26800537109375 361.81854248046875
477.36968994140625 370.1680908203125
494.2484436035156 378.2661437988281
510.6887512207031 386.2325134277344
526.9642944335938 394.06048583984375
542.9135131835938 401.6681823730469
558.57177734375 409.31060791015625
574.0108642578125 416.6102600097656
589.1771240234375 423.8277282714844
418.50299072265625 356.0407409667969
436.0508728027344 364.4096984863281
453.3077087402344 372.5785217285156
470.2730407714844 380.60968017578125
486.8301086425781 388.4977722167969
503.1975402832031 396.2569885253906
519.2327270507812 403.78887939453125
534.9124755859375 411.3068542480469
550.4449462890625 418.5328674316406
565.6351928710938 425.6903076171875
580.59375 432.6868896484375