1 720 1333
494.4979553222656 135.79701232910156
518.0380859375 136.27777099609375
540.81298828125 136.63995361328125
562.9707641601562 137.19740295410156
584.4293212890625 137.58468627929688
605.2474365234375 138.07858276367188
625.4091796875 138.49156188964844
645.0307006835938 138.89808654785156
664.1087036132812 139.43899536132812
682.538818359375 139.8709259033203
700.4378051757812 140.39651489257812
497.8210144042969 159.5015869140625
521.3483276367188 159.54478454589844
544.1182861328125 159.6101837158203
566.1909790039062 159.67330932617188
587.5957641601562 159.80621337890625
608.3504028320312 159.93885803222656
628.5117797851562 160.1210479736328
648.0987548828125 160.2270050048828
667.1365966796875 160.3561553955078
685.4974975585938 160.52490234375
703.4389038085938 160.68792724609375
501.2519226074219 183.28448486328125
524.6339111328125 182.8730010986328
547.3580932617188 182.61778259277344
569.4108276367188 182.3783721923828
590.6956787109375 182.1427764892578
611.4769287109375 181.81739807128906
631.5953979492188 181.638671875
651.1761474609375 181.45628356933594
670.15380859375 181.35479736328125
688.527099609375 181.25636291503906
706.3793334960938 181.09796142578125
504.55078125 206.9813995361328
527.9330444335938 206.32049560546875
550.5990600585938 205.59083557128906
572.5545043945312 204.95806884765625
593.925048828125 204.40281677246094
614.596923828125 203.77967834472656
634.7085571289062 203.3338165283203
654.2684326171875 202.68333435058594
673.2514038085938 202.3155059814453
691.5153198242188 201.8287811279297
709.4046630859375 201.48666381835938
507.9147644042969 230.7046661376953
531.301513671875 229.60794067382812
553.8455810546875 228.57920837402344
575.8065795898438 227.57232666015625
597.1611328125 226.62521362304688
617.7841186523438 225.71804809570312
637.7994995117188 224.7860565185547
657.3765869140625 224.0638427734375
676.2686157226562 223.31912231445312
694.5892944335938 222.5336151123047
712.3463745117188 221.83116149902344
511.3492736816406 254.52487182617188
534.5677490234375 253.0891876220703
557.2300415039062 251.61216735839844
579.0604248046875 250.35157775878906
600.3515625 248.92401123046875
620.9130249023438 247.68792724609375
640.998779296875 246.55276489257812
660.432861328125 245.38880920410156
679.3380737304688 244.32530212402344
697.5924682617188 243.31686401367188
715.366455078125 242.27871704101562
514.6902465820312 278.34820556640625
537.9270629882812 276.5054016113281
560.45458984375 274.64111328125
582.336669921875 272.9377136230469
603.518310546875 271.35748291015625
624.1468505859375 269.671875
644.1453857421875 268.2380065917969
663.52587890625 266.68145751953125
682.3909301757812 265.36553955078125
700.5758666992188 264.005615234375
718.3494873046875 262.6506042480469
518.1498413085938 302.2279357910156
541.3223266601562 299.85369873046875
563.7247924804688 297.7335205078125
585.5612182617188 295.66546630859375
606.6732788085938 293.6263732910156
627.3016357421875 291.7265930175781
647.232666015625 289.861083984375
666.5800170898438 288.1694641113281
685.39794921875 286.4588317871094
703.5693969726562 284.7389221191406
721.2822265625 283.2505798339844