1 720 1333
516.6023559570312 152.4740753173828
544.1392822265625 139.44314575195312
569.1030883789062 127.54598236083984
591.7374267578125 116.78250122070312
612.6864624023438 106.8589859008789
631.7838134765625 97.93379974365234
649.4763793945312 89.49532318115234
665.7648315429688 81.93563079833984
681.0537719726562 74.68592071533203
694.9320678710938 68.25157165527344
708.0932006835938 62.12286376953125
530.6982421875 196.68299865722656
556.7086791992188 181.91416931152344
580.3656005859375 168.5283966064453
602.095703125 156.3216094970703
621.9210815429688 145.1261444091797
640.2728881835938 134.73365783691406
657.1450805664062 125.31343078613281
672.8056640625 116.45028686523438
687.405029296875 108.33878326416016
700.9580688476562 100.62993621826172
713.4263305664062 93.66963195800781
543.9744262695312 238.01177978515625
568.5692138671875 221.842529296875
591.1100463867188 207.09693908691406
611.6747436523438 193.59132385253906
630.6646118164062 181.2567596435547
648.2443237304688 169.77345275878906
664.4697265625 159.22630310058594
679.4979248046875 149.44764709472656
693.6076049804688 140.30372619628906
706.5235595703125 131.8190155029297
718.7363891601562 123.83544158935547
556.4450073242188 276.81927490234375
579.756591796875 259.4693298339844
601.2266845703125 243.50033569335938
620.8496704101562 228.91842651367188
639.0993041992188 215.4652862548828
655.813720703125 203.0896759033203
671.4393310546875 191.52651977539062
685.869384765625 180.84226989746094
699.4577026367188 170.87644958496094
712.0443725585938 161.55075073242188
723.7201538085938 152.88404846191406
568.1939086914062 313.37408447265625
590.4156494140625 294.8346252441406
610.7413330078125 277.950927734375
629.60302734375 262.3846740722656
647.0160522460938 247.99313354492188
663.1804809570312 234.6420440673828
678.1509399414062 222.30218505859375
692.07666015625 210.7773895263672
705.1968383789062 200.07040405273438
717.2263793945312 190.02442932128906
728.5347900390625 180.62442016601562
579.3846435546875 347.7292785644531
600.429931640625 328.5041809082031
619.9035034179688 310.5737609863281
637.854248046875 294.2029724121094
654.5823974609375 278.91680908203125
670.056884765625 264.83172607421875
684.4588012695312 251.67532348632812
697.846923828125 239.4818115234375
710.4826049804688 228.0304718017578
722.1719970703125 217.3927459716797
733.1574096679688 207.32220458984375
589.8023681640625 380.2559814453125
610.0540161132812 360.14862060546875
628.5390625 341.6427307128906
645.8013305664062 324.3846130371094
661.72900390625 308.469482421875
676.6566162109375 293.58251953125
690.4690551757812 279.8318176269531
703.476318359375 266.84295654296875
715.5321044921875 254.85633850097656
726.7977905273438 243.51458740234375
737.4591674804688 232.9276123046875
599.8541870117188 410.82586669921875
619.1380004882812 390.13189697265625
636.8036499023438 370.9065246582031
653.35888671875 353.19122314453125
668.6796264648438 336.5327453613281
682.8526000976562 321.1556091308594
696.3265991210938 306.666748046875
708.5949096679688 293.333740234375
720.4141845703125 280.51702880859375
731.2730102539062 268.7248840332031
741.5455932617188 257.48638916015625