1 720 1333
275.7853088378906 52.72987365722656
299.987548828125 58.094947814941406
324.03271484375 63.40578842163086
347.8587646484375 68.66934967041016
371.59228515625 73.98577880859375
395.1904296875 79.29732513427734
418.5415344238281 84.5186538696289
441.7320251464844 89.77326202392578
464.7464294433594 95.02765655517578
487.6000671386719 100.32601165771484
510.30670166015625 105.52718353271484
270.0491943359375 74.17036437988281
294.3655090332031 79.41822814941406
318.5179748535156 84.62814331054688
342.5028381347656 89.85359954833984
366.42413330078125 95.15958404541016
390.13177490234375 100.37247467041016
413.6513977050781 105.54801940917969
437.00286865234375 110.70397186279297
460.2223815917969 115.8729248046875
483.2164611816406 121.13964080810547
505.9886779785156 126.3255386352539
264.16424560546875 95.71236419677734
288.6294860839844 100.92259979248047
312.9371032714844 106.1727294921875
337.1903076171875 111.33993530273438
361.1929931640625 116.51457977294922
385.0448913574219 121.65670776367188
408.6890563964844 126.78421783447266
432.2722473144531 131.93019104003906
455.559326171875 137.0653839111328
478.6625671386719 142.1950225830078
501.61724853515625 147.2592315673828
258.29461669921875 117.68097686767578
282.80926513671875 122.73917388916016
307.4039001464844 127.91313171386719
331.6676940917969 133.04043579101562
355.88507080078125 138.19908142089844
379.8497619628906 143.28536987304688
403.7194519042969 148.3629913330078
427.42852783203125 153.41372680664062
450.8782653808594 158.4590606689453
474.2136535644531 163.49093627929688
497.28045654296875 168.47447204589844
252.3414306640625 139.77850341796875
277.1459655761719 144.85479736328125
301.69134521484375 149.89474487304688
326.27130126953125 155.01507568359375
350.57952880859375 160.0696258544922
374.6996765136719 165.12548828125
398.7087707519531 170.13623046875
422.57574462890625 175.13702392578125
446.2282409667969 180.07810974121094
469.60205078125 185.0505828857422
492.7914733886719 189.95188903808594
246.37875366210938 162.2711944580078
271.2758483886719 167.25265502929688
296.1308288574219 172.29998779296875
320.67608642578125 177.25619506835938
345.29144287109375 182.25230407714844
369.5347900390625 187.24656677246094
393.7310791015625 192.1531524658203
417.664306640625 197.07583618164062
441.4669189453125 201.91061401367188
464.99298095703125 206.79196166992188
488.4120788574219 211.6477813720703
240.34454345703125 184.84588623046875
265.4826354980469 189.8302459716797
290.3641357421875 194.77175903320312
315.2845764160156 199.71678161621094
339.8379821777344 204.6397247314453
364.4029846191406 209.57034301757812
388.68316650390625 214.43760681152344
412.78643798828125 219.30215454101562
436.6528625488281 224.08668518066406
460.4380187988281 228.82740783691406
483.8612976074219 233.61094665527344
234.34970092773438 207.79592895507812
259.5586242675781 212.65696716308594
284.6522521972656 217.58340454101562
309.6318664550781 222.47044372558594
334.5076599121094 227.31956481933594
359.1691589355469 232.18051147460938
383.618408203125 236.95787048339844
407.85711669921875 241.7039337158203
431.9713439941406 246.46817016601562
455.7323913574219 251.184326171875
479.3987121582031 255.78204345703125