1 720 1333
176.73550415039062 169.42469787597656
212.41319274902344 159.14356994628906
247.11810302734375 149.1334228515625
280.7566223144531 139.44174194335938
313.64361572265625 130.13784790039062
345.5694580078125 121.14128875732422
376.5928955078125 112.42952728271484
406.8076171875 104.05049133300781
436.20123291015625 95.95684814453125
464.71527099609375 88.21493530273438
492.4331359863281 80.66089630126953
192.84527587890625 202.10743713378906
227.8599853515625 191.33628845214844
261.91632080078125 180.9208526611328
295.2045593261719 170.87899780273438
327.46063232421875 161.2614288330078
358.84490966796875 151.8519744873047
389.4875183105469 142.8472137451172
419.21923828125 134.12484741210938
448.1134948730469 125.60842895507812
476.2386779785156 117.53433227539062
503.51617431640625 109.65312957763672
208.692626953125 233.98092651367188
243.13485717773438 222.93226623535156
276.614501953125 212.23721313476562
309.3065185546875 201.7990264892578
341.11669921875 191.75924682617188
372.0714416503906 182.14671325683594
402.1537780761719 172.6851043701172
431.3819580078125 163.61419677734375
459.845458984375 154.86178588867188
487.50531005859375 146.3761749267578
514.4258422851562 138.2132110595703
224.37136840820312 265.3588562011719
258.1673889160156 253.86415100097656
291.1228332519531 242.82821655273438
323.2744445800781 232.1551513671875
354.54638671875 221.7771759033203
384.9606018066406 211.73834228515625
414.5849609375 202.1157989501953
443.4168395996094 192.61468505859375
471.40863037109375 183.51148986816406
498.6360168457031 174.7144317626953
525.155029296875 166.17930603027344
239.6328887939453 295.9281921386719
272.90606689453125 284.27813720703125
305.38287353515625 272.84521484375
336.94915771484375 261.8524475097656
367.7244567871094 251.21426391601562
397.6669616699219 240.85302734375
426.8156433105469 230.78933715820312
455.21490478515625 221.08384704589844
482.74322509765625 211.6047821044922
509.5381774902344 202.4657440185547
535.5894165039062 193.63063049316406
254.7559814453125 325.92413330078125
287.4669494628906 313.89691162109375
319.4052734375 302.31085205078125
350.50750732421875 290.97845458984375
380.7479553222656 280.0467529296875
410.2724914550781 269.3793029785156
438.85009765625 259.0580139160156
466.7279968261719 248.9996337890625
493.8460693359375 239.2582244873047
520.2838134765625 229.74649047851562
545.8848266601562 220.58160400390625
269.6107482910156 355.30804443359375
301.7693176269531 343.0084533691406
333.2501220703125 331.0920715332031
363.7425231933594 319.49359130859375
393.5520324707031 308.2786865234375
422.5050354003906 297.3262634277344
450.6559143066406 286.6480712890625
478.1187438964844 276.344970703125
504.7412109375 266.2786865234375
530.6726684570312 256.5081787109375
555.9961547851562 247.04824829101562
284.30242919921875 383.9839172363281
315.8548583984375 371.4597473144531
346.73626708984375 359.2779846191406
376.7889404296875 347.43670654296875
406.1324462890625 335.8100891113281
434.53424072265625 324.6369934082031
462.27734375 313.7057189941406
489.2425231933594 303.14862060546875
515.4420166015625 292.75933837890625
540.9944458007812 282.7164611816406
565.8638916015625 272.9986877441406