1 720 1333
516.3172607421875 307.1734924316406
536.2554931640625 316.0782775878906
555.3261108398438 324.5785217285156
573.7155151367188 332.8031005859375
591.3939208984375 340.6889343261719
608.38427734375 348.3207702636719
624.7514038085938 355.5910949707031
640.53271484375 362.6689147949219
655.687744140625 369.4604797363281
670.314697265625 375.99810791015625
684.3408813476562 382.3158264160156
506.53436279296875 328.7208251953125
526.6051635742188 337.1811828613281
545.9146728515625 345.34136962890625
564.48779296875 353.13568115234375
582.39697265625 360.59039306640625
599.5069580078125 367.8225402832031
616.109130859375 374.7557678222656
632.0538330078125 381.4880065917969
647.3876342773438 387.90606689453125
662.1183471679688 394.14752197265625
676.3311157226562 400.0656433105469
496.7924499511719 350.28387451171875
517.1332397460938 358.3355712890625
536.5947875976562 365.949462890625
555.3583984375 373.40826416015625
573.37548828125 380.5296630859375
590.6692504882812 387.3710021972656
607.4446411132812 393.93505859375
623.50341796875 400.279296875
639.0595703125 406.37982177734375
653.8746337890625 412.2109069824219
668.3055419921875 417.7934875488281
487.1722106933594 371.8242492675781
507.6387939453125 379.4073791503906
527.3475952148438 386.6749267578125
546.2611083984375 393.6796569824219
564.4320068359375 400.40789794921875
581.90625 406.82794189453125
598.7396240234375 413.0916442871094
615.0820922851562 419.0726623535156
630.6890258789062 424.7225341796875
645.7105102539062 430.2607116699219
660.266357421875 435.5475769042969
477.5168151855469 393.34857177734375
498.2270812988281 400.4917297363281
518.065185546875 407.33978271484375
537.1754760742188 413.89105224609375
555.4998779296875 420.2772521972656
573.188232421875 426.339599609375
590.2385864257812 432.1933288574219
606.6004028320312 437.6947937011719
622.4231567382812 443.1864318847656
637.5404052734375 448.306884765625
652.2654418945312 453.30511474609375
467.9125671386719 414.81683349609375
488.7754821777344 421.5254211425781
508.8109436035156 427.88720703125
528.105224609375 434.14056396484375
546.6012573242188 439.999267578125
564.4696044921875 445.69122314453125
581.596435546875 451.17333984375
598.2069702148438 456.4539794921875
614.1503295898438 461.46905517578125
629.4412231445312 466.3046569824219
644.2485961914062 470.8983154296875
458.35638427734375 436.2924499511719
479.4398193359375 442.5252990722656
499.6257019042969 448.4892883300781
519.0903930664062 454.26300048828125
537.7984619140625 459.7146301269531
555.7105102539062 465.06207275390625
573.0928955078125 470.1645202636719
589.7239990234375 474.95953369140625
605.8259887695312 479.68035888671875
621.3042602539062 484.22845458984375
636.2223510742188 488.51873779296875
448.8047180175781 457.61962890625
470.09649658203125 463.47607421875
490.4944763183594 468.99658203125
510.14398193359375 474.3839416503906
528.9425659179688 479.43743896484375
547.11328125 484.3716735839844
564.541259765625 489.01910400390625
581.3799438476562 493.5449523925781
597.540771484375 497.85699462890625
613.1674194335938 502.0631408691406
628.1991577148438 505.9979248046875