1 720 1333
508.62554931640625 359.1206970214844
542.2525634765625 351.3837890625
574.3310546875 343.8987731933594
605.2539672851562 336.7632751464844
634.78369140625 329.9269104003906
663.211181640625 323.3688659667969
690.369140625 317.0303649902344
716.4055786132812 311.0347595214844
741.3681640625 305.2831115722656
765.1803588867188 299.6438903808594
788.0345458984375 294.3501892089844
509.61737060546875 384.5960998535156
541.9269409179688 376.6424560546875
573.0254516601562 368.966064453125
602.8510131835938 361.56988525390625
631.5866088867188 354.4697265625
659.16455078125 347.6295471191406
685.585693359375 341.07421875
710.9490966796875 334.72705078125
735.3290405273438 328.7213134765625
758.6015014648438 322.8130798339844
781.048095703125 317.24200439453125
510.5565185546875 408.3843078613281
541.7697143554688 400.2601013183594
571.802978515625 392.4158935546875
600.72412109375 384.79302978515625
628.6114501953125 377.5024108886719
655.4190673828125 370.46746826171875
681.1653442382812 363.6509094238281
705.8933715820312 357.1470947265625
729.6428833007812 350.8349609375
752.4586181640625 344.7017822265625
774.380615234375 338.8149719238281
511.50439453125 430.5314636230469
541.6531372070312 422.3201599121094
570.7553100585938 414.34033203125
598.7820434570312 406.59576416015625
625.8388671875 399.17584228515625
651.8307495117188 391.9231872558594
676.958984375 384.9252624511719
701.1414794921875 378.2855224609375
724.3263549804688 371.7751770019531
746.5989990234375 365.441650390625
768.1033325195312 359.41326904296875
512.4105834960938 451.3124084472656
541.5868530273438 442.892333984375
569.705322265625 434.8301086425781
597.03759765625 427.04888916015625
623.287109375 419.482177734375
648.587890625 412.1645812988281
673.0152587890625 405.04205322265625
696.5602416992188 398.1778564453125
719.2528076171875 391.5585632324219
741.0892333984375 385.0849609375
762.0518188476562 378.7756652832031
513.2633666992188 470.6420593261719
541.5415649414062 462.3292236328125
568.8558959960938 454.157958984375
595.3372802734375 446.2998962402344
620.7987670898438 438.569091796875
645.4738159179688 431.2143249511719
669.3060302734375 423.9500427246094
692.2804565429688 416.9825744628906
714.4426879882812 410.2556457519531
735.6947631835938 403.59320068359375
756.3734741210938 397.26983642578125
514.03515625 488.8497314453125
541.5139770507812 480.46527099609375
568.0961303710938 472.3161926269531
593.6807250976562 464.3762512207031
618.5167236328125 456.5899963378906
642.510498046875 449.1584777832031
665.7161865234375 441.7743835449219
688.1287841796875 434.7206726074219
709.75244140625 427.81903076171875
730.6674194335938 421.1551513671875
750.81787109375 414.61181640625
514.7622680664062 506.0156555175781
541.4752197265625 497.5638122558594
567.3375854492188 489.36846923828125
592.3079833984375 481.402099609375
616.4066162109375 473.6115417480469
639.7127075195312 466.076416015625
662.3827514648438 458.6811828613281
684.2680053710938 451.5394287109375
705.4091796875 444.5419921875
725.774169921875 437.7177429199219
745.5543823242188 431.19366455078125