1 720 1333
403.50146484375 282.0051574707031
421.6480712890625 282.37579345703125
440.00421142578125 282.5928955078125
458.3578186035156 282.9396057128906
476.78271484375 283.36260986328125
495.3165283203125 283.5617370605469
513.8204956054688 283.8710632324219
532.4757690429688 284.2760925292969
551.2289428710938 284.5658264160156
569.9205322265625 284.733642578125
588.7763671875 285.26019287109375
406.8135681152344 299.2196350097656
424.8016052246094 299.48956298828125
442.8128662109375 299.807373046875
460.97576904296875 300.2652282714844
479.1702880859375 300.54595947265625
497.38037109375 300.8236389160156
515.62548828125 301.3001708984375
534.01904296875 301.5572204589844
552.403564453125 301.90606689453125
570.915283203125 302.2791748046875
589.5121459960938 302.57391357421875
410.196044921875 315.7665100097656
427.8335266113281 316.2491760253906
445.6426696777344 316.5767822265625
463.47283935546875 316.92156982421875
481.4234619140625 317.38531494140625
499.36932373046875 317.6554870605469
517.4166259765625 318.1191711425781
535.4927368164062 318.4813232421875
553.5950927734375 318.77093505859375
571.8848876953125 319.26458740234375
590.2824096679688 319.5386962890625
413.401611328125 332.0744323730469
430.80450439453125 332.4638977050781
448.37939453125 332.7891540527344
465.9773254394531 333.3487243652344
483.612548828125 333.656005859375
501.3548583984375 334.13818359375
519.1390380859375 334.50897216796875
536.8917236328125 334.841552734375
554.8111572265625 335.3808898925781
572.8184204101562 335.6589050292969
590.8760375976562 336.1183166503906
416.5159606933594 347.7914123535156
433.7193908691406 348.3261413574219
451.0409851074219 348.6446228027344
468.3696594238281 349.2236328125
485.7753601074219 349.5636291503906
503.27459716796875 350.0650634765625
520.764404296875 350.4921569824219
538.3848266601562 350.8318786621094
556.107177734375 351.3983459472656
573.7295532226562 351.6954345703125
591.6029663085938 352.20660400390625
419.56011962890625 363.2886047363281
436.5577392578125 363.6642150878906
453.6004333496094 364.1929626464844
470.69012451171875 364.5875549316406
487.88323974609375 365.1435852050781
505.1663513183594 365.51348876953125
522.4411010742188 365.955322265625
539.7339477539062 366.5028381347656
557.2329711914062 366.9008483886719
574.6925659179688 367.4017639160156
592.3690185546875 367.76287841796875
422.56976318359375 378.2250671386719
439.3240661621094 378.5939025878906
456.19927978515625 379.2273864746094
473.0656433105469 379.6050720214844
489.9788818359375 380.1897888183594
506.95941162109375 380.5909729003906
524.0927124023438 381.1781005859375
541.178955078125 381.5470275878906
558.4186401367188 382.1131591796875
575.6228637695312 382.5623779296875
592.988037109375 383.005615234375
425.4776611328125 392.6405944824219
442.0154113769531 393.33807373046875
458.5865173339844 393.7049560546875
475.32452392578125 394.35626220703125
491.9974670410156 394.71258544921875
508.765869140625 395.3746032714844
525.5993041992188 395.7598876953125
542.5440063476562 396.3818664550781
559.5053100585938 396.76165771484375
576.5704956054688 397.3659973144531
593.618408203125 397.7063903808594