1 720 1333
338.642822265625 141.22459411621094
352.5771789550781 153.48077392578125
366.5823059082031 165.82577514648438
380.584228515625 178.28330993652344
394.71881103515625 190.6552734375
408.876220703125 203.2161407470703
423.1323547363281 215.650146484375
437.36376953125 228.2555694580078
451.5671691894531 240.7478485107422
465.8430480957031 253.33221435546875
480.2274475097656 265.8700866699219
329.7471923828125 156.70932006835938
343.57354736328125 168.94456481933594
357.4219970703125 181.25367736816406
371.3551025390625 193.5177459716797
385.3470458984375 205.8565216064453
399.3387145996094 218.26438903808594
413.39337158203125 230.6299285888672
427.4662780761719 243.0958251953125
441.5283203125 255.5243377685547
455.65142822265625 267.95501708984375
469.8255615234375 280.46893310546875
321.1316223144531 172.0474853515625
334.6835021972656 184.1739044189453
348.4482421875 196.33822631835938
362.2154846191406 208.52064514160156
376.0503234863281 220.74085998535156
389.8470153808594 233.04470825195312
403.7706604003906 245.35614013671875
417.7154235839844 257.64874267578125
431.67864990234375 269.9761047363281
445.6842346191406 282.3744201660156
459.7069396972656 294.70269775390625
312.5127258300781 187.10528564453125
326.0511169433594 199.125732421875
339.583740234375 211.18128967285156
353.2777099609375 223.28662109375
366.86895751953125 235.42233276367188
380.6253662109375 247.54188537597656
394.43426513671875 259.7471923828125
408.24847412109375 271.9620056152344
422.0478515625 284.2658386230469
435.8556823730469 296.466064453125
449.7738342285156 308.7419128417969
304.1979675292969 201.78143310546875
317.5140380859375 213.69827270507812
330.9446105957031 225.67381286621094
344.45001220703125 237.7106170654297
357.99530029296875 249.72189331054688
371.5738525390625 261.8231506347656
385.2550354003906 273.9112243652344
398.834228515625 286.0928649902344
412.54730224609375 298.2073974609375
426.3394470214844 310.3857116699219
440.06585693359375 322.484619140625
295.90576171875 216.34645080566406
309.22137451171875 228.1540985107422
322.4640808105469 240.0563507080078
335.7737121582031 251.8997802734375
349.2691345214844 263.86529541015625
362.6676330566406 275.8155212402344
376.2540283203125 287.8573303222656
389.68914794921875 299.80657958984375
403.3289489746094 311.931396484375
416.8463439941406 323.92706298828125
430.5342712402344 336.08770751953125
287.86279296875 230.51283264160156
300.94677734375 242.3163604736328
314.1751403808594 254.096435546875
327.3968505859375 265.89630126953125
340.6390075683594 277.6812438964844
353.9689025878906 289.61541748046875
367.3683776855469 301.4793395996094
380.74652099609375 313.4875793457031
394.2131652832031 325.4049072265625
407.6842956542969 337.3992614746094
421.19091796875 349.2997131347656
279.9649353027344 244.54397583007812
292.8943176269531 256.19049072265625
305.9530029296875 267.8437194824219
319.0986022949219 279.57598876953125
332.26519775390625 291.42083740234375
345.4438781738281 303.1166687011719
358.6639099121094 314.93939208984375
372.0293273925781 326.7292785644531
385.3636474609375 338.5845947265625
398.676025390625 350.4087219238281
412.10845947265625 362.3002624511719