1 720 1333
470.2842712402344 165.8107452392578
483.73345947265625 169.5868377685547
497.60186767578125 173.4848175048828
511.71783447265625 177.4703826904297
526.2732543945312 181.49623107910156
541.0278930664062 185.645751953125
556.1930541992188 189.86917114257812
571.59765625 194.27203369140625
587.4590454101562 198.6435546875
603.6360473632812 203.26316833496094
620.3155517578125 207.88414001464844
466.8277893066406 183.44552612304688
480.3140563964844 187.4068145751953
494.00750732421875 191.46377563476562
507.98419189453125 195.55972290039062
522.3757934570312 199.7482452392578
536.965087890625 204.10374450683594
551.9178466796875 208.49171447753906
567.2811279296875 213.00595092773438
582.908935546875 217.6036834716797
598.9839477539062 222.38877868652344
615.4185180664062 227.27500915527344
463.5794677734375 200.7955322265625
476.8403625488281 204.9528350830078
490.44354248046875 209.17141723632812
504.329345703125 213.45228576660156
518.4937133789062 217.79656982421875
532.9351196289062 222.3222198486328
547.7705688476562 226.83038330078125
562.9097900390625 231.5497283935547
578.459716796875 236.35745239257812
594.3565673828125 241.29006958007812
610.5838012695312 246.32920837402344
460.32720947265625 218.08885192871094
473.4530944824219 222.30931091308594
486.8698425292969 226.6248321533203
500.6017761230469 231.08731079101562
514.6506958007812 235.62025451660156
529.0277099609375 240.31861877441406
543.6612548828125 245.0188751220703
558.6663208007812 249.8402557373047
574.0689086914062 254.81869506835938
589.7584838867188 259.90704345703125
605.8466796875 265.1651916503906
457.12249755859375 235.04112243652344
470.14666748046875 239.4300537109375
483.421630859375 243.90008544921875
497.0469970703125 248.5306854248047
510.9044189453125 253.25540161132812
525.1306762695312 258.0140686035156
539.6248168945312 262.9201965332031
554.492431640625 267.94537353515625
569.6556396484375 273.1172790527344
585.2845458984375 278.376953125
601.2482299804688 283.7076416015625
453.9066467285156 251.7909698486328
466.765380859375 256.3604736328125
479.9770812988281 261.0146484375
493.4917907714844 265.71575927734375
507.2716979980469 270.5967102050781
521.324462890625 275.5473327636719
535.649658203125 280.617431640625
550.4175415039062 285.7957458496094
565.3994140625 291.1689758300781
580.7919311523438 296.53570556640625
596.5828857421875 302.14013671875
450.75390625 268.3838195800781
463.5534973144531 273.0835266113281
476.61968994140625 277.8133544921875
489.9794006347656 282.7173767089844
503.5940856933594 287.714599609375
517.538330078125 292.8710021972656
531.7354125976562 298.1379089355469
546.3663330078125 303.45062255859375
561.241943359375 308.8894348144531
576.4990234375 314.5239562988281
592.1182861328125 320.24267578125
447.6954040527344 284.6996154785156
460.38818359375 289.5536804199219
473.3192443847656 294.5029296875
486.52423095703125 299.51763916015625
500.0758361816406 304.67218017578125
513.8209838867188 309.9342956542969
527.9503784179688 315.3684997558594
542.372802734375 320.81890869140625
557.1658935546875 326.4708251953125
572.26416015625 332.2376708984375
587.7141723632812 338.1174011230469