1 720 1333
497.4458923339844 198.02540588378906
508.39141845703125 196.72024536132812
519.5926513671875 195.48582458496094
531.3912353515625 194.1387481689453
543.4107666015625 192.65719604492188
555.9732666015625 191.28358459472656
568.8589477539062 189.71636962890625
582.3938598632812 188.21719360351562
596.279296875 186.57350158691406
610.7822265625 184.87489318847656
625.7689208984375 183.2161407470703
502.6054992675781 214.2570037841797
513.4309692382812 213.1658477783203
524.6875 212.21444702148438
536.321533203125 211.07412719726562
548.3839721679688 209.96726989746094
560.7235107421875 208.78611755371094
573.6553344726562 207.57769775390625
587.0465698242188 206.44277954101562
600.7897338867188 205.21226501464844
615.2977905273438 203.8314666748047
630.1927490234375 202.48394775390625
507.5863342285156 229.916015625
518.4353637695312 229.3196563720703
529.5869140625 228.4703369140625
541.1942749023438 227.6372833251953
553.1672973632812 226.80006408691406
565.485107421875 226.02029418945312
578.3772583007812 225.20254516601562
591.5429077148438 224.27178955078125
605.3826904296875 223.41259765625
619.5886840820312 222.40538024902344
634.4382934570312 221.41299438476562
512.5049438476562 245.49746704101562
523.362548828125 244.96575927734375
534.391845703125 244.5037384033203
545.9376220703125 243.94937133789062
557.7506713867188 243.44570922851562
570.1901245117188 242.83689880371094
582.8010864257812 242.3272247314453
596.087890625 241.68214416503906
609.6531982421875 241.20755004882812
623.8865966796875 240.5111541748047
638.5813598632812 239.8327178955078
517.3667602539062 260.5948486328125
528.0286254882812 260.4627685546875
539.1708984375 260.20074462890625
550.5089111328125 259.9063415527344
562.4437255859375 259.61529541015625
574.5931396484375 259.41485595703125
587.3330078125 259.1264343261719
600.412841796875 258.72772216796875
613.9988403320312 258.5180969238281
628.1004638671875 258.24920654296875
642.67919921875 257.88006591796875
521.9989013671875 275.5237121582031
532.6931762695312 275.5240783691406
543.6765747070312 275.55316162109375
555.185791015625 275.5364685058594
566.8544311523438 275.5260925292969
579.1244506835938 275.5176696777344
591.6281127929688 275.5313415527344
604.68310546875 275.520263671875
618.2028198242188 275.5465393066406
632.2106323242188 275.5061950683594
646.667724609375 275.5088806152344
526.6515502929688 290.2261047363281
537.2634887695312 290.436279296875
548.2860717773438 290.59796142578125
559.5460815429688 290.808837890625
571.354248046875 291.1893310546875
583.4019775390625 291.40869140625
595.927978515625 291.6052551269531
608.8880004882812 291.8782043457031
622.3718872070312 292.2443542480469
636.2732543945312 292.5020751953125
650.6331787109375 292.6994934082031
531.2068481445312 304.5110168457031
541.7356567382812 304.94854736328125
552.6329956054688 305.44744873046875
563.9315185546875 305.9039306640625
575.5972290039062 306.44671630859375
587.6532592773438 306.8010559082031
600.1978149414062 307.40435791015625
613.10205078125 307.88037109375
626.4166259765625 308.47998046875
640.2705688476562 309.050048828125
654.5089111328125 309.55987548828125