1 720 1333
564.3394775390625 216.9137725830078
581.3722534179688 219.287353515625
597.43994140625 221.40567016601562
612.5715942382812 223.43507385253906
626.8561401367188 225.35130310058594
640.4185791015625 227.14535522460938
653.2545166015625 228.81448364257812
665.4149780273438 230.47706604003906
676.9851684570312 232.02365112304688
687.9244384765625 233.47933959960938
698.4132080078125 234.8236846923828
553.4692993164062 237.15045166015625
570.5696411132812 238.74273681640625
586.653564453125 240.3644561767578
601.8653564453125 241.77511596679688
616.3294677734375 243.2694854736328
629.8993530273438 244.5421905517578
642.8675537109375 245.74618530273438
655.2080078125 247.0391845703125
666.8248291015625 248.22088623046875
677.97119140625 249.28378295898438
688.5140991210938 250.32254028320312
543.0557861328125 256.628173828125
560.1944580078125 257.68304443359375
576.3641357421875 258.67236328125
591.5693969726562 259.666259765625
606.0896606445312 260.6114501953125
619.7678833007812 261.4796142578125
632.8036499023438 262.3395690917969
645.2421875 263.1823425292969
657.0255126953125 263.8480529785156
668.2347412109375 264.5538330078125
678.8868408203125 265.3199462890625
532.9822998046875 275.50341796875
550.1364135742188 276.1399230957031
566.3238525390625 276.5662841796875
581.5971069335938 277.1302490234375
596.192138671875 277.51806640625
609.9093017578125 277.9287109375
623.0392456054688 278.3987731933594
635.5294799804688 278.71282958984375
647.4031372070312 279.2974853515625
658.6951293945312 279.5146484375
669.4810180664062 279.8437805175781
523.353515625 293.6727600097656
540.444091796875 293.7665710449219
556.598388671875 293.8020935058594
571.9320068359375 293.89892578125
586.5365600585938 293.9093933105469
600.3462524414062 293.9847106933594
613.5277709960938 294.0635681152344
626.1365356445312 294.08087158203125
638.0962524414062 294.16082763671875
649.4520874023438 294.1680908203125
660.3560180664062 294.16436767578125
513.92236328125 311.4264221191406
531.0492553710938 311.0567932128906
547.2780151367188 310.5914611816406
562.5810546875 310.33160400390625
577.2393798828125 309.8741760253906
591.1107177734375 309.53045654296875
604.2883911132812 309.30059814453125
616.9120483398438 308.8316650390625
628.9263916015625 308.5928039550781
640.420654296875 308.36248779296875
651.3475341796875 308.020263671875
504.9225769042969 328.5080261230469
522.057861328125 327.61328125
538.24658203125 326.7956848144531
553.5203857421875 326.1851501464844
568.1688842773438 325.4146423339844
582.060791015625 324.6180419921875
595.3411254882812 323.9476623535156
607.9157104492188 323.3951721191406
620.0848999023438 322.6572265625
631.513671875 322.1507568359375
642.5691528320312 321.5008850097656
496.2985534667969 345.0118103027344
513.3524780273438 343.74591064453125
529.4590454101562 342.59576416015625
544.801025390625 341.5028991699219
559.3936157226562 340.4648742675781
573.3306274414062 339.4229736328125
586.5591430664062 338.3915100097656
599.2312622070312 337.45556640625
611.3084716796875 336.4748229980469
622.8733520507812 335.53924560546875
633.9321899414062 334.5961608886719