1 720 1333
477.5126953125 117.60980224609375
498.24224853515625 130.32444763183594
518.348388671875 142.5915985107422
537.8053588867188 154.5603485107422
556.7022705078125 166.20384216308594
575.1810302734375 177.4646759033203
592.9840698242188 188.4202423095703
610.4093017578125 199.09561157226562
627.340576171875 209.4226837158203
643.69970703125 219.5126953125
659.6866455078125 229.32958984375
466.7866516113281 137.9861602783203
487.45831298828125 150.26388549804688
507.5238952636719 162.21420288085938
527.0416870117188 173.67274475097656
545.9667358398438 184.92039489746094
564.3453979492188 195.8072509765625
582.232421875 206.4517822265625
599.5947875976562 216.70603942871094
616.5149536132812 226.74386596679688
632.9743041992188 236.51287841796875
648.9661254882812 246.0360107421875
456.31414794921875 157.97596740722656
476.9160461425781 169.82591247558594
496.935791015625 181.36325073242188
516.4638061523438 192.55006408691406
535.3495483398438 203.40602111816406
553.6808471679688 213.88377380371094
571.5570068359375 224.1979217529297
588.9408569335938 234.20851135253906
605.8759155273438 243.83123779296875
622.373779296875 253.33663940429688
638.4442138671875 262.5199279785156
446.029541015625 177.6834716796875
466.57708740234375 189.10955810546875
486.5724792480469 200.281982421875
506.0640869140625 211.06309509277344
524.9129028320312 221.54803466796875
543.3055419921875 231.72425842285156
561.175537109375 241.61744689941406
578.51708984375 251.3557586669922
595.48681640625 260.7008361816406
611.939208984375 269.8413391113281
627.9937744140625 278.73248291015625
435.88519287109375 196.9418182373047
456.4690246582031 208.08233642578125
476.4300231933594 218.7514190673828
495.7912292480469 229.28712463378906
514.6578979492188 239.41506958007812
533.0357666015625 249.29122924804688
550.8256225585938 258.8515930175781
568.2848510742188 268.2273864746094
585.2056274414062 277.3677062988281
601.642578125 286.16412353515625
617.7091674804688 294.7604064941406
426.03857421875 215.95591735839844
446.519287109375 226.62245178222656
466.43560791015625 237.10501098632812
485.76800537109375 247.14886474609375
504.6282043457031 256.88818359375
522.9425659179688 266.52728271484375
540.7702026367188 275.7532043457031
558.1971435546875 284.8275451660156
575.1307983398438 293.6427917480469
591.5253295898438 302.2572021484375
607.6195678710938 310.5774230957031
416.3322448730469 234.5792694091797
436.7637023925781 244.88829040527344
456.64447021484375 254.94154357910156
476.0033874511719 264.6984558105469
494.7409362792969 274.2906188964844
513.09619140625 283.4524841308594
530.8447265625 292.4612731933594
548.2673950195312 301.25347900390625
565.1929931640625 309.7264099121094
581.5882568359375 318.025634765625
597.6597900390625 326.1439514160156
406.8197326660156 252.86721801757812
427.26531982421875 262.90057373046875
447.10595703125 272.57177734375
466.3952331542969 282.0925598144531
485.1334533691406 291.2461853027344
503.4124755859375 300.18670654296875
521.22021484375 308.814697265625
538.5109252929688 317.3446044921875
555.4061889648438 325.5310974121094
571.8002319335938 333.55450439453125
587.8585205078125 341.400146484375