1 720 1333
326.3854675292969 299.84893798828125
356.6240234375 302.2510986328125
386.50811767578125 304.4873962402344
415.9296569824219 306.6664733886719
445.014404296875 308.85540771484375
473.5581970214844 311.0848693847656
501.68450927734375 313.2242126464844
529.5172729492188 315.26373291015625
556.8558959960938 317.3157958984375
583.8386840820312 319.271728515625
610.5128784179688 321.2610778808594
329.9743957519531 323.8121643066406
359.4751892089844 325.944091796875
388.5508117675781 328.0166320800781
417.2845153808594 330.01422119140625
445.5423278808594 332.0438537597656
473.41253662109375 333.9314880371094
500.85546875 335.8140869140625
527.9512939453125 337.6975402832031
554.66064453125 339.58251953125
581.1148681640625 341.4284973144531
607.1310424804688 343.2119140625
333.4236145019531 346.61358642578125
362.1788024902344 348.5182189941406
390.4892883300781 350.4136047363281
418.4835205078125 352.29779052734375
446.1015319824219 354.03759765625
473.2826232910156 355.7303161621094
500.1255798339844 357.4936218261719
526.529296875 359.2816162109375
552.62109375 360.8345947265625
578.4461059570312 362.52447509765625
603.8411865234375 364.14447021484375
336.72332763671875 368.41357421875
364.6891784667969 370.1359558105469
392.4114990234375 371.7051696777344
419.6481628417969 373.42181396484375
446.5722351074219 375.029296875
473.17041015625 376.56890869140625
499.3446350097656 378.1944885253906
525.2159423828125 379.6780090332031
550.65576171875 381.3270263671875
575.8513793945312 382.63543701171875
600.7166748046875 384.17401123046875
339.8684387207031 389.069580078125
367.23541259765625 390.53948974609375
394.23602294921875 392.0956115722656
420.8011474609375 393.5745849609375
447.142822265625 395.046142578125
473.0313720703125 396.48724365234375
498.5995178222656 397.8153991699219
523.8716430664062 399.3446960449219
548.794921875 400.6194152832031
573.4912719726562 401.93963623046875
597.8095092773438 403.3157043457031
342.8928527832031 408.7047424316406
369.57244873046875 410.20684814453125
395.931640625 411.5013732910156
421.9217529296875 412.76104736328125
447.59136962890625 414.2004699707031
472.947021484375 415.46038818359375
498.0096435546875 416.650390625
522.673583984375 417.91925048828125
547.1591796875 419.272216796875
571.2443237304688 420.4032897949219
595.0670776367188 421.4988098144531
345.7955627441406 427.5527648925781
371.84649658203125 428.7621765136719
397.5763854980469 430.0465393066406
423.0472717285156 431.2590026855469
448.2126770019531 432.4156494140625
472.87689208984375 433.50128173828125
497.4370422363281 434.6127624511719
521.5655517578125 435.71014404296875
545.4718627929688 436.8126220703125
569.0882568359375 437.84417724609375
592.4066162109375 438.8874816894531
348.6058654785156 445.5458984375
374.08392333984375 446.6397705078125
399.25213623046875 447.7041015625
424.1576232910156 448.7677917480469
448.64862060546875 449.7702941894531
472.8270263671875 450.79168701171875
496.79461669921875 451.7559814453125
520.5084228515625 452.7276916503906
543.8793334960938 453.6796569824219
567.0169677734375 454.56707763671875
589.7977905273438 455.5171813964844