1 720 1333
163.36241149902344 176.81199645996094
180.06858825683594 172.37445068359375
197.20628356933594 167.62030029296875
214.65328979492188 162.9310302734375
232.6099395751953 158.03427124023438
250.8717803955078 153.20846557617188
269.6756286621094 148.05099487304688
288.8283996582031 142.94454956054688
308.5077209472656 137.6372528076172
328.6496887207031 132.3874969482422
349.42529296875 126.97203826904297
167.11495971679688 199.4998321533203
183.7633514404297 195.1761932373047
200.87680053710938 190.74998474121094
218.38455200195312 186.2684783935547
236.29046630859375 181.64410400390625
254.58306884765625 176.9304962158203
273.3550109863281 172.26649475097656
292.562255859375 167.34678649902344
312.1861877441406 162.39712524414062
332.42083740234375 157.3355712890625
353.0742492675781 152.23171997070312
170.77638244628906 222.05435180664062
187.51016235351562 217.99185180664062
204.59107971191406 213.76564025878906
222.09263610839844 209.5391387939453
239.93618774414062 205.2318572998047
258.2940979003906 200.7895050048828
277.0887145996094 196.272216796875
296.25738525390625 191.6609344482422
315.8343811035156 186.97752380371094
336.0976257324219 182.26931762695312
356.7510986328125 177.393798828125
174.55555725097656 244.5607452392578
191.22967529296875 240.66082763671875
208.3263702392578 236.77371215820312
225.75146484375 232.72811889648438
243.6532440185547 228.68679809570312
261.9569396972656 224.5460662841797
280.7015075683594 220.347412109375
299.9286804199219 215.9503173828125
319.5908508300781 211.56944274902344
339.7765197753906 207.11985778808594
360.5030822753906 202.5344696044922
178.2957763671875 266.9244079589844
194.95614624023438 263.3760681152344
212.00465393066406 259.6617431640625
229.50038146972656 255.94723510742188
247.4097900390625 252.1638946533203
265.681640625 248.2798309326172
284.4963684082031 244.29037475585938
303.6513671875 240.24688720703125
323.3901672363281 236.0921630859375
343.563232421875 231.86985778808594
364.27978515625 227.6007843017578
182.05177307128906 289.34844970703125
198.6663360595703 285.9557189941406
215.76255798339844 282.5685729980469
233.27056884765625 279.072021484375
251.19778442382812 275.5097961425781
269.47314453125 271.84954833984375
288.28094482421875 268.2313232421875
307.47998046875 264.404052734375
327.1666564941406 260.5443420410156
347.3899230957031 256.6224670410156
368.08941650390625 252.629638671875
185.73707580566406 311.5924072265625
202.4844512939453 308.4969482421875
219.51171875 305.3511047363281
237.05360412597656 302.1444396972656
254.9141082763672 298.7879333496094
273.31817626953125 295.4507751464844
292.10174560546875 291.9880676269531
311.3527526855469 288.5188903808594
330.98272705078125 284.8813171386719
351.26904296875 281.3093566894531
371.8786926269531 277.5795593261719
189.5927276611328 333.81640625
206.23948669433594 330.941162109375
223.32730102539062 328.0583190917969
240.76646423339844 325.07489013671875
258.724853515625 322.0686950683594
277.12139892578125 318.8981628417969
295.90216064453125 315.7161560058594
315.1905212402344 312.51483154296875
334.90594482421875 309.2507019042969
355.1676330566406 305.8008117675781
375.81756591796875 302.4356994628906