1 720 1333
516.608154296875 269.7922058105469
537.4998168945312 269.41778564453125
558.198974609375 268.8184814453125
578.5466918945312 268.4453125
598.7453002929688 267.93377685546875
618.6981201171875 267.507080078125
638.4899291992188 267.0776672363281
657.9624633789062 266.5900573730469
677.237060546875 266.28704833984375
696.2288818359375 265.72064208984375
714.8873291015625 265.4157409667969
517.3899536132812 285.2325134277344
537.6830444335938 284.59478759765625
557.8466186523438 284.1307678222656
577.786376953125 283.55096435546875
597.5661010742188 283.0611267089844
617.139404296875 282.5302734375
636.44482421875 282.0201110839844
655.4945678710938 281.49713134765625
674.3646850585938 281.1072082519531
692.9268188476562 280.53607177734375
711.3147583007812 280.1295471191406
518.1377563476562 299.7476501464844
537.9680786132812 299.31524658203125
557.6226806640625 298.587158203125
577.2078247070312 298.0489501953125
596.4984741210938 297.45745849609375
615.5825805664062 296.80133056640625
634.486083984375 296.3569641113281
653.1887817382812 295.7461242675781
671.6043701171875 295.3309020996094
689.8081665039062 294.63348388671875
707.7955322265625 294.212646484375
518.7251586914062 313.7371520996094
538.2789306640625 313.2156677246094
557.4935913085938 312.5281982421875
576.5235595703125 311.8631286621094
595.4432373046875 311.335205078125
614.1089477539062 310.6401672363281
632.5836791992188 310.046630859375
650.907958984375 309.44268798828125
668.9900512695312 308.7979736328125
686.8077392578125 308.3185119628906
704.4785766601562 307.6366271972656
519.4866333007812 327.2276611328125
538.4322509765625 326.5193176269531
557.3167114257812 325.759765625
575.8970336914062 325.2138977050781
594.4359741210938 324.50445556640625
612.6685180664062 323.7874450683594
630.7952880859375 323.2696533203125
648.712158203125 322.55450439453125
666.484619140625 321.8979187011719
683.9447631835938 321.3555908203125
701.3027954101562 320.6147155761719
520.148193359375 339.93701171875
538.6509399414062 339.32403564453125
557.112060546875 338.5494689941406
575.4391479492188 337.8087463378906
593.4735717773438 337.2435302734375
611.3834228515625 336.4706726074219
629.1307373046875 335.7294616699219
646.6632690429688 335.1733703613281
664.0432739257812 334.4836120605469
681.2734985351562 333.6825866699219
698.2351684570312 333.07891845703125
520.6898803710938 352.224609375
538.8621215820312 351.4831848144531
556.926513671875 350.6644592285156
574.7603759765625 350.0088195800781
592.5379028320312 349.35223388671875
610.0899658203125 348.5467224121094
627.5100708007812 347.7933654785156
644.6483764648438 347.19976806640625
661.7089233398438 346.45440673828125
678.5592041015625 345.6182556152344
695.2805786132812 344.8854064941406
521.386962890625 363.91339111328125
539.1495361328125 363.3016052246094
556.7371826171875 362.4807434082031
574.3645629882812 361.6531066894531
591.6048583984375 360.89892578125
608.8458862304688 360.2239990234375
625.88427734375 359.4192199707031
642.7723388671875 358.60211181640625
659.4943237304688 357.85540771484375
676.0161743164062 357.1443786621094
692.378173828125 356.3707275390625