1 720 1333
664.7461547851562 250.91360473632812
678.1489868164062 267.6586608886719
690.6943969726562 283.598876953125
702.6156005859375 298.6444396972656
713.9461059570312 313.0613098144531
724.6546630859375 326.6416015625
734.8351440429688 339.6147766113281
744.5697631835938 351.96270751953125
753.7799682617188 363.71832275390625
762.55322265625 374.8841857910156
770.8895263671875 385.59930419921875
645.8553466796875 269.74908447265625
659.6958618164062 286.1253967285156
672.7996215820312 301.5245056152344
685.287109375 316.2474365234375
697.0558471679688 330.13885498046875
708.2317504882812 343.3582763671875
718.7719116210938 355.85467529296875
728.8740844726562 367.84625244140625
738.542724609375 379.32452392578125
747.6371459960938 390.20428466796875
756.3909301757812 400.49969482421875
626.9218139648438 288.73577880859375
641.3435668945312 304.55706787109375
654.8994140625 319.5270080566406
667.7841796875 333.7165222167969
680.0986328125 347.2679138183594
691.6449584960938 360.039306640625
702.7071533203125 372.2615661621094
713.2640991210938 383.7920837402344
723.2846069335938 394.8766784667969
732.70751953125 405.3865966796875
741.7667236328125 415.435546875
607.9934692382812 307.7423400878906
622.8525390625 323.117431640625
636.981201171875 337.55682373046875
650.3920288085938 351.36737060546875
663.1080932617188 364.4393615722656
675.1448364257812 376.7545166015625
686.5830688476562 388.552001953125
697.5191040039062 399.7862548828125
707.8884887695312 410.5133361816406
717.75146484375 420.63873291015625
727.2211303710938 430.35980224609375
589.1065063476562 326.83233642578125
604.484619140625 341.6581115722656
619.09814453125 355.6430969238281
632.9119873046875 368.9232177734375
646.1229858398438 381.57464599609375
658.5658569335938 393.5511779785156
670.4600219726562 404.9200439453125
681.752197265625 415.74578857421875
692.5319213867188 426.1317443847656
702.72607421875 435.8525085449219
712.5272216796875 445.2767028808594
570.2118530273438 345.9435119628906
586.129150390625 360.2879638671875
601.2008056640625 373.7278747558594
615.5034790039062 386.5836486816406
629.1292724609375 398.7357177734375
642.0248413085938 410.35430908203125
654.322021484375 421.3318176269531
666.0179443359375 431.7117614746094
677.1971435546875 441.6639404296875
687.7227783203125 451.1477966308594
697.8358764648438 460.1518249511719
551.3583984375 365.09735107421875
567.7440185546875 378.784912109375
583.33544921875 391.8229064941406
598.1083374023438 404.2500915527344
612.1630249023438 415.89892578125
625.466796875 427.0517578125
638.19384765625 437.6070861816406
650.2933959960938 447.6289367675781
661.7235717773438 457.26873779296875
672.6804809570312 466.3191833496094
683.1918334960938 474.9753723144531
532.5497436523438 384.14447021484375
549.4810791015625 397.3943176269531
565.5184326171875 409.9017639160156
580.713623046875 421.75506591796875
595.2499389648438 433.06475830078125
608.9371948242188 443.68475341796875
622.0538940429688 453.821044921875
634.4824829101562 463.5238952636719
646.3964233398438 472.677978515625
657.6261596679688 481.43359375
668.4488525390625 489.6958312988281