1 720 1333
623.136474609375 238.3665313720703
640.5414428710938 241.9028778076172
658.3302612304688 245.59999084472656
676.381103515625 249.3501434326172
694.7152099609375 253.1755828857422
713.4384155273438 257.0831298828125
732.44140625 261.06195068359375
751.7284545898438 265.1856689453125
771.4118041992188 269.3326110839844
791.3955078125 273.5484619140625
811.6630249023438 277.8075256347656
620.1800537109375 257.0549621582031
637.4259033203125 260.7069396972656
655.021484375 264.5252685546875
672.8795166015625 268.42144775390625
691.150634765625 272.41162109375
709.619140625 276.4445495605469
728.4840698242188 280.5577087402344
747.59912109375 284.7764892578125
767.0524291992188 289.0832824707031
786.7705078125 293.457763671875
806.8856201171875 297.860107421875
617.2800903320312 275.445068359375
634.380859375 279.32403564453125
651.7324829101562 283.2509460449219
669.5189819335938 287.259765625
687.5679931640625 291.3519287109375
705.8866577148438 295.5277099609375
724.553955078125 299.7585144042969
743.5145263671875 304.17169189453125
762.719482421875 308.55645751953125
782.35009765625 313.07177734375
802.2363891601562 317.62109375
614.397216796875 293.61328125
631.3200073242188 297.6006774902344
648.601318359375 301.6566467285156
666.1890869140625 305.7586669921875
684.1060791015625 310.0373840332031
702.261962890625 314.36187744140625
720.6950073242188 318.70294189453125
739.4588623046875 323.22027587890625
758.5486450195312 327.7255859375
777.8574829101562 332.3790588378906
797.552490234375 337.0288391113281
611.4727172851562 311.53399658203125
628.3705444335938 315.6324768066406
645.42138671875 319.7820129394531
662.83544921875 324.1246643066406
680.5604248046875 328.451171875
698.611328125 332.86785888671875
716.8370971679688 337.38812255859375
735.4974975585938 341.9577941894531
754.3631591796875 346.6149597167969
773.5093383789062 351.3577880859375
792.9765625 356.1922912597656
608.6654052734375 329.25146484375
625.3645629882812 333.43072509765625
642.3798828125 337.7244567871094
659.565673828125 342.1650390625
677.2250366210938 346.589111328125
694.97119140625 351.1380920410156
713.201416015625 355.7045593261719
731.5243530273438 360.43511962890625
750.2160034179688 365.21490478515625
769.2313842773438 370.0625915527344
788.4900512695312 374.9463806152344
605.9015502929688 346.5945739746094
622.4739379882812 350.95062255859375
639.2817993164062 355.3931579589844
656.423583984375 359.86114501953125
673.7647094726562 364.4580078125
691.4888305664062 369.1116027832031
709.4304809570312 373.7586669921875
727.6409301757812 378.5789489746094
746.1626586914062 383.4875793457031
764.9130249023438 388.3976745605469
784.001220703125 393.4264831542969
603.2319946289062 363.72747802734375
619.5650634765625 368.2698059082031
636.29248046875 372.7078857421875
653.2496337890625 377.4008483886719
670.467041015625 382.06146240234375
687.9638061523438 386.7322998046875
705.7255859375 391.5687255859375
723.8031005859375 396.44482421875
742.1844482421875 401.4295349121094
760.7172241210938 406.4364929199219
779.6100463867188 411.510009765625