1 720 1333
706.792236328125 220.09996032714844
715.681396484375 233.4938507080078
724.9053955078125 247.37803649902344
734.4915161132812 261.75933837890625
744.4254150390625 276.7204895019531
754.6587524414062 292.34014892578125
765.3688354492188 308.4413757324219
776.4083251953125 325.2879333496094
787.7828369140625 342.6132507324219
799.7739868164062 360.7813415527344
812.255859375 379.58868408203125
697.3079833984375 235.87355041503906
705.7587280273438 249.33438110351562
714.6351928710938 263.2156982421875
723.7789916992188 277.5761413574219
733.3680419921875 292.5442199707031
743.2400512695312 308.0400695800781
753.4099731445312 324.21795654296875
763.9485473632812 340.7848815917969
774.864990234375 358.2115783691406
786.3203125 376.15118408203125
798.212890625 394.81805419921875
688.0744018554688 251.0968017578125
696.2996215820312 264.5292663574219
704.7308959960938 278.3740539550781
713.5631713867188 292.7611999511719
722.659423828125 307.66522216796875
732.1924438476562 323.19818115234375
741.88330078125 339.17303466796875
752.0422973632812 355.7402038574219
762.4863891601562 372.99163818359375
773.4144287109375 390.84356689453125
784.6589965820312 409.391845703125
679.2132568359375 265.7480773925781
687.0733642578125 279.1327819824219
695.2786865234375 293.0506591796875
703.6427001953125 307.3652648925781
712.467041015625 322.30804443359375
721.5146484375 337.6195983886719
730.8593139648438 353.5949401855469
740.5572509765625 370.0896911621094
750.582763671875 387.2083435058594
761.0432739257812 404.88525390625
771.8015747070312 423.28424072265625
670.5392456054688 279.8026428222656
678.2223510742188 293.3048400878906
686.0635986328125 307.06805419921875
694.2584228515625 321.4427185058594
702.5936889648438 336.2212829589844
711.3388061523438 351.5962219238281
720.3571166992188 367.3858337402344
729.5673217773438 383.8101501464844
739.2454833984375 400.7427062988281
749.2596435546875 418.3021545410156
759.5302124023438 436.51806640625
662.3340454101562 293.5379333496094
669.5570678710938 306.7698059082031
677.2587280273438 320.6449279785156
685.01513671875 334.9024353027344
693.1976318359375 349.66204833984375
701.5107421875 364.8638916015625
710.1864013671875 380.63189697265625
719.0990600585938 396.952392578125
728.3040161132812 413.7065124511719
737.8466186523438 431.216064453125
747.7420043945312 449.15673828125
654.297119140625 306.54437255859375
661.3928833007812 319.95941162109375
668.5999755859375 333.6390686035156
676.2750854492188 347.8578186035156
684.015625 362.5780944824219
692.0960083007812 377.6906433105469
700.4400634765625 393.42132568359375
708.985107421875 409.5107727050781
717.8234252929688 426.26171875
727.0695190429688 443.4117126464844
736.5586547851562 461.2773742675781
646.5186157226562 319.2908630371094
653.3657836914062 332.54071044921875
660.4320678710938 346.2684020996094
667.646240234375 360.464111328125
675.2603759765625 374.982421875
682.9990234375 390.1235046386719
691.0577392578125 405.5516357421875
699.3499755859375 421.59124755859375
707.811279296875 438.1488037109375
716.7019653320312 455.2430419921875
725.8104248046875 472.763671875