1 720 1333
583.464599609375 236.68824768066406
603.5858154296875 235.83387756347656
623.703125 235.05038452148438
644.002685546875 234.2500762939453
664.2750854492188 233.43133544921875
684.5010375976562 232.57127380371094
704.6961059570312 231.81533813476562
725.1021728515625 231.11793518066406
745.3538818359375 230.36383056640625
765.5645751953125 229.5435791015625
785.7444458007812 228.75013732910156
585.1732788085938 256.32391357421875
604.9661865234375 255.4632568359375
624.8836669921875 254.5988311767578
644.8025512695312 253.83372497558594
664.8213500976562 253.13755798339844
684.7776489257812 252.3706512451172
704.8285522460938 251.50721740722656
724.8435668945312 250.7722930908203
744.8781127929688 250.14501953125
764.8723754882812 249.41644287109375
784.8881225585938 248.6300811767578
586.705078125 275.436767578125
606.3885498046875 274.590576171875
626.0595092773438 273.7767028808594
645.6674194335938 273.10150146484375
665.4829711914062 272.332275390625
685.2908325195312 271.5182800292969
704.9998168945312 270.7649841308594
724.6755981445312 270.1295471191406
744.4974365234375 269.43170166015625
764.322265625 268.6449279785156
783.9268188476562 267.9725036621094
588.3505249023438 294.0654296875
607.644287109375 293.3323059082031
627.1481323242188 292.535400390625
646.5916137695312 291.720947265625
666.094970703125 291.10186767578125
685.5639038085938 290.3619384765625
705.1560668945312 289.5683898925781
724.580322265625 288.900146484375
744.1992797851562 288.2779541015625
763.59716796875 287.5079345703125
783.1183471679688 286.7416076660156
589.8527221679688 312.28314208984375
608.9896850585938 311.4958801269531
628.265625 310.70330810546875
647.4306030273438 310.0615234375
666.63623046875 309.3999938964844
685.8592529296875 308.6216125488281
705.2673950195312 307.96051025390625
724.4581909179688 307.3442077636719
743.6947021484375 306.5700378417969
762.9790649414062 305.92626953125
782.2573852539062 305.2999572753906
591.4166259765625 330.0002136230469
610.3402099609375 329.37396240234375
629.2747802734375 328.6068115234375
648.2975463867188 327.87982177734375
667.2672729492188 327.3370361328125
686.3272705078125 326.55670166015625
705.353759765625 325.82000732421875
724.3823852539062 325.3102722167969
743.3994140625 324.55078125
762.3980102539062 323.8188171386719
781.35595703125 323.2768249511719
592.8316040039062 347.3819580078125
611.5350952148438 346.61004638671875
630.3165283203125 346.0138244628906
648.98291015625 345.3970947265625
667.7642822265625 344.62420654296875
686.56689453125 343.9760437011719
705.4268188476562 343.3817138671875
724.2342529296875 342.6029968261719
742.948486328125 342.0140380859375
761.666259765625 341.38458251953125
780.4602661132812 340.59906005859375
594.356689453125 364.2894287109375
612.7532348632812 363.57073974609375
631.3353271484375 362.91729736328125
649.7164916992188 362.3722839355469
668.3870239257812 361.62982177734375
686.8584594726562 361.0325622558594
705.453857421875 360.39569091796875
724.0575561523438 359.6380310058594
742.512939453125 359.0174865722656
761.1610107421875 358.36492919921875
779.5653076171875 357.6041259765625