1 720 1333
584.8500366210938 236.4206085205078
598.6339111328125 246.8036346435547
613.237060546875 257.83624267578125
628.41259765625 269.4341125488281
644.4635009765625 281.605712890625
661.325439453125 294.445068359375
679.1378173828125 307.99835205078125
697.7725830078125 322.3005676269531
717.531982421875 337.4062194824219
738.4431762695312 353.3841247558594
760.4729614257812 370.2944030761719
574.34814453125 258.1993103027344
587.67822265625 269.0763854980469
601.7418212890625 280.4738464355469
616.5509643554688 292.4957275390625
632.129638671875 305.1529846191406
648.4603881835938 318.41632080078125
665.6455688476562 332.4394836425781
683.7648315429688 347.23907470703125
702.8809814453125 362.7600402832031
723.1115112304688 379.2960205078125
744.429931640625 396.6253356933594
563.9412841796875 279.5530700683594
576.926513671875 290.7884521484375
590.5849609375 302.607421875
604.920166015625 315.06793212890625
620.009765625 328.125
635.8238525390625 341.7859802246094
652.5481567382812 356.2914123535156
670.1240844726562 371.4971008300781
688.5628662109375 387.52325439453125
708.1568603515625 404.45135498046875
728.6585083007812 422.2950744628906
553.7601318359375 300.49676513671875
566.432373046875 312.1432189941406
579.6472778320312 324.3351745605469
593.5556030273438 337.1376953125
608.2527465820312 350.57305908203125
623.538330078125 364.6716003417969
639.701416015625 379.5521240234375
656.6962890625 395.204833984375
674.5723876953125 411.6021423339844
693.491943359375 428.8919982910156
713.4177856445312 447.1978759765625
543.8311767578125 320.9585876464844
556.1837158203125 332.9544982910156
569.0164184570312 345.5094299316406
582.5160522460938 358.6839599609375
596.660888671875 372.5115051269531
611.5543212890625 387.0141296386719
627.2728881835938 402.24932861328125
643.6632690429688 418.2456970214844
660.9833984375 435.0343933105469
679.3304443359375 452.6916809082031
698.5073852539062 471.2967834472656
534.2186279296875 341.11181640625
546.1165161132812 353.41375732421875
558.5660400390625 366.3013610839844
571.6367797851562 379.73577880859375
585.4680786132812 393.9181823730469
599.8811645507812 408.7131042480469
615.11572265625 424.3565673828125
631.00146484375 440.6143798828125
647.7630004882812 457.7540588378906
665.4521484375 475.73162841796875
684.1005859375 494.7104797363281
524.6397705078125 360.6833190917969
536.28564453125 373.363037109375
548.4293823242188 386.4963073730469
561.2000122070312 400.3630065917969
574.5109252929688 414.74578857421875
588.5429077148438 429.9593811035156
603.307861328125 445.7532958984375
618.711669921875 462.449462890625
634.9229736328125 479.8523254394531
652.0990600585938 498.2250671386719
670.0918579101562 517.4378051757812
515.3779296875 379.91241455078125
526.5890502929688 392.7646179199219
538.4766235351562 406.3170166015625
550.8056640625 420.3790588378906
563.8058471679688 435.2210693359375
577.476318359375 450.5387268066406
591.7434692382812 466.68017578125
606.7387084960938 483.6062927246094
622.5289306640625 501.36749267578125
639.1447143554688 519.9042358398438
656.5317993164062 539.471923828125