1 720 1333
531.2186889648438 186.42503356933594
542.9179077148438 185.37066650390625
555.3944091796875 184.22256469726562
568.3231201171875 183.11280822753906
581.908447265625 181.72320556640625
596.2243041992188 180.58358764648438
611.2366943359375 179.31399536132812
627.00048828125 177.86703491210938
643.5687255859375 176.47628784179688
661.21728515625 174.93417358398438
679.6529541015625 173.48477172851562
527.4824829101562 206.05422973632812
539.25732421875 205.3988800048828
551.4776000976562 204.6883544921875
564.4039306640625 204.03085327148438
577.8134765625 203.38780212402344
592.0946044921875 202.5373077392578
606.9027099609375 201.75985717773438
622.5863037109375 201.00497436523438
639.1151123046875 200.19552612304688
656.5272216796875 199.3629608154297
674.9208984375 198.4407958984375
523.82861328125 225.5765380859375
535.439453125 225.46522521972656
547.6007690429688 225.2606201171875
560.3921508789062 224.98756408691406
573.7847900390625 224.6983184814453
587.7841796875 224.57810974121094
602.6270141601562 224.3489990234375
618.2056274414062 224.1552734375
634.5474243164062 223.8326416015625
651.8490600585938 223.6027374267578
670.206787109375 223.46653747558594
520.2035522460938 245.3509063720703
531.67236328125 245.48472595214844
543.693359375 245.7080078125
556.4397583007812 246.0030059814453
569.6456298828125 246.3457794189453
583.6647338867188 246.5461883544922
598.3116455078125 246.87013244628906
613.740478515625 247.29461669921875
629.955078125 247.5894775390625
647.2667236328125 248.09384155273438
665.3693237304688 248.50352478027344
516.4871215820312 264.81201171875
527.8731689453125 265.52386474609375
539.8428955078125 266.2942810058594
552.4478759765625 266.9986877441406
565.6064453125 267.73846435546875
579.4324951171875 268.6106262207031
593.99755859375 269.4590759277344
609.3161010742188 270.44415283203125
625.4380493164062 271.4488525390625
642.52197265625 272.4833068847656
660.6083374023438 273.5751953125
512.7612915039062 284.5135803222656
524.1521606445312 285.6097412109375
535.9972534179688 286.7982177734375
548.4417724609375 288.0562438964844
561.5160522460938 289.36212158203125
575.2708129882812 290.65185546875
589.6542358398438 292.1580505371094
604.8623046875 293.6011657714844
620.8582153320312 295.2305603027344
637.8627319335938 296.90380859375
655.7830200195312 298.7369689941406
509.1446228027344 304.2100830078125
520.3767700195312 305.6762390136719
532.1470947265625 307.3701171875
544.488037109375 309.0814514160156
557.4530639648438 310.8144226074219
571.096923828125 312.7328796386719
585.4358520507812 314.722900390625
600.5100708007812 316.8271179199219
616.4287109375 319.10504150390625
633.3084716796875 321.478515625
651.0603637695312 323.9337463378906
505.46142578125 323.7310485839844
516.53369140625 325.7373352050781
528.2952270507812 327.8406982421875
540.5070190429688 330.1106872558594
553.3905029296875 332.40106201171875
566.8914184570312 334.7809753417969
581.2022705078125 337.4099426269531
596.1908569335938 340.1307678222656
611.9780883789062 342.9367980957031
628.7007446289062 345.978759765625
646.384521484375 349.1837463378906