1 720 1333
647.1165771484375 211.69293212890625
659.6705322265625 219.41615295410156
672.5421142578125 227.24623107910156
685.7813110351562 235.31155395507812
699.4024047851562 243.58944702148438
713.3351440429688 252.12237548828125
727.5861206054688 260.7559509277344
742.2440795898438 269.7225646972656
757.2472534179688 278.9798278808594
772.565185546875 288.38824462890625
788.410400390625 298.135498046875
643.3180541992188 227.30072021484375
655.5988159179688 234.94125366210938
668.300048828125 242.86953735351562
681.2341918945312 251.07046508789062
694.5225830078125 259.3562927246094
708.1908569335938 267.9155578613281
722.1290283203125 276.6667175292969
736.4454345703125 285.72528076171875
751.0668334960938 294.9689025878906
766.178466796875 304.50238037109375
781.5369873046875 314.2552795410156
639.5343017578125 242.30055236816406
651.615966796875 250.0991668701172
664.0491943359375 258.1097106933594
676.7000732421875 266.2051086425781
689.7567749023438 274.6427917480469
703.1488647460938 283.2789611816406
716.7730712890625 292.13177490234375
730.7640991210938 301.1961975097656
745.1764526367188 310.4978942871094
759.819091796875 320.0062255859375
774.902587890625 329.76263427734375
635.8714599609375 256.9174499511719
647.7645874023438 264.7673645019531
659.88134765625 272.7300720214844
672.4070434570312 281.1248474121094
685.2136840820312 289.49822998046875
698.2673950195312 298.2276611328125
711.6319580078125 307.068603515625
725.3612670898438 316.199951171875
739.3938598632812 325.49774169921875
753.7472534179688 335.0279846191406
768.5068969726562 344.77056884765625
632.4003295898438 271.1955261230469
643.968994140625 278.93963623046875
655.9185791015625 287.1500549316406
668.2088623046875 295.3944091796875
680.6912231445312 303.8569030761719
693.5161743164062 312.5694580078125
706.6368408203125 321.5103759765625
720.1151123046875 330.62841796875
733.7797241210938 339.9930114746094
747.8631591796875 349.5501708984375
762.3543701171875 359.3934020996094
628.858154296875 284.87884521484375
640.4049072265625 292.88360595703125
652.0891723632812 300.9919128417969
664.1209716796875 309.3894348144531
676.38671875 317.81585693359375
688.9193115234375 326.58306884765625
701.7730102539062 335.523681640625
714.9323120117188 344.6431579589844
728.4236450195312 354.07763671875
742.233154296875 363.6204528808594
756.3269653320312 373.4340515136719
625.5648193359375 298.3938903808594
636.7274780273438 306.31072998046875
648.323974609375 314.51123046875
660.1165771484375 322.8324890136719
672.196044921875 331.436767578125
684.4860229492188 340.1872253417969
697.145751953125 349.1327819824219
709.9920043945312 358.2774353027344
723.2293701171875 367.6485595703125
736.6630859375 377.24310302734375
750.5016479492188 387.0118408203125
622.2941284179688 311.4085693359375
633.3604736328125 319.4452209472656
644.6061401367188 327.5464782714844
656.2911987304688 336.0498962402344
668.0673217773438 344.5389709472656
680.216064453125 353.3548278808594
692.5604248046875 362.28558349609375
705.2532348632812 371.4461364746094
718.18310546875 380.7524719238281
731.4072875976562 390.34759521484375
744.8432006835938 400.10211181640625