1 720 1333
595.3818969726562 235.42324829101562
613.283935546875 236.12501525878906
631.5790405273438 236.82330322265625
650.5535888671875 237.6779022216797
670.0808715820312 238.602294921875
690.2589721679688 239.5210418701172
710.9124145507812 240.50997924804688
732.378662109375 241.51303100585938
754.3729248046875 242.57351684570312
777.164306640625 243.6788787841797
800.5709228515625 244.83505249023438
591.4928588867188 255.2801971435547
609.3128051757812 256.3338623046875
627.6631469726562 257.3733825683594
646.5963745117188 258.5372619628906
666.237060546875 259.6673583984375
686.3137817382812 260.989013671875
707.1190185546875 262.33697509765625
728.4493408203125 263.61309814453125
750.5338134765625 265.0955505371094
773.3109130859375 266.580322265625
796.7681884765625 268.1683654785156
587.5139770507812 275.3385314941406
605.3526611328125 276.567626953125
623.66943359375 278.0146789550781
642.669189453125 279.4510192871094
662.2692260742188 280.96063232421875
682.431884765625 282.54998779296875
703.2001953125 284.260009765625
724.60986328125 285.9056701660156
746.6365966796875 287.66546630859375
769.475830078125 289.56243896484375
792.9054565429688 291.52105712890625
583.519775390625 295.43341064453125
601.3583984375 297.1222839355469
619.7193603515625 298.7252502441406
638.6837768554688 300.54827880859375
658.3017578125 302.4232482910156
678.42919921875 304.3760986328125
699.2740478515625 306.39202880859375
720.624267578125 308.45062255859375
742.747314453125 310.52044677734375
765.5139770507812 312.7321472167969
789.0949096679688 315.13238525390625
579.525146484375 315.6752624511719
597.3321533203125 317.6545715332031
615.72412109375 319.6542053222656
634.6728515625 321.74847412109375
654.287109375 324.0066833496094
674.4368286132812 326.33917236328125
695.2872314453125 328.5949401855469
716.667724609375 331.0439758300781
738.7529296875 333.5492248535156
761.5881958007812 336.2197265625
785.1761474609375 338.8345947265625
575.4647216796875 336.1854553222656
593.32568359375 338.4488220214844
611.6534423828125 340.78369140625
630.6235961914062 343.25390625
650.2474365234375 345.7373352050781
670.4140014648438 348.4041748046875
691.2269897460938 351.0835876464844
712.6803588867188 353.8255615234375
734.7598876953125 356.7209167480469
757.6163330078125 359.66265869140625
781.2129516601562 362.7803955078125
571.4579467773438 356.6766357421875
589.2401733398438 359.32177734375
607.59130859375 362.00347900390625
626.5844116210938 364.77911376953125
646.2041015625 367.6268615722656
666.3618774414062 370.6336364746094
687.2225341796875 373.6593017578125
708.6307983398438 376.8230285644531
730.7452392578125 380.1452941894531
753.5841064453125 383.4750061035156
777.2040405273438 386.87518310546875
567.3928833007812 377.3747863769531
585.1756591796875 380.3182373046875
603.507568359375 383.33929443359375
622.5083618164062 386.4698791503906
642.0752563476562 389.69622802734375
662.2644653320312 393.0239562988281
683.0897827148438 396.4356384277344
704.564208984375 399.91534423828125
726.6799926757812 403.54986572265625
749.5322875976562 407.3453674316406
773.0974731445312 411.1734619140625