1 720 1333
710.6644287109375 234.02853393554688
730.655029296875 248.44161987304688
751.2504272460938 263.3464050292969
772.3399047851562 278.6175231933594
794.0142822265625 294.3971862792969
816.2698364257812 310.5658874511719
839.1507568359375 327.276123046875
862.6119384765625 344.37298583984375
886.7598876953125 362.017822265625
911.654052734375 380.0715637207031
937.2723999023438 398.6650390625
702.4447021484375 254.71649169921875
721.7037963867188 269.1824035644531
741.5767822265625 283.826904296875
761.9349975585938 299.0704650878906
782.8214111328125 314.6232604980469
804.3324584960938 330.6458435058594
826.3359375 347.1259460449219
848.8897094726562 363.9871826171875
872.1422729492188 381.425048828125
896.0328369140625 399.2322692871094
920.5726318359375 417.5197448730469
694.57177734375 274.5238342285156
713.3080444335938 288.6991882324219
732.4476928710938 303.4027404785156
752.1686401367188 318.41302490234375
772.3306884765625 333.7923278808594
792.9759521484375 349.6253967285156
814.2338256835938 365.8581237792969
835.9329223632812 382.51605224609375
858.2874145507812 399.6578369140625
881.2935180664062 417.2249450683594
904.8326416015625 435.2152099609375
687.1297607421875 293.2774353027344
705.2229614257812 307.4136047363281
723.7335815429688 321.7868347167969
742.749755859375 336.6802673339844
762.3065185546875 351.9856262207031
782.2843627929688 367.5785827636719
802.6964111328125 383.6030578613281
823.6655883789062 400.0397033691406
845.2381591796875 416.8857727050781
867.3563232421875 434.1742248535156
890.0687866210938 451.8110656738281
679.9780883789062 311.1047668457031
697.51318359375 325.0538330078125
715.5045166015625 339.40673828125
733.8983764648438 354.125244140625
752.7550048828125 369.1940612792969
772.0936279296875 384.56561279296875
791.7977905273438 400.40380859375
812.135986328125 416.5661926269531
832.8113403320312 433.1938781738281
854.2329711914062 450.1518859863281
876.0848999023438 467.5342102050781
673.2106323242188 328.0391540527344
690.2655639648438 341.92596435546875
707.6187133789062 356.0821838378906
725.4752197265625 370.60296630859375
743.7151489257812 385.4761047363281
762.43212890625 400.66278076171875
781.5353393554688 416.290771484375
801.1310424804688 432.25006103515625
821.19384765625 448.52252197265625
841.7009887695312 465.24896240234375
862.8099975585938 482.3450622558594
666.6693115234375 344.2352600097656
683.2683715820312 357.9106140136719
700.1917724609375 371.95831298828125
717.4586791992188 386.3406982421875
735.2199096679688 400.9942932128906
753.29345703125 415.95428466796875
771.74267578125 431.3262939453125
790.6980590820312 446.95416259765625
810.1259765625 463.0789794921875
830.0039672851562 479.4585266113281
850.408203125 496.2935485839844
660.5086669921875 359.6326599121094
676.5545654296875 373.2440185546875
692.9977416992188 387.1234436035156
709.7691040039062 401.2510070800781
727.0176391601562 415.693603515625
744.5258178710938 430.472412109375
762.503173828125 445.5605773925781
780.8135986328125 461.0015869140625
799.6222534179688 476.75341796875
818.8613891601562 492.8746032714844
838.5812377929688 509.4062805175781