1 720 1333
616.484130859375 240.25167846679688
636.2357788085938 250.15814208984375
656.6310424804688 260.37982177734375
677.7788696289062 270.995361328125
699.7064819335938 282.0584716796875
722.4447021484375 293.5337219238281
745.828857421875 305.4132385253906
770.1922607421875 317.6983642578125
795.2382202148438 330.4794921875
821.312744140625 343.694580078125
848.1848754882812 357.39080810546875
610.2225952148438 263.5831604003906
629.4667358398438 273.67230224609375
649.4360961914062 284.1874694824219
670.1084594726562 295.0231628417969
691.4994506835938 306.336181640625
713.5711669921875 317.9405212402344
736.4879760742188 330.0907287597656
760.0946044921875 342.57476806640625
784.5302124023438 355.5473327636719
809.75439453125 368.8780822753906
835.9692993164062 382.7545471191406
604.0220947265625 286.18292236328125
622.8939208984375 296.4981994628906
642.4308471679688 307.2077941894531
662.6011962890625 318.2986755371094
683.4893188476562 329.69195556640625
705.1254272460938 341.6036682128906
727.3707275390625 353.8218994140625
750.4068603515625 366.53558349609375
774.1766357421875 379.6382751464844
798.71630859375 393.23724365234375
824.1959228515625 407.2395324707031
598.1566772460938 308.1012878417969
616.5159912109375 318.5684509277344
635.6188354492188 329.4649658203125
655.367431640625 340.70672607421875
675.7350463867188 352.3969421386719
696.757568359375 364.3876647949219
718.5645751953125 376.7900390625
740.9500122070312 389.6143493652344
764.181884765625 402.8764953613281
788.1279296875 416.5218200683594
812.8177490234375 430.6158142089844
592.3703002929688 329.3097839355469
610.432373046875 339.9658203125
629.1329345703125 351.0119323730469
648.382080078125 362.45440673828125
668.3124389648438 374.2409973144531
688.79736328125 386.4049072265625
710.050537109375 398.9055480957031
731.930908203125 411.8248291015625
754.4689331054688 425.2550048828125
777.802978515625 438.92108154296875
801.9039916992188 453.1973876953125
586.7756958007812 349.77001953125
604.4725341796875 360.65771484375
622.7097778320312 371.81427001953125
641.5886840820312 383.4035339355469
661.0572509765625 395.32098388671875
681.1568603515625 407.5616760253906
701.7845458984375 420.23486328125
723.19921875 433.3219909667969
745.2062377929688 446.6763916015625
767.90087890625 460.5158996582031
791.4292602539062 474.7638854980469
581.4427490234375 369.6985168457031
598.6719970703125 380.62469482421875
616.5786743164062 391.99273681640625
635.0665893554688 403.621826171875
654.1290893554688 415.6479797363281
673.644775390625 427.9971618652344
693.9104614257812 440.73016357421875
714.7311401367188 453.8077087402344
736.2527465820312 467.3918762207031
758.4041748046875 481.2714538574219
781.325927734375 495.5739440917969
576.2471923828125 388.953125
593.1823120117188 400.1209716796875
610.621826171875 411.4634094238281
628.6763305664062 423.2586669921875
647.3445434570312 435.3464050292969
666.5149536132812 447.7100830078125
686.31103515625 460.5173034667969
706.6362915039062 473.6395568847656
727.5711669921875 487.2117919921875
749.2914428710938 501.164306640625
771.557373046875 515.5115966796875