1 720 1333
586.7086791992188 232.4105987548828
599.6728515625 232.35035705566406
613.1775512695312 232.3684844970703
627.1444091796875 232.3089141845703
641.634765625 232.34146118164062
656.6592407226562 232.34304809570312
672.3307495117188 232.31690979003906
688.513427734375 232.37161254882812
705.3709716796875 232.39036560058594
722.8112182617188 232.41587829589844
741.10205078125 232.47805786132812
590.0582885742188 249.51504516601562
602.9930419921875 249.8182830810547
616.333251953125 250.11154174804688
630.2603149414062 250.44007873535156
644.6002197265625 250.6820068359375
659.531982421875 251.16622924804688
675.00146484375 251.45639038085938
691.1094360351562 251.8126983642578
707.6475830078125 252.34109497070312
725.1409912109375 252.63572692871094
743.1555786132812 253.2373504638672
593.395751953125 266.4364013671875
606.1271362304688 266.91973876953125
619.462646484375 267.53814697265625
633.2015380859375 268.2019958496094
647.5078735351562 268.750244140625
662.32861328125 269.4949035644531
677.63427734375 270.24542236328125
693.544677734375 270.9560241699219
710.1378784179688 271.7244567871094
727.2999267578125 272.5492248535156
745.1513061523438 273.45355224609375
596.4771118164062 282.90576171875
609.3168334960938 283.765869140625
622.4567260742188 284.6257629394531
636.1732177734375 285.56121826171875
650.3484497070312 286.53759765625
664.9964599609375 287.51800537109375
680.262451171875 288.5841979980469
696.0038452148438 289.6474304199219
712.3513793945312 290.7655029296875
729.3912353515625 292.02435302734375
747.0123901367188 293.29534912109375
599.6519775390625 299.2837219238281
612.3218383789062 300.3531494140625
625.4467163085938 301.46588134765625
638.9788818359375 302.6296691894531
653.1172485351562 303.91571044921875
667.6142578125 305.2611083984375
682.7135009765625 306.5669860839844
698.3803100585938 307.9658508300781
714.5919189453125 309.49346923828125
731.4556884765625 310.9605407714844
748.8956909179688 312.5245056152344
602.6453247070312 315.1327819824219
615.331298828125 316.5093078613281
628.3638916015625 317.8901062011719
641.8096923828125 319.43328857421875
655.748779296875 320.92431640625
670.2677001953125 322.49395751953125
685.2342529296875 324.2400207519531
700.6889038085938 325.8541259765625
716.7200927734375 327.6701354980469
733.464111328125 329.5242614746094
750.7024536132812 331.4540710449219
605.7142944335938 330.7611389160156
618.271484375 332.4020690917969
631.2330932617188 334.0910949707031
644.536865234375 335.7481384277344
658.4373779296875 337.59393310546875
672.744384765625 339.4949951171875
687.6224365234375 341.4285888671875
702.995849609375 343.42230224609375
718.8670654296875 345.5015869140625
735.4487915039062 347.6060485839844
752.52734375 349.7744140625
608.6531372070312 346.0946960449219
621.1395263671875 347.9446716308594
633.9319458007812 349.83331298828125
647.3054809570312 351.8297119140625
661.0270385742188 353.9208984375
675.278564453125 356.0616455078125
689.9673461914062 358.2601318359375
705.2830200195312 360.48284912109375
721.0023803710938 362.8184509277344
737.3955078125 365.2778015136719
754.3335571289062 367.72076416015625