1 720 1333
755.1255493164062 227.06214904785156
764.9135131835938 242.9269256591797
775.2388305664062 259.4002685546875
785.7452392578125 276.5213623046875
796.731201171875 294.2607421875
808.2171630859375 312.7059020996094
819.9991455078125 331.8006286621094
832.322998046875 351.791748046875
845.033203125 372.4949951171875
858.4003295898438 394.06072998046875
872.2435302734375 416.5245666503906
744.7791137695312 243.5802764892578
754.2867431640625 259.3280334472656
764.0550537109375 275.70709228515625
774.181396484375 292.6025390625
784.6260375976562 310.29803466796875
795.5000610351562 328.4400939941406
806.7374877929688 347.4264831542969
818.4226684570312 367.12078857421875
830.496826171875 387.4844665527344
843.1397705078125 408.6997375488281
856.2564697265625 430.7568054199219
735.0404663085938 259.2630615234375
744.1089477539062 274.97235107421875
753.4240112304688 291.15185546875
763.1287841796875 307.991943359375
773.1370239257812 325.4009094238281
783.44287109375 343.45050048828125
794.2064819335938 362.1874084472656
805.2828979492188 381.5257873535156
816.6795043945312 401.7154846191406
828.686767578125 422.55615234375
841.1807250976562 444.3081359863281
725.6248168945312 274.3695983886719
734.340576171875 289.7814025878906
743.332275390625 305.9582214355469
752.510498046875 322.54949951171875
762.1243896484375 339.78253173828125
771.96484375 357.6500549316406
782.237060546875 376.1484069824219
792.7017822265625 395.3349304199219
803.615478515625 415.12774658203125
815.0907592773438 435.6475830078125
826.8377075195312 456.9857177734375
716.6541137695312 288.5380554199219
725.0339965820312 304.1153564453125
733.568115234375 319.986572265625
742.4757080078125 336.4459533691406
751.587646484375 353.5576477050781
761.043212890625 371.197998046875
770.777587890625 389.454833984375
780.8626098632812 408.2987976074219
791.321044921875 427.8426818847656
802.2030639648438 448.0350341796875
813.414794921875 468.9445495605469
708.1817626953125 302.33929443359375
716.1268920898438 317.58587646484375
724.3724365234375 333.36834716796875
732.7642211914062 349.7528381347656
741.591064453125 366.5652770996094
750.6246337890625 384.0641784667969
759.9855346679688 402.0437927246094
769.5859985351562 420.6648254394531
779.5364990234375 439.8563232421875
789.887939453125 459.752197265625
800.6211547851562 480.3768005371094
699.8641357421875 315.393798828125
707.5482177734375 330.55462646484375
715.4757690429688 346.2864685058594
723.6411743164062 362.3462829589844
732.0929565429688 379.1075744628906
740.6954345703125 396.2917175292969
749.666748046875 414.07177734375
758.9033203125 432.3882141113281
768.4623413085938 451.3553161621094
778.3866577148438 470.8003845214844
788.5625 491.0763244628906
691.9978637695312 327.9155578613281
699.3870849609375 343.0121765136719
707.0073852539062 358.4264831542969
714.782958984375 374.5160217285156
722.9140625 390.96197509765625
731.3285522460938 407.9423522949219
739.8577880859375 425.47259521484375
748.7400512695312 443.5310363769531
757.8534545898438 462.16046142578125
767.4143676757812 481.3739929199219
777.2196044921875 501.2632141113281