1 720 1333
615.851318359375 37.49300003051758
613.0025634765625 58.08015441894531
610.163330078125 78.6654281616211
607.2742309570312 99.38613891601562
604.439208984375 119.98021697998047
601.5621948242188 140.58106994628906
598.7079467773438 161.29576110839844
595.8412475585938 181.8226318359375
593.0389404296875 202.43319702148438
590.265869140625 223.02890014648438
587.4170532226562 243.57559204101562
597.128173828125 38.20757293701172
594.2826538085938 58.52427673339844
591.42333984375 78.87483215332031
588.5697021484375 99.37374114990234
585.7172241210938 119.69520568847656
582.9298706054688 140.19638061523438
580.14208984375 160.5648193359375
577.3724365234375 180.92381286621094
574.5037841796875 201.37184143066406
571.7254638671875 221.6493682861328
568.9555053710938 242.0439910888672
578.6549072265625 38.747188568115234
575.8281860351562 58.897308349609375
573.1134643554688 79.19322967529297
570.2777099609375 99.36805725097656
567.5029907226562 119.51787567138672
564.6537475585938 139.67921447753906
561.9171142578125 159.89585876464844
559.1842041015625 180.1268310546875
556.43212890625 200.2689971923828
553.6480102539062 220.4261932373047
550.9209594726562 240.50111389160156
560.6159057617188 39.46085739135742
557.8612060546875 59.426815032958984
555.0907592773438 79.3925552368164
552.3802490234375 99.39299011230469
549.55078125 119.36685180664062
546.8130493164062 139.33197021484375
544.1104125976562 159.35604858398438
541.4163208007812 179.28982543945312
538.599609375 199.26182556152344
535.9388427734375 219.17062377929688
533.31298828125 239.06820678710938
543.0479736328125 40.13827133178711
540.2725219726562 59.788795471191406
537.5205688476562 79.52975463867188
534.7534790039062 99.39308166503906
532.1327514648438 119.18765258789062
529.3222045898438 138.8671112060547
526.6550903320312 158.6213836669922
523.9428100585938 178.46153259277344
521.307861328125 198.17271423339844
518.6207275390625 217.83546447753906
516.0081176757812 237.59690856933594
525.696533203125 40.70124816894531
522.9804077148438 60.2882080078125
520.320068359375 79.74293518066406
517.6008911132812 99.38865661621094
514.8528442382812 118.88485717773438
512.3233642578125 138.51698303222656
509.5672302246094 158.10174560546875
506.92413330078125 177.58953857421875
504.284912109375 197.2318115234375
501.6525573730469 216.65708923339844
499.1479187011719 236.25965881347656
508.7840270996094 41.40917205810547
506.1501159667969 60.65026092529297
503.460205078125 80.05830383300781
500.7302551269531 99.42127990722656
498.1973571777344 118.6900634765625
495.4781188964844 138.19383239746094
492.8764343261719 157.51345825195312
490.3184509277344 176.76805114746094
487.67059326171875 196.23960876464844
485.1935119628906 215.50994873046875
482.5691223144531 234.7991180419922
492.29144287109375 42.08018493652344
489.57373046875 61.15770721435547
486.89739990234375 80.28952026367188
484.35223388671875 99.43834686279297
481.662353515625 118.54804229736328
479.161865234375 137.70632934570312
476.5458068847656 156.87623596191406
474.0354919433594 176.17027282714844
471.4779052734375 195.32180786132812
468.95123291015625 214.4577178955078
466.50555419921875 233.48794555664062