1 720 1333
759.5354614257812 231.5929718017578
775.41064453125 248.52732849121094
791.6168212890625 266.0086975097656
808.3797607421875 283.9720458984375
825.5048828125 302.4706115722656
843.1603393554688 321.45404052734375
861.2960205078125 340.92999267578125
879.7831420898438 361.0830383300781
898.9144287109375 381.6977233886719
918.6310424804688 402.9619140625
938.86181640625 424.7745361328125
750.4010620117188 248.77853393554688
765.5781860351562 265.56121826171875
781.2909545898438 282.6954040527344
797.31005859375 300.407958984375
813.69775390625 318.505126953125
830.6061401367188 337.11553955078125
847.9125366210938 356.2611083984375
865.7020874023438 375.856689453125
883.9609985351562 396.11956787109375
902.7643432617188 416.7687072753906
922.1192016601562 438.123779296875
741.6680908203125 265.21551513671875
756.3863525390625 281.599365234375
771.4223022460938 298.50372314453125
786.786865234375 315.7760925292969
802.6107177734375 333.5847473144531
818.7991333007812 351.8036193847656
835.4600830078125 370.5653381347656
852.4786987304688 389.7564697265625
869.92431640625 409.52752685546875
887.928466796875 429.71142578125
906.4188842773438 450.4923095703125
733.4866943359375 280.5754089355469
747.609619140625 296.7657470703125
762.1499633789062 313.3790588378906
776.9371948242188 330.3895263671875
792.1879272460938 347.7999572753906
807.6786499023438 365.6646423339844
823.6331787109375 384.0398864746094
840.0218505859375 402.7972717285156
856.72412109375 422.1468200683594
874.0347900390625 441.8507995605469
891.6777954101562 462.139404296875
725.6707763671875 295.21844482421875
739.3805541992188 311.118408203125
753.3611450195312 327.4162292480469
767.6148071289062 344.1341552734375
782.3184204101562 361.25897216796875
797.294677734375 378.7253112792969
812.5664672851562 396.6759033203125
828.333251953125 415.1195373535156
844.4063720703125 433.96209716796875
860.9293823242188 453.2544860839844
877.87646484375 473.0146484375
718.3607177734375 309.0165710449219
731.503173828125 324.680419921875
745.0296020507812 340.67022705078125
758.77001953125 357.13623046875
772.8906860351562 373.8808898925781
787.3990478515625 391.0885009765625
802.177734375 408.63592529296875
817.2838134765625 426.63861083984375
832.6979370117188 445.12860107421875
848.598388671875 463.9056091308594
864.908935546875 483.2496337890625
711.3262329101562 322.19146728515625
724.046875 337.534423828125
737.12158203125 353.3194274902344
750.43896484375 369.4112548828125
764.0980834960938 385.8702697753906
778.0382690429688 402.69781494140625
792.328125 419.9378967285156
806.8270263671875 437.55084228515625
821.7201538085938 455.5561218261719
837.089111328125 473.9376220703125
852.6946411132812 492.79742431640625
704.5569458007812 334.623291015625
716.919189453125 349.7608642578125
729.5576171875 365.2850646972656
742.4733276367188 381.0994567871094
755.6546630859375 397.27093505859375
769.19482421875 413.71002197265625
782.92431640625 430.5916442871094
797.0284423828125 447.80950927734375
811.43310546875 465.4331359863281
826.2439575195312 483.4263610839844
841.2994384765625 501.75946044921875