1 720 1333
609.8936767578125 258.2708740234375
630.1215209960938 255.4431915283203
650.2728881835938 252.6454315185547
670.5125122070312 249.84642028808594
690.6857299804688 247.19635009765625
710.8857421875 244.42208862304688
731.1935424804688 241.6883087158203
751.383056640625 238.9954376220703
771.5516967773438 236.3422088623047
791.6741333007812 233.58038330078125
811.7684326171875 230.88888549804688
612.9851684570312 277.6911926269531
632.8738403320312 274.9837646484375
652.8323974609375 272.28741455078125
672.7880249023438 269.5684509277344
692.7817993164062 266.7822570800781
712.7516479492188 264.20135498046875
732.7216796875 261.4707946777344
752.6654663085938 258.7852783203125
772.6339721679688 256.1919860839844
792.5044555664062 253.49978637695312
812.4954833984375 250.7760009765625
615.9584350585938 296.7143859863281
635.6541748046875 294.1319274902344
655.4140625 291.4105529785156
675.1485595703125 288.6629943847656
694.8319091796875 286.12628173828125
714.5919189453125 283.4275817871094
734.3827514648438 280.7483825683594
754.107421875 278.1992492675781
773.716552734375 275.5061950683594
793.4503784179688 272.8424377441406
813.0949096679688 270.2975769042969
618.8866577148438 315.44384765625
638.382568359375 312.7117919921875
657.7835083007812 310.12109375
677.3994750976562 307.50872802734375
696.8271484375 304.7975158691406
716.40673828125 302.3002624511719
735.8422241210938 299.6468505859375
755.3904418945312 297.0577697753906
774.8071899414062 294.4908447265625
794.3002319335938 291.77972412109375
813.639404296875 289.2615051269531
621.7517700195312 333.5943603515625
640.9725952148438 331.0025634765625
660.3242797851562 328.3848876953125
679.5211181640625 325.75341796875
698.7947387695312 323.2518005371094
718.1423950195312 320.6098937988281
737.4033813476562 318.1208190917969
756.5891723632812 315.5169372558594
775.78466796875 312.9145812988281
795.055419921875 310.3975830078125
814.28173828125 307.738525390625
624.5648803710938 351.4109191894531
643.5706176757812 348.8226318359375
662.6016235351562 346.3175048828125
681.6602783203125 343.7072448730469
700.706787109375 341.2208557128906
719.7158813476562 338.6218566894531
738.7614135742188 336.12158203125
757.76953125 333.5517272949219
776.7933959960938 331.0390930175781
795.7556762695312 328.42535400390625
814.6831665039062 325.8733825683594
627.3519897460938 368.73126220703125
646.1365966796875 366.2790222167969
664.9131469726562 363.7152404785156
683.7064819335938 361.2779235839844
702.5877685546875 358.6896667480469
721.4494018554688 356.23651123046875
740.28564453125 353.64984130859375
759.0374755859375 351.15252685546875
777.707275390625 348.5936279296875
796.4849853515625 346.156982421875
815.30322265625 343.561767578125
630.0166625976562 385.67767333984375
648.59423828125 383.2969665527344
667.184814453125 380.7519226074219
685.764892578125 378.343994140625
704.41552734375 375.8101806640625
723.025634765625 373.3492736816406
741.5478515625 370.78173828125
760.2010498046875 368.33349609375
778.60888671875 365.77984619140625
797.2341918945312 363.3274230957031
815.6210327148438 360.75921630859375