1 720 1333
634.1334228515625 475.279052734375
652.626220703125 476.44580078125
671.435302734375 477.6043395996094
690.4550170898438 478.7815856933594
709.6354370117188 479.9676513671875
729.1865844726562 481.23492431640625
748.73876953125 482.3892517089844
768.620849609375 483.513916015625
788.7330932617188 484.65240478515625
809.162353515625 485.797119140625
829.6192016601562 487.0640869140625
631.0494384765625 493.01605224609375
649.794189453125 494.3577575683594
668.862060546875 495.6156311035156
688.2180786132812 496.91387939453125
707.6935424804688 498.3342590332031
727.4718627929688 499.5917053222656
747.4882202148438 500.896240234375
767.6378173828125 502.29608154296875
788.193359375 503.5398254394531
808.775390625 504.85693359375
829.6914672851562 506.2872314453125
627.8131103515625 511.3520812988281
646.8976440429688 512.734619140625
666.3031616210938 514.3060302734375
685.8472900390625 515.6848754882812
705.6669311523438 517.21826171875
725.7242431640625 518.6254272460938
746.134521484375 520.1637573242188
766.5902709960938 521.564697265625
787.4740600585938 523.0188598632812
808.4998779296875 524.5208129882812
829.708984375 526.099609375
624.5045776367188 530.2554931640625
643.8884887695312 531.7635498046875
663.5449829101562 533.4664306640625
683.4642333984375 535.0769653320312
703.6109008789062 536.6671752929688
724.0131225585938 538.377685546875
744.64306640625 539.9243774414062
765.5847778320312 541.5763549804688
786.6995239257812 543.2695922851562
808.2451782226562 544.8187255859375
829.797607421875 546.5502319335938
621.0851440429688 549.693115234375
640.7443237304688 551.5062866210938
660.7098388671875 553.3397827148438
680.9674682617188 555.1298828125
701.4656372070312 556.8751220703125
722.2557373046875 558.6515502929688
743.2548217773438 560.4756469726562
764.48779296875 562.298095703125
786.0359497070312 564.1343994140625
807.7828369140625 565.9111328125
829.8364868164062 567.73583984375
617.5348510742188 569.9182739257812
637.549560546875 571.8400268554688
657.8051147460938 573.8353271484375
678.3939208984375 575.7623291015625
699.2767333984375 577.7792358398438
720.343505859375 579.7079467773438
741.6553344726562 581.699951171875
763.37353515625 583.6636962890625
785.3143920898438 585.7063598632812
807.4872436523438 587.6829833984375
829.9579467773438 589.7645874023438
613.836669921875 590.7909545898438
634.2515258789062 592.8976440429688
654.8030395507812 595.1399536132812
675.6951904296875 597.287353515625
696.8912353515625 599.4368286132812
718.421142578125 601.566162109375
740.1915283203125 603.7019653320312
762.2463989257812 605.9204711914062
784.4845581054688 608.15625
807.1858520507812 610.4067993164062
829.92919921875 612.5623779296875
610.0891723632812 612.4937744140625
630.6920776367188 614.734375
651.6815185546875 617.1681518554688
672.9531860351562 619.4954223632812
694.531005859375 621.8468627929688
716.4014282226562 624.2671508789062
738.509033203125 626.6156616210938
760.9608764648438 629.001708984375
783.649169921875 631.4107666015625
806.62255859375 633.7582397460938
829.9920654296875 636.274169921875