1 720 1333
536.445068359375 197.3428192138672
550.37646484375 184.01832580566406
564.3589477539062 170.6963653564453
578.3612670898438 157.4224853515625
592.394287109375 144.1072235107422
606.4586181640625 130.70521545410156
620.5322265625 117.4147720336914
634.621826171875 104.01704406738281
648.7156982421875 90.6192855834961
662.89208984375 77.34554290771484
677.0914916992188 63.9888916015625
547.3880004882812 209.09262084960938
561.4718627929688 195.66241455078125
575.5732421875 182.28004455566406
589.7337646484375 168.7682647705078
603.9798583984375 155.36093139648438
618.2286987304688 141.87037658691406
632.4564208984375 128.43267822265625
646.65771484375 114.89710998535156
660.9866333007812 101.41560363769531
675.3123168945312 87.907958984375
689.5977783203125 74.46163177490234
558.5146484375 221.1410369873047
572.7255859375 207.54409790039062
587.0990600585938 193.9761962890625
601.4252319335938 180.43247985839844
615.7644653320312 166.79380798339844
630.2356567382812 153.2856903076172
644.6024780273438 139.63539123535156
659.0331420898438 126.01322174072266
673.4488525390625 112.38623809814453
687.935302734375 98.72547912597656
702.4419555664062 85.19711303710938
569.8759155273438 233.4104766845703
584.365966796875 219.67149353027344
598.7896118164062 206.02743530273438
613.3700561523438 192.34426879882812
627.8497924804688 178.56724548339844
642.4457397460938 164.85264587402344
657.0311889648438 151.16961669921875
671.58154296875 137.39454650878906
686.2374267578125 123.55744171142578
700.8350830078125 109.8208999633789
715.4976196289062 96.12726593017578
581.5247192382812 245.96409606933594
596.2053833007812 232.14822387695312
610.7808837890625 218.32925415039062
625.4921875 204.44110107421875
640.2651977539062 190.5746612548828
654.9136962890625 176.70103454589844
669.682373046875 162.82012939453125
684.4928588867188 148.9475860595703
699.2907104492188 135.10198974609375
714.0955200195312 121.25907135009766
728.8770141601562 107.34298706054688
593.4298095703125 258.7663879394531
608.2784423828125 244.79132080078125
623.1435546875 230.80990600585938
637.9576416015625 216.8362274169922
652.84326171875 202.82122802734375
667.7251586914062 188.86758422851562
682.6672973632812 174.82090759277344
697.60546875 160.79641723632812
712.5753784179688 146.74952697753906
727.5607299804688 132.7772674560547
742.5626220703125 118.72660064697266
605.6182250976562 271.9635925292969
620.5977172851562 257.7694396972656
635.6277465820312 243.67007446289062
650.6912231445312 229.54652404785156
665.7446899414062 215.4564971923828
680.8369140625 201.3362274169922
695.978271484375 187.194580078125
711.1596069335938 173.0182647705078
726.251220703125 158.80686950683594
741.3704833984375 144.6605224609375
756.5221557617188 130.51490783691406
618.13037109375 285.39990234375
633.3024291992188 271.15380859375
648.4844360351562 256.81268310546875
663.7296752929688 242.5531768798828
679.0350341796875 228.3081512451172
694.3211669921875 214.04673767089844
709.5685424804688 199.7137451171875
724.8505249023438 185.48353576660156
740.1998901367188 171.19802856445312
755.4776611328125 156.8558349609375
770.7935791015625 142.5621337890625