1 720 1333
591.8854370117188 416.32916259765625
597.7406616210938 426.5752868652344
603.8674926757812 437.42059326171875
610.2831420898438 448.59661865234375
616.881103515625 460.3567810058594
623.7718505859375 472.52923583984375
631.1414184570312 485.26287841796875
638.5870971679688 498.555908203125
646.5250854492188 512.3977661132812
654.7863159179688 526.942138671875
663.494873046875 542.2244262695312
578.72802734375 427.0506896972656
584.3907470703125 437.5849609375
590.242919921875 448.5631408691406
596.3196411132812 460.05108642578125
602.5841674804688 471.9908142089844
609.28125 484.3961181640625
616.1672973632812 497.3938903808594
623.3853149414062 510.8868103027344
630.8322143554688 525.0973510742188
638.7431640625 539.9234619140625
647.1024780273438 555.4578857421875
565.6332397460938 437.7507629394531
570.9590454101562 448.5029296875
576.5282592773438 459.71136474609375
582.3492431640625 471.4111633300781
588.3857421875 483.55828857421875
594.6204223632812 496.28082275390625
601.2731323242188 509.4649658203125
608.1104736328125 523.269775390625
615.2903442382812 537.672607421875
622.7469482421875 552.7944946289062
630.6513671875 568.7144165039062
552.533447265625 448.5143737792969
557.5946044921875 459.47430419921875
562.843505859375 470.8356018066406
568.3903198242188 482.7033996582031
574.1046752929688 495.17840576171875
580.13427734375 508.0505676269531
586.3289184570312 521.5097045898438
592.8067016601562 535.5861206054688
599.6211547851562 550.3184814453125
606.7711181640625 565.7255859375
614.3385620117188 581.8519897460938
539.4776000976562 459.162353515625
544.3124389648438 470.3350830078125
549.3187866210938 481.9066162109375
554.4938354492188 494.08245849609375
559.9041748046875 506.6487121582031
565.5435180664062 519.79736328125
571.4774169921875 533.5421752929688
577.6283569335938 547.851806640625
584.1226196289062 562.8464965820312
590.8419189453125 578.5892333984375
598.01806640625 595.0904541015625
526.4306640625 469.7572326660156
530.9268188476562 481.19317626953125
535.6611938476562 493.0091857910156
540.5953979492188 505.3642272949219
545.6948852539062 518.2330932617188
551.0968017578125 531.56591796875
556.63232421875 545.5540161132812
562.4939575195312 560.2085571289062
568.57568359375 575.4273681640625
575.0194702148438 591.425048828125
581.7063598632812 608.2577514648438
513.3986206054688 480.4090881347656
517.6233520507812 492.01251220703125
522.1532592773438 504.0411376953125
526.70849609375 516.5865478515625
531.5856323242188 529.6357421875
536.6102905273438 543.3458251953125
541.8750610351562 557.5294189453125
547.4032592773438 572.4285278320312
553.1577758789062 587.92333984375
559.2191772460938 604.27783203125
565.5374755859375 621.3580322265625
500.3990783691406 490.9617004394531
504.3924255371094 502.7207336425781
508.565673828125 515.0711059570312
512.8955688476562 527.7628173828125
517.495849609375 541.1505126953125
522.2310791015625 554.9938354492188
527.229248046875 569.5044555664062
532.3959350585938 584.6107788085938
537.72265625 600.4815063476562
543.4486083984375 617.07177734375
549.4142456054688 634.44287109375