1 720 1333
720.8463134765625 61.85866165161133
744.0321655273438 57.811668395996094
766.0637817382812 54.16075134277344
787.1387939453125 50.52984619140625
807.2274169921875 47.22299575805664
826.3861083984375 44.017723083496094
844.654541015625 40.94173812866211
862.3587646484375 38.09584426879883
879.0509033203125 35.34846115112305
895.294677734375 32.745731353759766
910.5133666992188 30.281970977783203
729.3114013671875 93.57044982910156
751.9716186523438 88.87071990966797
773.6370849609375 84.42890167236328
794.3550415039062 80.23597717285156
814.1456298828125 76.22962951660156
832.9710693359375 72.3844223022461
851.0580444335938 68.73616790771484
868.3340454101562 65.28242492675781
884.914306640625 62.041961669921875
900.6978759765625 58.83454895019531
915.900390625 55.88835906982422
737.4986572265625 124.61904907226562
759.8185424804688 119.32787322998047
781.1505126953125 114.2698974609375
801.4589233398438 109.36324310302734
820.856201171875 104.71630859375
839.4441528320312 100.38079071044922
857.2947998046875 96.10198211669922
874.3248901367188 92.16698455810547
890.6578979492188 88.28157806396484
906.2224731445312 84.63127899169922
921.2575073242188 81.22179412841797
745.5902099609375 155.2490234375
767.5731201171875 149.21893310546875
788.4427490234375 143.46778869628906
808.4849243164062 138.0642547607422
827.5359497070312 132.80267333984375
845.8156127929688 127.8182144165039
863.3548583984375 123.15570831298828
880.1724853515625 118.5623550415039
896.2374877929688 114.269775390625
911.6104736328125 110.10089111328125
926.298583984375 106.1718978881836
753.6057739257812 185.1343231201172
775.1441650390625 178.5100555419922
795.6561889648438 172.24696350097656
815.3419189453125 166.22218322753906
834.1396484375 160.4539031982422
852.0252685546875 154.91815185546875
869.3466186523438 149.6085205078125
885.7876586914062 144.60679626464844
901.6923828125 139.73110961914062
916.768310546875 135.20558166503906
931.3887329101562 130.7057342529297
761.4112548828125 214.53097534179688
782.577880859375 207.3397979736328
802.7044677734375 200.48114013671875
822.0289916992188 193.83599853515625
840.5036010742188 187.58349609375
858.2112426757812 181.5486297607422
875.1034545898438 175.77157592773438
891.4347534179688 170.24867248535156
907.0103759765625 164.90884399414062
921.9011840820312 159.85186767578125
936.3007202148438 154.9733428955078
769.119873046875 243.39236450195312
789.816650390625 235.564697265625
809.6271362304688 228.16830444335938
828.5900268554688 221.08010864257812
846.7478637695312 214.2713623046875
864.1522216796875 207.7006378173828
880.8143310546875 201.48077392578125
896.7657470703125 195.47103881835938
912.194091796875 189.67813110351562
926.8504028320312 184.2129669189453
941.0101928710938 178.85928344726562
776.6226196289062 271.6252746582031
797.0333251953125 263.3322448730469
816.4993286132812 255.36276245117188
835.125 247.70648193359375
852.9192504882812 240.45703125
869.951416015625 233.44764709472656
886.3938598632812 226.70211791992188
902.1150512695312 220.30990600585938
917.2219848632812 214.09022521972656
931.6249389648438 208.1737518310547
945.5775146484375 202.45089721679688