1 720 1333
619.3220825195312 486.0520935058594
632.2890625 481.495361328125
645.085693359375 477.0644836425781
657.5676879882812 472.61956787109375
669.9142456054688 468.3354797363281
682.0176391601562 464.13262939453125
693.8380126953125 459.84869384765625
705.5685424804688 455.7220458984375
716.9668579101562 451.66741943359375
728.218994140625 447.6745300292969
739.246337890625 443.8447265625
625.60009765625 495.1210021972656
638.7609252929688 490.384765625
651.6344604492188 485.7098693847656
664.401123046875 481.212158203125
676.7877807617188 476.70928955078125
689.0384521484375 472.34637451171875
701.1209716796875 468.0597839355469
712.7658081054688 463.6954040527344
724.352294921875 459.52325439453125
735.69873046875 455.4960021972656
746.7564697265625 451.4450378417969
632.164794921875 504.4078674316406
645.4627685546875 499.52337646484375
658.5313720703125 494.7127685546875
671.382080078125 489.9999084472656
683.9871826171875 485.3923645019531
696.3517456054688 480.8256530761719
708.4351196289062 476.3592224121094
720.318115234375 471.9351501464844
732.00830078125 467.5968933105469
743.3834228515625 463.403076171875
754.64111328125 459.3009948730469
638.8775634765625 514.068359375
652.4263305664062 508.9079284667969
665.623291015625 504.03265380859375
678.620361328125 499.1412658691406
691.3756713867188 494.345703125
703.806396484375 489.5784606933594
716.1031494140625 485.0185852050781
728.116943359375 480.4178466796875
739.750244140625 475.8834533691406
751.4135131835938 471.57269287109375
762.655029296875 467.3291015625
645.8838500976562 523.9806518554688
659.5675659179688 518.6845092773438
672.961181640625 513.5604858398438
686.1401977539062 508.5168151855469
698.986572265625 503.5171203613281
711.5635375976562 498.6624755859375
723.9525756835938 493.8299560546875
736.0538330078125 489.18829345703125
747.9811401367188 484.52008056640625
759.5667114257812 480.0303955078125
770.9933471679688 475.5923767089844
653.2254028320312 534.290771484375
667.0328979492188 528.7908935546875
680.5864868164062 523.4890747070312
693.8405151367188 518.260986328125
706.8639526367188 513.1305541992188
719.5880126953125 508.02764892578125
732.1015014648438 503.0967102050781
744.3817138671875 498.2151184082031
756.3517456054688 493.4094543457031
768.0759887695312 488.6933288574219
779.64208984375 484.2273864746094
660.716796875 544.8848266601562
674.717529296875 539.27294921875
688.4725341796875 533.6624755859375
701.8829956054688 528.3056030273438
715.051025390625 522.9061889648438
727.900634765625 517.6902465820312
740.5393676757812 512.5739135742188
752.9049682617188 507.52655029296875
765.0095825195312 502.5531005859375
776.8519287109375 497.7225341796875
788.4459228515625 493.029541015625
668.5509033203125 555.9087524414062
682.7206420898438 550.0787963867188
696.6268920898438 544.3265991210938
710.2181396484375 538.6416625976562
723.5109252929688 533.185302734375
736.5175170898438 527.6742553710938
749.2915649414062 522.4398193359375
761.7310180664062 517.2186889648438
774.0175170898438 512.1422729492188
785.8677368164062 507.13739013671875
797.6349487304688 502.25140380859375