1 720 1333
607.09765625 444.16107177734375
620.801513671875 451.9747009277344
634.9793090820312 460.156494140625
649.595703125 468.4593505859375
664.6446533203125 477.0269775390625
680.2648315429688 485.86029052734375
696.2756958007812 495.0242614746094
712.7802124023438 504.4026794433594
729.8565063476562 514.0548095703125
747.5414428710938 524.1227416992188
765.7639770507812 534.4451904296875
596.3088989257812 459.17034912109375
609.9273071289062 467.31927490234375
624.1025390625 475.69696044921875
638.6209716796875 484.3901062011719
653.652587890625 493.35040283203125
669.178955078125 502.5250549316406
685.2415161132812 512.0032958984375
701.69482421875 521.710205078125
718.784423828125 531.7860107421875
736.4411010742188 542.289794921875
754.6707763671875 553.0574951171875
585.2847290039062 474.39251708984375
598.9083251953125 482.827880859375
612.9244384765625 491.57373046875
627.4921264648438 500.58935546875
642.481201171875 509.8447265625
657.89794921875 519.449951171875
673.86865234375 529.2953491210938
690.4248657226562 539.4718627929688
707.4844970703125 549.8991088867188
725.1871337890625 560.7730102539062
743.40673828125 572.0118408203125
574.1057739257812 489.87286376953125
587.5958251953125 498.6585388183594
601.6436767578125 507.72320556640625
616.1361083984375 517.142822265625
631.0927124023438 526.6983032226562
646.46923828125 536.6370849609375
662.4439697265625 546.8777465820312
678.8355102539062 557.474609375
695.8948364257812 568.41845703125
713.5321044921875 579.65283203125
731.779541015625 591.406982421875
562.6406860351562 505.6161804199219
576.2186889648438 514.7696533203125
590.1427001953125 524.2208251953125
604.55224609375 533.8784790039062
619.4193725585938 543.8628540039062
634.7620849609375 554.2446899414062
650.6768798828125 564.8063354492188
667.1887817382812 575.8405151367188
684.14990234375 587.258056640625
701.7369384765625 598.98779296875
719.9553833007812 611.2175903320312
551.0859985351562 521.6741333007812
564.4951171875 531.170654296875
578.415283203125 540.9075927734375
592.702392578125 550.978759765625
607.57080078125 561.3759765625
622.8766479492188 572.1128540039062
638.7186889648438 583.2155151367188
655.1963500976562 594.5933837890625
672.1387329101562 606.4546508789062
689.6669921875 618.6561889648438
707.912109375 631.3714599609375
539.2634887695312 538.0299682617188
552.5973510742188 547.7881469726562
566.466064453125 557.9501953125
580.708740234375 568.3944702148438
595.5135498046875 579.2359619140625
610.7574462890625 590.3528442382812
626.5831298828125 601.7930908203125
642.9391479492188 613.712158203125
659.8333740234375 626.05126953125
677.4368896484375 638.7669677734375
695.5943603515625 651.96826171875
527.2050170898438 554.6090087890625
540.5245971679688 564.7518310546875
554.2828369140625 575.3352661132812
568.5099487304688 586.2027587890625
583.2432861328125 597.3709716796875
598.4497680664062 608.9227294921875
614.2099609375 620.8744506835938
630.501953125 633.298828125
647.3968505859375 646.07470703125
664.8767700195312 659.2938232421875
683.0997314453125 672.9620361328125