1 720 1333
480.3668518066406 133.19337463378906
499.3544006347656 129.4921112060547
519.2897338867188 125.60897064208984
540.076904296875 121.62939453125
561.8057861328125 117.44931030273438
584.5744018554688 113.20062255859375
608.4691162109375 108.61666107177734
633.4400634765625 103.99694061279297
659.5641479492188 99.09353637695312
687.109375 93.99866485595703
715.8621215820312 88.7583999633789
482.3146057128906 159.84658813476562
501.3490905761719 156.67279052734375
521.1380615234375 153.48153686523438
541.798828125 150.1326904296875
563.500732421875 146.56602478027344
586.2493286132812 142.94619750976562
609.8905029296875 139.18838500976562
634.7424926757812 135.17108154296875
660.6871948242188 131.042236328125
688.1660766601562 126.79176330566406
716.737548828125 122.37327575683594
484.3517150878906 186.26316833496094
503.21649169921875 183.65130615234375
522.9569702148438 181.01356506347656
543.5682373046875 178.27525329589844
565.2264404296875 175.38021850585938
587.661865234375 172.3966522216797
611.380615234375 169.26071166992188
636.0657348632812 166.03179931640625
661.872802734375 162.61952209472656
689.1843872070312 159.19985961914062
717.6140747070312 155.58905029296875
486.2908935546875 212.40415954589844
505.1369934082031 210.38987731933594
524.71484375 208.30982971191406
545.3436889648438 206.12095642089844
566.73828125 203.7906036376953
589.2600708007812 201.4763641357422
612.6644287109375 199.052734375
637.3616333007812 196.4718475341797
663.0968017578125 193.7906494140625
690.1829223632812 191.19947814941406
718.455078125 188.3725128173828
488.2505187988281 238.25088500976562
506.9173583984375 236.697265625
526.5291137695312 235.24395751953125
546.943603515625 233.5587921142578
568.367919921875 231.91429138183594
590.624755859375 230.2804412841797
614.1385498046875 228.4379119873047
638.5316772460938 226.55148315429688
664.2150268554688 224.65386962890625
691.1654052734375 222.6580810546875
719.37939453125 220.66470336914062
490.1830139160156 263.7001647949219
508.7287292480469 262.7760009765625
528.3550415039062 261.811279296875
548.5859375 260.7496032714844
569.8793334960938 259.7074279785156
592.2030029296875 258.62445068359375
615.4220581054688 257.5179748535156
639.7250366210938 256.36419677734375
665.35791015625 255.2201690673828
692.127197265625 253.9106903076172
720.2114868164062 252.63636779785156
491.99310302734375 289.11138916015625
510.58343505859375 288.6078796386719
530.0552978515625 288.26116943359375
550.3305053710938 287.6967468261719
571.4838256835938 287.3372497558594
593.5443725585938 286.724609375
616.734619140625 286.31982421875
641.0443725585938 285.7294616699219
666.458251953125 285.3357849121094
693.1556396484375 284.6887512207031
721.0032958984375 284.3074645996094
493.8697204589844 314.1314697265625
512.4157104492188 314.2330322265625
531.67919921875 314.3249816894531
551.863037109375 314.41351318359375
572.9991455078125 314.5058898925781
595.02978515625 314.586181640625
618.1893920898438 314.6750793457031
642.3392333984375 314.83038330078125
667.5576782226562 315.06304931640625
694.14501953125 315.28802490234375
721.7809448242188 315.46142578125