1 720 1333
747.1790161132812 272.6048889160156
769.6342163085938 268.8481140136719
791.615478515625 265.2493896484375
813.0958862304688 261.63836669921875
833.9572143554688 258.2087097167969
854.4105834960938 254.75978088378906
874.353759765625 251.46395874023438
893.7056884765625 248.248779296875
912.7706909179688 245.07693481445312
931.3872680664062 241.94956970214844
949.4682006835938 238.90664672851562
748.778076171875 297.386474609375
771.0958862304688 293.3989562988281
792.703857421875 289.4847106933594
813.8755493164062 285.68243408203125
834.585205078125 281.9678039550781
854.7175903320312 278.3546447753906
874.4979858398438 274.7471923828125
893.6834106445312 271.3254699707031
912.5697021484375 267.8712158203125
930.895263671875 264.582275390625
948.8731079101562 261.3487243652344
750.4320068359375 321.6261291503906
772.467529296875 317.4062805175781
793.7782592773438 313.2823486328125
814.7688598632812 309.245361328125
835.2484130859375 305.2779846191406
855.2195434570312 301.4056396484375
874.6171875 297.61285400390625
893.7169799804688 293.9140930175781
912.3875732421875 290.3476257324219
930.5540161132812 286.7509765625
948.3557739257812 283.3426208496094
752.0552978515625 345.3772277832031
773.6795654296875 340.87847900390625
794.9426879882812 336.4975891113281
815.59814453125 332.2736511230469
835.7970581054688 328.0856628417969
855.5391235351562 323.9890441894531
874.8157348632812 319.9920349121094
893.65185546875 316.13311767578125
912.2491455078125 312.2677917480469
930.1810913085938 308.5378112792969
947.6837768554688 304.8372497558594
753.5471801757812 368.5503234863281
775.0778198242188 363.7820739746094
795.896728515625 359.3180847167969
816.4439086914062 354.7528381347656
836.39599609375 350.4033203125
855.884765625 346.1432800292969
874.982177734375 341.87091064453125
893.6578369140625 337.7624206542969
911.8731689453125 333.7369689941406
929.71044921875 329.8134765625
947.165283203125 326.0306091308594
755.1179809570312 391.2348937988281
776.3208618164062 386.31951904296875
796.9255981445312 381.487548828125
817.203125 376.7427062988281
836.94873046875 372.2676086425781
856.2472534179688 367.7265319824219
875.1865234375 363.3831481933594
893.5482788085938 359.07769775390625
911.6613159179688 354.801513671875
929.310791015625 350.7003173828125
946.57275390625 346.6368103027344
756.5147705078125 413.3629455566406
777.4637451171875 408.2279968261719
797.8836669921875 403.2701416015625
817.8421020507812 398.3902282714844
837.4754638671875 393.533203125
856.5191650390625 388.9011535644531
875.2582397460938 384.3364562988281
893.4976806640625 379.8081359863281
911.4044799804688 375.47991943359375
928.8189697265625 371.1881408691406
945.8601684570312 366.9424133300781
757.8383178710938 434.86505126953125
778.6099243164062 429.6441345214844
798.8037719726562 424.4891357421875
818.5885009765625 419.42132568359375
837.8489379882812 414.4931945800781
856.7863159179688 409.56109619140625
875.2894287109375 404.82818603515625
893.4172973632812 400.1673278808594
911.0339965820312 395.58868408203125
928.366943359375 391.1982421875
945.2474975585938 386.69989013671875