1 720 1333
739.4881591796875 432.2380676269531
754.9647216796875 427.47857666015625
770.1226196289062 422.87786865234375
784.7986450195312 418.4679870605469
799.2310180664062 414.1080322265625
813.1663818359375 409.81182861328125
826.772705078125 405.68609619140625
840.15966796875 401.60528564453125
853.1737060546875 397.6671142578125
865.7786865234375 393.7857666015625
878.2501220703125 390.0971984863281
746.3240356445312 449.8688049316406
761.8260498046875 444.9610290527344
776.9874267578125 440.1701965332031
791.7213745117188 435.4459533691406
806.0851440429688 430.7919921875
820.1203002929688 426.3580322265625
833.688232421875 421.95367431640625
847.0677490234375 417.6608581542969
860.1102294921875 413.486572265625
872.7551879882812 409.444580078125
885.149658203125 405.47210693359375
753.311767578125 467.8569641113281
768.7955322265625 462.66107177734375
783.978515625 457.55859375
798.6771850585938 452.611328125
813.1107177734375 447.7419738769531
827.1469116210938 443.0524597167969
840.7228393554688 438.467041015625
854.1033935546875 433.89459228515625
867.1476440429688 429.5159606933594
879.7630615234375 425.2857360839844
892.1742553710938 421.0913391113281
760.3727416992188 486.1266174316406
775.9104614257812 480.6265563964844
791.11572265625 475.2950744628906
805.8012084960938 470.0679016113281
820.2467651367188 464.9278869628906
834.25341796875 459.986572265625
847.8615112304688 455.1777038574219
861.2484130859375 450.40069580078125
874.2944946289062 445.7228698730469
886.8785400390625 441.3030700683594
899.3055419921875 436.8272705078125
767.5364990234375 504.588623046875
783.1358032226562 498.76361083984375
798.318603515625 493.21917724609375
813.0564575195312 487.6710205078125
827.4628295898438 482.3744812011719
841.4423828125 477.1643981933594
855.1384887695312 472.0290832519531
868.4642333984375 467.09063720703125
881.4668579101562 462.25103759765625
894.1557006835938 457.4989013671875
906.462890625 452.88787841796875
774.8302612304688 523.361572265625
790.4520263671875 517.3084716796875
805.5883178710938 511.39166259765625
820.39697265625 505.5914001464844
834.71728515625 500.0840148925781
848.704345703125 494.5537109375
862.4483032226562 489.2266540527344
875.7216796875 484.0189208984375
888.7413940429688 478.8935241699219
901.404296875 473.89892578125
913.7669067382812 469.1437683105469
782.2779541015625 542.3478393554688
797.8424072265625 535.9743041992188
813.0033569335938 529.77294921875
827.7761840820312 523.7484741210938
842.18798828125 517.8746337890625
856.213623046875 512.1994018554688
869.8080444335938 506.5776672363281
883.2107543945312 501.1329345703125
896.144287109375 495.7365417480469
908.7635498046875 490.5980224609375
921.1011962890625 485.5284423828125
789.7913818359375 561.6243896484375
805.42138671875 554.9461059570312
820.5701904296875 548.4946899414062
835.3602905273438 542.2261352539062
849.69091796875 536.0789184570312
863.6583862304688 530.0912475585938
877.3811645507812 524.2144775390625
890.595947265625 518.4929809570312
903.575439453125 512.9196166992188
916.2283325195312 507.45111083984375
928.5418090820312 502.2176208496094