1 720 1333
567.4552612304688 172.97019958496094
586.1305541992188 171.68942260742188
604.7498168945312 170.49307250976562
623.67919921875 169.33758544921875
642.7527465820312 168.0256805419922
661.9667358398438 166.76290893554688
681.3366088867188 165.5730438232422
700.7032470703125 164.40635681152344
720.3927612304688 163.23121643066406
740.0951538085938 161.98106384277344
759.8165893554688 160.7772979736328
568.164794921875 192.0979766845703
586.639404296875 190.8274688720703
605.4894409179688 189.6676483154297
624.3782348632812 188.52853393554688
643.4656372070312 187.41127014160156
662.551025390625 186.27078247070312
681.9248046875 185.13916015625
701.4131469726562 183.90182495117188
720.9659423828125 182.75650024414062
740.6175537109375 181.6247100830078
760.5039672851562 180.56163024902344
568.6958618164062 211.23851013183594
587.3905029296875 210.04701232910156
606.1536254882812 208.87855529785156
625.0441284179688 207.78506469726562
644.0892944335938 206.66961669921875
663.3018798828125 205.58412170410156
682.5302734375 204.53273010253906
702.011962890625 203.4741668701172
721.5717163085938 202.40505981445312
741.3153076171875 201.39120483398438
761.1129150390625 200.3380889892578
569.4083862304688 230.26364135742188
587.964111328125 229.24575805664062
606.716796875 228.1485595703125
625.5982055664062 227.1052703857422
644.6417846679688 226.06964111328125
663.8113403320312 225.0606689453125
683.2517700195312 224.02493286132812
702.5772094726562 223.00865173339844
722.2686157226562 222.03509521484375
741.8189086914062 221.018798828125
761.648193359375 220.0848846435547
570.0848999023438 249.33157348632812
588.5867309570312 248.32049560546875
607.4033203125 247.35804748535156
626.319091796875 246.3694610595703
645.3563232421875 245.39810180664062
664.5075073242188 244.4340057373047
683.7518920898438 243.4873809814453
703.3189697265625 242.51492309570312
722.7621459960938 241.5530548095703
742.5059204101562 240.64053344726562
762.339111328125 239.7222442626953
570.6173706054688 268.37237548828125
589.2979125976562 267.44268798828125
607.9710083007812 266.5111999511719
626.8473510742188 265.582275390625
645.9274291992188 264.6376953125
665.1838989257812 263.7486877441406
684.4794921875 262.8446350097656
703.827392578125 262.0965881347656
723.42724609375 261.2755126953125
743.188720703125 260.3603515625
762.8541870117188 259.5011901855469
571.37109375 287.3910827636719
589.8114624023438 286.51171875
608.616455078125 285.61541748046875
627.4984741210938 284.7674255371094
646.5653076171875 284.01513671875
665.6798095703125 283.2713317871094
685.1342163085938 282.4190979003906
704.4956665039062 281.5492248535156
724.1062622070312 280.7290954589844
743.6793212890625 280.001220703125
763.4837036132812 279.2646789550781
571.9160766601562 306.41546630859375
590.527099609375 305.5951843261719
609.3201904296875 304.7828063964844
628.2243041992188 304.11029052734375
647.2486572265625 303.38055419921875
666.4203491210938 302.5573425292969
685.6672973632812 301.7738952636719
705.19970703125 301.1573486328125
724.618408203125 300.4127502441406
744.3756103515625 299.59600830078125
764.0667114257812 298.84100341796875