1 720 1333
577.3515014648438 105.75816345214844
606.8895263671875 100.53404998779297
636.5706787109375 95.44181060791016
666.2965698242188 90.35518646240234
695.9175415039062 85.27172088623047
725.5516967773438 80.28587341308594
755.2164916992188 75.29903411865234
784.7941284179688 70.31871032714844
814.3898315429688 65.41302490234375
843.8045043945312 60.61175537109375
873.21826171875 55.84916687011719
582.8876953125 136.47084045410156
612.3547973632812 131.35679626464844
641.7642822265625 126.2353515625
671.2682495117188 121.15430450439453
700.7119750976562 116.15135955810547
730.2017822265625 111.1092758178711
759.6089477539062 106.15498352050781
789.1010131835938 101.23500061035156
818.4381103515625 96.30913543701172
847.689208984375 91.51227569580078
876.8877563476562 86.73351287841797
588.4224853515625 166.75894165039062
617.5939331054688 161.63807678222656
646.8450927734375 156.58120727539062
676.1964111328125 151.5480194091797
705.48828125 146.51861572265625
734.69775390625 141.57566833496094
764.0118408203125 136.65573120117188
793.2443237304688 131.72731018066406
822.4652099609375 126.88455200195312
851.521728515625 122.08837890625
880.5791015625 117.30496215820312
593.7804565429688 196.66748046875
622.812744140625 191.60238647460938
651.9190063476562 186.581787109375
681.0745849609375 181.55538940429688
710.1798706054688 176.6389923095703
739.2933349609375 171.71754455566406
768.32373046875 166.80465698242188
797.3886108398438 161.96957397460938
826.3562622070312 157.1332244873047
855.2986450195312 152.31385803222656
884.1453247070312 147.53762817382812
599.232666015625 226.2207794189453
628.0009155273438 221.18505859375
656.9144287109375 216.21751403808594
685.833251953125 211.27565002441406
714.79638671875 206.362060546875
743.6708374023438 201.48199462890625
772.57861328125 196.5890655517578
801.4053955078125 191.7316436767578
830.2592163085938 186.94216918945312
858.8795776367188 182.18646240234375
887.5624389648438 177.3811798095703
604.44091796875 255.4281005859375
633.1659545898438 250.40931701660156
661.85693359375 245.4622039794922
690.6135864257812 240.55747985839844
719.4085083007812 235.67041015625
748.1221313476562 230.8506622314453
776.7443237304688 226.0615234375
805.4119873046875 221.26731872558594
833.97119140625 216.4324188232422
862.4949951171875 211.65769958496094
890.8992919921875 206.8657684326172
609.6436767578125 284.2676696777344
638.1866455078125 279.3097229003906
666.7348022460938 274.3998718261719
695.3614501953125 269.5166320800781
723.8836059570312 264.6880798339844
752.4387817382812 259.8260803222656
780.877197265625 255.10992431640625
809.334716796875 250.3267059326172
837.6503295898438 245.52981567382812
865.9966430664062 240.7772979736328
894.240234375 236.04869079589844
614.8037109375 312.70391845703125
643.1994018554688 307.8338623046875
671.5867309570312 302.9792175292969
699.9838256835938 298.1697998046875
728.41357421875 293.34954833984375
756.6417846679688 288.5506591796875
784.9178466796875 283.72564697265625
813.1904907226562 278.9947814941406
841.3239135742188 274.2606506347656
869.3721313476562 269.49578857421875
897.4095458984375 264.71954345703125