1 720 1333
688.4277954101562 471.8117980957031
706.8707885742188 467.65618896484375
725.2093505859375 463.5185852050781
743.2499389648438 459.4378662109375
761.0245971679688 455.3917236328125
778.6018676757812 451.38861083984375
795.8721923828125 447.403564453125
813.0355224609375 443.4558410644531
829.864013671875 439.5600891113281
846.5794677734375 435.70758056640625
863.023681640625 431.923828125
693.733154296875 489.88348388671875
712.5050659179688 485.5079650878906
731.0112915039062 481.25677490234375
749.26708984375 476.9267883300781
767.2893676757812 472.6978454589844
785.0068359375 468.5627136230469
802.5658569335938 464.4504089355469
819.8258056640625 460.35638427734375
836.9697265625 456.2979431152344
853.774169921875 452.3324890136719
870.48046875 448.38482666015625
699.3307495117188 508.4208984375
718.2901000976562 503.85858154296875
736.974853515625 499.4296875
755.4705200195312 494.98736572265625
773.6600341796875 490.5787658691406
791.6908569335938 486.26025390625
809.4193115234375 481.8754577636719
826.9190673828125 477.669677734375
844.2288818359375 473.460693359375
861.3287963867188 469.3622131347656
878.121826171875 465.27398681640625
705.0463256835938 527.5233764648438
724.2660522460938 522.7525024414062
743.2139282226562 518.1427612304688
761.8450927734375 513.50927734375
780.35791015625 508.92486572265625
798.520751953125 504.43310546875
816.4986572265625 499.93023681640625
834.2260131835938 495.5010681152344
851.7166137695312 491.19903564453125
868.864013671875 486.8138122558594
885.9336547851562 482.5865173339844
710.8655395507812 547.211181640625
730.3819580078125 542.2660522460938
749.5233154296875 537.4083251953125
768.477783203125 532.5905151367188
787.1691284179688 527.8116455078125
805.5848999023438 523.1936645507812
823.7046508789062 518.464599609375
841.6732788085938 513.8995971679688
859.398193359375 509.34307861328125
876.7821044921875 504.81915283203125
894.0003051757812 500.45318603515625
716.93896484375 567.4359741210938
736.6484375 562.3422241210938
756.155517578125 557.3007202148438
775.2952270507812 552.2706298828125
794.2476196289062 547.3219604492188
812.7868041992188 542.4381713867188
831.2731323242188 537.55859375
849.3792724609375 532.7237548828125
867.3045043945312 528.0321655273438
884.9300537109375 523.3876342773438
902.3133544921875 518.7119140625
723.2505493164062 588.3175048828125
743.2404174804688 582.980224609375
762.8104858398438 577.6802368164062
782.3344116210938 572.4933471679688
801.4625244140625 567.3497924804688
820.3526000976562 562.2891235351562
838.9359741210938 557.2471923828125
857.337890625 552.2642822265625
875.43798828125 547.3211669921875
893.2508544921875 542.4483642578125
910.7763671875 537.6287841796875
729.6574096679688 609.830322265625
749.9237670898438 604.3124389648438
769.82177734375 598.7666625976562
789.5739135742188 593.4050903320312
808.9108276367188 588.0201416015625
828.0142822265625 582.6849365234375
846.8538208007812 577.4725341796875
865.4802856445312 572.273193359375
883.7080078125 567.1951904296875
901.7362670898438 562.0780639648438
919.505615234375 557.039794921875