1 720 1333
614.7218017578125 307.4080810546875
632.6322021484375 310.60894775390625
650.59423828125 313.8762512207031
668.6380004882812 317.2167663574219
686.7784423828125 320.4945373535156
705.0150146484375 323.84600830078125
723.267333984375 327.2261657714844
741.5577392578125 330.5645446777344
759.874755859375 333.8853454589844
778.309814453125 337.3330993652344
796.60595703125 340.6638488769531
610.8212280273438 324.59033203125
628.80517578125 327.8654479980469
646.895263671875 331.27105712890625
665.0823974609375 334.5813903808594
683.3677368164062 337.9718933105469
701.6097412109375 341.3808288574219
720.0177001953125 344.72186279296875
738.410888671875 348.1851806640625
756.8497314453125 351.56280517578125
775.3757934570312 354.9962158203125
793.8676147460938 358.477783203125
606.8070678710938 342.0218200683594
624.95068359375 345.4183349609375
643.1407470703125 348.79449462890625
661.4317016601562 352.26641845703125
679.7433471679688 355.64044189453125
698.2498168945312 359.1378479003906
716.6884155273438 362.54315185546875
735.2952270507812 366.0489501953125
753.785888671875 369.4826354980469
772.4568481445312 372.9879455566406
791.1019287109375 376.4612121582031
602.7637939453125 359.72210693359375
620.9904174804688 363.20159912109375
639.3606567382812 366.61920166015625
657.68896484375 370.121826171875
676.2549438476562 373.60723876953125
694.7321166992188 377.1107177734375
713.4171142578125 380.63037109375
731.9929809570312 384.1541748046875
750.7189331054688 387.6183776855469
769.4276123046875 391.2077941894531
788.2266235351562 394.69854736328125
598.6771240234375 377.6148681640625
617.0670776367188 381.15887451171875
635.452392578125 384.6612548828125
653.981689453125 388.2438049316406
672.5545654296875 391.7375183105469
691.2565307617188 395.37176513671875
709.9393920898438 398.8727722167969
728.7252807617188 402.4732360839844
747.5498046875 406.0347595214844
766.4232788085938 409.5973205566406
785.3292846679688 413.22198486328125
594.5947265625 395.7844543457031
613.0111083984375 399.39202880859375
631.5510864257812 402.9327392578125
650.2034912109375 406.5677185058594
668.8952026367188 410.22698974609375
687.6611328125 413.7894287109375
706.50830078125 417.4547119140625
725.413330078125 421.0616760253906
744.3601684570312 424.63006591796875
763.3400268554688 428.3105163574219
782.3309936523438 431.91156005859375
590.42138671875 414.16705322265625
608.9475708007812 417.8123474121094
627.5648193359375 421.4833679199219
646.3502807617188 425.1758728027344
665.1912841796875 428.7901306152344
684.0513916015625 432.5263977050781
703.0084228515625 436.21905517578125
722.0106201171875 439.8245849609375
741.090087890625 443.5447082519531
760.1632690429688 447.2195739746094
779.3179321289062 450.8714294433594
586.1888427734375 432.7194519042969
604.8168334960938 436.4543762207031
623.550537109375 440.19305419921875
642.4427490234375 443.956298828125
661.38330078125 447.6873474121094
680.3944091796875 451.4320068359375
699.4495849609375 455.19329833984375
718.5875854492188 458.8485107421875
737.7060546875 462.6044006347656
756.9317016601562 466.3868713378906
776.2283325195312 470.08306884765625