1 720 1333
671.7646484375 411.5008239746094
689.5374755859375 413.4653625488281
707.096923828125 415.4180603027344
724.4334106445312 417.34368896484375
741.5692749023438 419.2209167480469
758.5145263671875 421.0574951171875
775.3524780273438 422.773193359375
791.932373046875 424.6414489746094
808.45556640625 426.40081787109375
824.6492919921875 428.1776123046875
840.7463989257812 429.8225402832031
671.3019409179688 428.5019836425781
689.2529907226562 430.4327392578125
706.9137573242188 432.30792236328125
724.492919921875 434.1170349121094
741.8267822265625 435.9164733886719
759.1080932617188 437.67730712890625
776.0900268554688 439.4749450683594
792.8583374023438 441.2419128417969
809.5457763671875 442.833984375
825.9935913085938 444.55694580078125
842.31494140625 446.2707214355469
670.6627197265625 445.8448181152344
688.806396484375 447.7003173828125
706.7810668945312 449.53118896484375
724.5724487304688 451.3708190917969
742.2662353515625 453.0909729003906
759.6028442382812 454.7738952636719
776.75927734375 456.4885559082031
793.809814453125 458.1856384277344
810.669921875 459.72784423828125
827.3758544921875 461.4100646972656
843.827392578125 463.07086181640625
670.2091064453125 463.73675537109375
688.5172729492188 465.52557373046875
706.6566772460938 467.3258361816406
724.6649780273438 468.95465087890625
742.528076171875 470.6444091796875
760.2079467773438 472.36279296875
777.5857543945312 473.9384460449219
794.7706298828125 475.520751953125
811.8457641601562 477.1419372558594
828.7218627929688 478.6498718261719
845.4401245117188 480.258056640625
669.5137939453125 482.0687561035156
688.2575073242188 483.7103576660156
706.5604248046875 485.44281005859375
724.797119140625 487.1212158203125
742.818359375 488.6414489746094
760.6488037109375 490.3240661621094
778.3986206054688 491.7660217285156
795.7529296875 493.38824462890625
813.1504516601562 494.814697265625
830.2167358398438 496.4001770019531
847.1021118164062 497.8230895996094
668.9261474609375 500.784423828125
687.7294311523438 502.460205078125
706.5034790039062 504.1078186035156
724.9581298828125 505.5926208496094
743.2994995117188 507.236328125
761.3009033203125 508.6567687988281
779.200927734375 510.2344055175781
796.8167114257812 511.60357666015625
814.3693237304688 513.1095581054688
831.5992431640625 514.5153198242188
848.6868286132812 515.8971557617188
668.35009765625 520.1478881835938
687.480224609375 521.615478515625
706.4047241210938 523.2224731445312
725.1444091796875 524.6443481445312
743.56298828125 526.193603515625
761.8031005859375 527.5537109375
779.9234008789062 528.989013671875
797.7931518554688 530.4119873046875
815.5841674804688 531.6852416992188
833.131591796875 533.1560668945312
850.4169921875 534.4678955078125
667.6873779296875 539.8253784179688
687.1602783203125 541.387451171875
706.3175048828125 542.7308349609375
725.2906494140625 544.324951171875
743.9324951171875 545.5934448242188
762.4798583984375 546.9514770507812
780.760498046875 548.3449096679688
798.9495849609375 549.591064453125
816.847412109375 550.8836059570312
834.5706787109375 552.3040771484375
852.1591796875 553.4868774414062