1 720 1333
514.2952270507812 320.6796569824219
529.6427612304688 322.9107971191406
545.6599731445312 325.2223205566406
562.5458984375 327.5577087402344
580.1255493164062 330.0567321777344
598.507568359375 332.59344482421875
617.6875610351562 335.3704833984375
637.9129028320312 338.1619873046875
659.1068725585938 341.17291259765625
681.3671264648438 344.2548828125
704.5811157226562 347.5084533691406
517.6005859375 342.02752685546875
532.8133544921875 344.5624694824219
548.7432250976562 347.2999572753906
565.4464721679688 350.1214294433594
582.8150634765625 353.0549621582031
601.1233520507812 356.16815185546875
620.1851806640625 359.2942810058594
640.2061157226562 362.68914794921875
661.0244140625 366.23382568359375
683.003662109375 369.8364562988281
705.9880981445312 373.68670654296875
520.809814453125 362.6734619140625
535.9663696289062 365.7027282714844
551.8184204101562 368.8266296386719
568.33203125 372.10406494140625
585.6048583984375 375.49395751953125
603.5872802734375 379.00946044921875
622.5260620117188 382.7178039550781
642.2819213867188 386.5979919433594
662.8460083007812 390.60211181640625
684.5732421875 394.75146484375
707.363037109375 399.2008056640625
523.9666748046875 383.093017578125
539.1133422851562 386.4518127441406
554.7161865234375 389.9570007324219
571.2257690429688 393.60479736328125
588.2369384765625 397.42584228515625
606.1723022460938 401.44244384765625
624.7180786132812 405.525390625
644.38720703125 409.87921142578125
664.6756591796875 414.4157409667969
686.1879272460938 419.06036376953125
708.5244140625 423.90716552734375
527.1708374023438 402.8742370605469
542.0723266601562 406.6482849121094
557.6752319335938 410.577392578125
573.8700561523438 414.5997009277344
590.8309326171875 418.81488037109375
608.484619140625 423.2479553222656
627.03662109375 427.76947021484375
646.3379516601562 432.51275634765625
666.5045166015625 437.4604187011719
687.6112060546875 442.57568359375
709.7254028320312 447.9030456542969
530.1871948242188 422.3822326660156
545.0471801757812 426.4649963378906
560.4983520507812 430.66534423828125
576.5826416015625 435.1418151855469
593.38037109375 439.66064453125
610.8797607421875 444.4596862792969
629.2244873046875 449.409912109375
648.333740234375 454.53765869140625
668.2808837890625 459.8960266113281
689.1694946289062 465.4443054199219
710.8515625 471.2196044921875
533.215576171875 441.37042236328125
547.9016723632812 445.7496337890625
563.2787475585938 450.3760986328125
579.248291015625 455.0907897949219
595.8361206054688 459.9815673828125
613.2537841796875 465.125
631.3976440429688 470.420166015625
650.287353515625 475.8963623046875
669.9501342773438 481.6780090332031
690.5269775390625 487.5975646972656
712.1406860351562 493.76422119140625
536.1168823242188 459.86749267578125
550.6863403320312 464.6238098144531
565.916015625 469.4993896484375
581.7703247070312 474.5580749511719
598.3468627929688 479.76385498046875
615.4952392578125 485.2656555175781
633.426513671875 490.87139892578125
652.2088623046875 496.71221923828125
671.6298217773438 502.8041076660156
692.0055541992188 509.16107177734375
713.3018188476562 515.6549682617188