1 720 1333
606.770263671875 300.5354919433594
630.8926391601562 298.8616027832031
655.3372802734375 297.3432312011719
679.9845581054688 295.5888671875
704.8408203125 293.9957275390625
730.0714721679688 292.3844909667969
755.4345092773438 290.6656188964844
781.0034790039062 289.0763244628906
806.7531127929688 287.42462158203125
832.7657470703125 285.6587219238281
859.0546875 284.00799560546875
609.7161865234375 324.35870361328125
633.51708984375 322.77227783203125
657.6483154296875 321.3889465332031
682.1027221679688 319.77764892578125
706.7123413085938 318.3718566894531
731.6084594726562 316.7561950683594
756.643798828125 315.343505859375
781.9164428710938 313.7132873535156
807.4816284179688 312.3133850097656
833.173828125 310.6526794433594
859.1238403320312 309.1697692871094
612.5193481445312 347.5112609863281
636.1864013671875 346.2590637207031
659.9847412109375 344.7923583984375
684.1852416992188 343.4864196777344
708.5299682617188 342.1817932128906
733.195068359375 340.7033996582031
757.848876953125 339.3897399902344
782.915771484375 337.93426513671875
808.1478271484375 336.5348205566406
833.5146484375 335.1542053222656
859.1337890625 333.64141845703125
615.3758544921875 370.3367004394531
638.6273803710938 369.1150817871094
662.3287963867188 367.7464294433594
686.1904296875 366.6021728515625
710.3143920898438 365.4566345214844
734.5453491210938 364.2091979980469
759.1544799804688 362.89691162109375
783.6923828125 361.591064453125
808.6624145507812 360.3746643066406
833.741943359375 359.0008239746094
859.1492919921875 357.6042785644531
618.055908203125 392.4730224609375
641.186279296875 391.44744873046875
664.4940185546875 390.3809509277344
688.1279907226562 389.28948974609375
711.922607421875 388.2530212402344
735.9649047851562 387.0755920410156
760.2896118164062 385.7997131347656
784.6346435546875 384.6623229980469
809.2755126953125 383.54766845703125
834.1017456054688 382.3631591796875
859.1099853515625 381.1328125
620.6781005859375 414.2622985839844
643.5730590820312 413.3209228515625
666.6265258789062 412.3837585449219
690.0015258789062 411.4170227050781
713.5667724609375 410.3894958496094
737.3780517578125 409.37713623046875
761.3244018554688 408.385498046875
785.4635620117188 407.2568359375
809.6998291015625 406.2708435058594
834.346435546875 405.13623046875
859.0492553710938 403.88092041015625
623.3936157226562 435.4447326660156
645.8932495117188 434.5750427246094
668.740478515625 433.7115173339844
691.7855834960938 432.8872375488281
715.21484375 432.0958557128906
738.5891723632812 431.1512756347656
762.40625 430.23675537109375
786.260498046875 429.2792663574219
810.3344116210938 428.33905029296875
834.4877319335938 427.2879638671875
858.95263671875 426.30987548828125
625.8551635742188 456.2240905761719
648.3091430664062 455.5008239746094
670.8031616210938 454.70794677734375
693.630126953125 454.0333557128906
716.6409301757812 453.28265380859375
739.8726196289062 452.40899658203125
763.340087890625 451.53668212890625
786.925537109375 450.65533447265625
810.6631469726562 449.71380615234375
834.638427734375 448.8489074707031
858.8009033203125 447.9390563964844