1 720 1333
458.3688049316406 43.63374328613281
471.25091552734375 52.83744812011719
484.4608459472656 62.442054748535156
497.8350830078125 72.06982421875
511.5591735839844 81.9313735961914
525.5083618164062 91.98148345947266
539.6882934570312 102.26557922363281
554.1973266601562 112.66153717041016
568.8427734375 123.37358093261719
583.8641967773438 134.22128295898438
599.2064819335938 145.29368591308594
453.8169860839844 62.61110305786133
466.5699462890625 72.01618194580078
479.4902038574219 81.47773742675781
492.65570068359375 91.2336654663086
506.11260986328125 101.09840393066406
519.7267456054688 111.16867065429688
533.6060791015625 121.35893249511719
547.7611694335938 131.7769775390625
562.2066650390625 142.4715118408203
576.821533203125 153.27243041992188
591.754150390625 164.30209350585938
449.57183837890625 81.17906188964844
462.0141906738281 90.4847412109375
474.7020568847656 100.00796508789062
487.6092224121094 109.64800262451172
500.7563781738281 119.57328033447266
514.2091674804688 129.60137939453125
527.773681640625 139.80926513671875
541.5975341796875 150.2653350830078
555.6709594726562 160.8324737548828
570.0851440429688 171.6365966796875
584.6338500976562 182.5851287841797
445.3966064453125 99.03533172607422
457.66131591796875 108.44019317626953
470.1025695800781 117.88452911376953
482.7441711425781 127.5892562866211
495.62310791015625 137.48829650878906
508.70147705078125 147.5028076171875
522.1314697265625 157.70118713378906
535.6353759765625 168.1210479736328
549.43701171875 178.6926727294922
563.4959716796875 189.4281005859375
577.7249755859375 200.34829711914062
441.4178161621094 116.43900299072266
453.40228271484375 125.74433898925781
465.5959167480469 135.30908203125
478.103515625 144.9772491455078
490.69158935546875 154.7748565673828
503.52239990234375 164.7807159423828
516.5838012695312 174.98394775390625
529.8631591796875 185.39663696289062
543.40576171875 195.9140625
557.1962890625 206.59642028808594
571.1669921875 217.47695922851562
437.5027770996094 133.31857299804688
449.3350524902344 142.6219024658203
461.3135681152344 152.16831970214844
473.4991149902344 161.7667694091797
485.8792419433594 171.59555053710938
498.5168762207031 181.5851593017578
511.3617858886719 191.764404296875
524.37646484375 202.11639404296875
537.5538330078125 212.56207275390625
551.03662109375 223.22738647460938
564.69580078125 234.0470428466797
433.7010192871094 149.60780334472656
445.3619079589844 158.97059631347656
457.1528015136719 168.45538330078125
469.1396484375 178.12242126464844
481.3206787109375 187.8721466064453
493.6126708984375 197.81283569335938
506.23907470703125 207.93963623046875
518.9924926757812 218.29771423339844
531.9479370117188 228.63438415527344
545.2222900390625 239.32298278808594
558.5394287109375 250.04400634765625
430.07061767578125 165.5016632080078
441.4494934082031 174.77987670898438
453.0440673828125 184.31626892089844
464.78466796875 193.85177612304688
476.7551574707031 203.65504455566406
488.9049072265625 213.5516815185547
501.34259033203125 223.65512084960938
513.785400390625 233.8021240234375
526.5924072265625 244.3208465576172
539.4957275390625 254.75103759765625
552.6607055664062 265.51812744140625