1 720 1333
565.2735595703125 228.31666564941406
571.314697265625 209.1684112548828
577.398681640625 190.16757202148438
583.4110717773438 171.23658752441406
589.4061889648438 152.42864990234375
595.3920288085938 133.73342895507812
601.2933349609375 115.2533950805664
607.1988525390625 96.72142028808594
613.013671875 78.40743255615234
618.7664184570312 60.261051177978516
624.5943603515625 42.248687744140625
584.7505493164062 235.00140380859375
590.7922973632812 215.99436950683594
596.725341796875 197.0708770751953
602.6888427734375 178.29421997070312
608.605712890625 159.55113220214844
614.5052490234375 141.021240234375
620.3441772460938 122.52962493896484
626.1455688476562 104.1998291015625
631.853515625 85.88203430175781
637.605224609375 67.78042602539062
643.318115234375 49.83682632446289
604.19970703125 241.64540100097656
610.0659790039062 222.70216369628906
615.9392700195312 203.88088989257812
621.7708129882812 185.22203063964844
627.6231079101562 166.61720275878906
633.4039306640625 148.1883544921875
639.2161254882812 129.77915954589844
644.8394165039062 111.50556945800781
650.5216674804688 93.3756103515625
656.1932373046875 75.3717041015625
661.7289428710938 57.44926452636719
623.2886962890625 248.2874298095703
629.1497192382812 229.44076538085938
634.8656616210938 210.6749267578125
640.654296875 192.1317138671875
646.4249267578125 173.60423278808594
652.1324462890625 155.28367614746094
657.726318359375 136.946533203125
663.40185546875 118.76021575927734
669.00048828125 100.6809310913086
674.5298461914062 82.75155639648438
680.0648193359375 64.95976257324219
642.259765625 254.76756286621094
647.90869140625 236.02957153320312
653.6340942382812 217.43731689453125
659.3452758789062 198.87620544433594
664.9645385742188 180.5186004638672
670.5655517578125 162.23532104492188
676.2028198242188 144.09091186523438
681.6587524414062 125.9355697631836
687.251708984375 107.979736328125
692.6325073242188 90.16650390625
698.0968017578125 72.46255493164062
660.8657836914062 261.2477111816406
666.5714111328125 242.57455444335938
672.212158203125 224.0793914794922
677.7515869140625 205.63900756835938
683.3314819335938 187.3674774169922
688.81201171875 169.2034149169922
694.3274536132812 151.11651611328125
699.7431030273438 133.13612365722656
705.2005004882812 115.233642578125
710.5640869140625 97.48429107666016
715.8606567382812 79.79513549804688
679.4160766601562 267.58660888671875
684.951171875 249.061279296875
690.5087890625 230.6241912841797
695.953125 212.34461975097656
701.4465942382812 194.16397094726562
706.8245239257812 176.02752685546875
712.2903442382812 158.09571838378906
717.5878295898438 140.16354370117188
722.9295654296875 122.38089752197266
728.2847900390625 104.67086791992188
733.4833374023438 87.17615509033203
697.6456909179688 273.89776611328125
703.179443359375 255.48594665527344
708.5506591796875 237.17098999023438
713.9988403320312 218.908203125
719.3541259765625 200.8043212890625
724.6595458984375 182.80459594726562
729.9619750976562 164.90196228027344
735.2814331054688 147.20855712890625
740.4804077148438 129.46153259277344
745.6447143554688 111.8196792602539
750.7913208007812 94.4121322631836