1 720 1333
530.1093139648438 239.3485870361328
557.3076171875 223.23565673828125
583.0377197265625 207.98399353027344
607.4352416992188 193.5805206298828
630.5859375 179.99130249023438
652.5439453125 167.1267547607422
673.4310913085938 154.84336853027344
693.3684692382812 143.2731170654297
712.3011474609375 132.18556213378906
730.3087158203125 121.64264678955078
747.4938354492188 111.66400146484375
552.93408203125 267.09967041015625
579.5211181640625 250.2017822265625
604.6744995117188 234.24298095703125
628.5519409179688 219.14065551757812
651.2293090820312 204.8000946044922
672.6475830078125 191.35671997070312
693.1101684570312 178.49391174316406
712.482421875 166.33816528320312
730.9863891601562 154.64561462402344
748.5472412109375 143.65150451660156
765.3712768554688 133.1881866455078
575.8113403320312 294.8625183105469
601.7654418945312 277.1884765625
626.4404296875 260.4585876464844
649.72607421875 244.61700439453125
671.8489990234375 229.6691131591797
692.8064575195312 215.56430053710938
712.7352905273438 202.1691131591797
731.6767578125 189.39285278320312
749.7142944335938 177.2301025390625
766.8670043945312 165.64144897460938
783.2521362304688 154.63406372070312
598.8446655273438 322.7353820800781
624.2567138671875 304.2790222167969
648.3018798828125 286.7379455566406
671.0390014648438 270.30474853515625
692.6336669921875 254.6248779296875
713.0576171875 239.86190795898438
732.4581909179688 225.80593872070312
750.8975830078125 212.5017852783203
768.522216796875 199.71087646484375
785.206298828125 187.67970275878906
801.170654296875 176.23681640625
621.9111938476562 350.66021728515625
646.6869506835938 331.43072509765625
670.1862182617188 313.2367248535156
692.3917236328125 295.9246826171875
713.388916015625 279.6247863769531
733.3370361328125 264.27081298828125
752.1724853515625 249.57395935058594
770.20556640625 235.6020050048828
787.281005859375 222.39073181152344
803.508056640625 209.75047302246094
818.9541625976562 197.73948669433594
645.1664428710938 378.6393127441406
669.2684326171875 358.6313171386719
692.0955810546875 339.6103210449219
713.6414184570312 321.69671630859375
734.1842041015625 304.6867370605469
753.4591064453125 288.61676025390625
771.86376953125 273.380859375
789.3484497070312 258.85430908203125
806.0015869140625 245.0319366455078
821.7208862304688 231.8909149169922
836.8536987304688 219.39642333984375
668.278564453125 406.52679443359375
691.7074584960938 385.7344970703125
713.9461059570312 366.11175537109375
734.9694213867188 347.44482421875
754.7775268554688 329.7517395019531
773.6209106445312 313.0889892578125
791.4762573242188 297.2397155761719
808.4703979492188 282.0949401855469
824.5786743164062 267.7115173339844
839.9744262695312 254.07960510253906
854.584716796875 241.00003051757812
691.3732299804688 434.41265869140625
714.2713623046875 412.7731018066406
735.7333984375 392.4407653808594
756.2007446289062 373.13037109375
775.4820556640625 354.80377197265625
793.6585693359375 337.4460754394531
810.9951782226562 320.9817810058594
827.4874267578125 305.3667907714844
843.1945190429688 290.4068603515625
858.0491943359375 276.272216796875
872.3148193359375 262.6787109375