1 720 1333
358.56903076171875 102.67162322998047
369.42694091796875 105.35828399658203
380.5148010253906 108.10742950439453
391.9696044921875 110.854736328125
403.7117004394531 113.7901611328125
415.7767639160156 116.7951889038086
428.21429443359375 119.9250259399414
440.9703674316406 123.16219329833984
454.0732421875 126.40103912353516
467.6189880371094 129.77340698242188
481.5804748535156 133.3350372314453
350.70648193359375 118.13931274414062
361.52294921875 120.98676300048828
372.5468444824219 123.93232727050781
383.84912109375 126.9520492553711
395.5690002441406 130.18405151367188
407.52288818359375 133.38734436035156
419.92669677734375 136.66510009765625
432.5088195800781 140.15016174316406
445.6017150878906 143.6089324951172
459.0459289550781 147.32423400878906
472.88818359375 151.1222686767578
342.9172668457031 133.5885467529297
353.5577087402344 136.67599487304688
364.5203552246094 139.8373565673828
375.7592468261719 143.20413208007812
387.3799133300781 146.49534606933594
399.3404846191406 150.02342224121094
411.51678466796875 153.5377655029297
424.1758728027344 157.25022888183594
437.0709228515625 160.95785522460938
450.501953125 164.90338134765625
464.2274169921875 168.93173217773438
334.9963684082031 149.30252075195312
345.5945129394531 152.4730987548828
356.522216796875 155.9500274658203
367.5981750488281 159.3600616455078
379.2568359375 163.07760620117188
390.9260559082031 166.63424682617188
403.25115966796875 170.52349853515625
415.5799255371094 174.4092559814453
428.5375061035156 178.4451141357422
441.75 182.59378051757812
455.51123046875 186.88235473632812
327.17529296875 164.80406188964844
337.5850830078125 168.4042205810547
348.4621887207031 171.8660430908203
359.5382385253906 175.7274627685547
370.9141540527344 179.49063110351562
382.66455078125 183.4835205078125
394.71417236328125 187.46983337402344
407.2229919433594 191.68556213378906
419.880126953125 195.9208526611328
433.16455078125 200.41415405273438
446.65277099609375 204.9489288330078
319.21551513671875 180.60972595214844
329.596435546875 184.27908325195312
340.3177795410156 188.22421264648438
351.3833312988281 192.03761291503906
362.64227294921875 196.17385864257812
374.3306579589844 200.3191375732422
386.3400573730469 204.63735961914062
398.5757751464844 208.99322509765625
411.35687255859375 213.57330322265625
424.42437744140625 218.29629516601562
437.8825988769531 223.14048767089844
311.2893981933594 196.378173828125
321.5157775878906 200.35491943359375
332.281982421875 204.34034729003906
343.1404724121094 208.56973266601562
354.48968505859375 212.76275634765625
365.8623046875 217.26194763183594
377.92205810546875 221.7324981689453
390.0839538574219 226.44912719726562
402.7011413574219 231.3168487548828
415.6658630371094 236.2862091064453
429.1387939453125 241.43695068359375
303.2440490722656 212.2919921875
313.5089111328125 216.3743896484375
324.0717468261719 220.6651611328125
334.9446716308594 225.055908203125
346.0618896484375 229.6139678955078
357.57733154296875 234.27359008789062
369.4031066894531 239.1106719970703
381.6219482421875 244.02162170410156
394.13531494140625 249.15267944335938
407.1004943847656 254.39462280273438
420.38836669921875 259.7419128417969