1 720 1333
402.494384765625 25.65489959716797
423.3161315917969 37.533687591552734
444.01776123046875 49.368934631347656
464.738525390625 61.157596588134766
485.4435729980469 72.94503021240234
505.9914245605469 84.67910766601562
526.5076293945312 96.49378204345703
546.8577880859375 108.26106262207031
567.2706298828125 119.9153823852539
587.4263305664062 131.54551696777344
607.5343627929688 143.2126922607422
393.681396484375 48.01612854003906
414.3653869628906 59.65522384643555
434.8845520019531 71.34346771240234
455.4753112792969 83.03447723388672
475.9814758300781 94.61166381835938
496.3852233886719 106.3458023071289
516.6668701171875 117.87898254394531
536.9614868164062 129.4509735107422
557.1163940429688 141.01292419433594
577.1681518554688 152.46292114257812
597.1077880859375 163.84742736816406
385.1803894042969 69.88201141357422
405.5343933105469 81.4388198852539
426.00079345703125 92.97178649902344
446.3904113769531 104.45346069335938
466.6920166015625 116.02178192138672
486.9239501953125 127.47745513916016
507.1651611328125 138.8895263671875
527.2172241210938 150.34841918945312
547.227294921875 161.65965270996094
567.10986328125 173.01719665527344
586.8045043945312 184.26254272460938
376.62432861328125 91.49711608886719
397.02178955078125 102.82369232177734
417.25 114.26239013671875
437.47149658203125 125.63151550292969
457.59393310546875 136.93727111816406
477.6718444824219 148.3289794921875
497.68145751953125 159.58502197265625
517.5973510742188 170.7999725341797
537.4297485351562 182.05152893066406
557.1947631835938 193.1933135986328
576.7171020507812 204.25357055664062
368.4747619628906 112.66211700439453
388.5566101074219 123.88776397705078
408.63385009765625 135.1464080810547
428.6712951660156 146.39141845703125
448.687744140625 157.56895446777344
468.62408447265625 168.7448272705078
488.4820861816406 179.86276245117188
508.2743835449219 190.96157836914062
527.8584594726562 201.99766540527344
547.4542846679688 212.9856414794922
566.8726196289062 223.83892822265625
360.3919982910156 133.49769592285156
380.3596496582031 144.54342651367188
400.2960205078125 155.6436004638672
420.2222595214844 166.7556610107422
440.01739501953125 177.81524658203125
459.73626708984375 188.82394409179688
479.45025634765625 199.80877685546875
499.0467834472656 210.7394561767578
518.4944458007812 221.614013671875
537.8882446289062 232.45779418945312
557.2327880859375 243.2490234375
352.48004150390625 153.8981170654297
372.31298828125 164.88320922851562
392.09173583984375 175.8629608154297
411.7537536621094 186.74124145507812
431.49200439453125 197.69717407226562
451.081787109375 208.57235717773438
470.58209228515625 219.41549682617188
490.0003356933594 230.23312377929688
509.3812255859375 240.89053344726562
528.59814453125 251.5582733154297
547.6966552734375 262.1867980957031
344.69073486328125 174.0005340576172
364.4140319824219 184.82257080078125
384.0319519042969 195.64401245117188
403.5755920410156 206.45762634277344
423.157470703125 217.2761993408203
442.55621337890625 227.9114990234375
461.91595458984375 238.60244750976562
481.20733642578125 249.2860107421875
500.41998291015625 259.820068359375
519.4714965820312 270.3418273925781
538.4882202148438 280.7774353027344