1 720 1333
516.0267944335938 61.17241668701172
537.5907592773438 73.71289825439453
558.3292846679688 85.78902435302734
578.2202758789062 97.48609161376953
597.3104248046875 108.70281982421875
615.6217651367188 119.52494812011719
633.34326171875 129.8883514404297
650.3668823242188 139.92430114746094
666.6630249023438 149.53720092773438
682.52197265625 158.97894287109375
697.5999755859375 167.83612060546875
512.5634155273438 79.4518051147461
534.5458984375 91.78901672363281
555.601806640625 103.71424865722656
575.822265625 115.22810363769531
595.327880859375 126.30499267578125
613.9732055664062 136.85752868652344
631.8580322265625 147.0897216796875
649.1988525390625 156.77796936035156
665.7630615234375 166.38121032714844
681.686279296875 175.42662048339844
697.2758178710938 184.3211669921875
509.0504150390625 98.34927368164062
531.4652709960938 110.50006866455078
552.86279296875 122.22675323486328
573.5121459960938 133.4802703857422
593.3079223632812 144.31161499023438
612.3008422851562 154.6776123046875
630.4505004882812 164.5805206298828
648.0450439453125 174.2745819091797
664.802978515625 183.38134765625
681.1124877929688 192.413330078125
696.61279296875 200.90750122070312
505.4912109375 117.78868865966797
528.3139038085938 129.72970581054688
550.1843872070312 141.29640197753906
571.1121215820312 152.29696655273438
591.27099609375 162.80552673339844
610.4528198242188 172.93052673339844
628.9911499023438 182.69842529296875
646.7023315429688 192.00381469726562
663.9146118164062 201.13088989257812
680.4061889648438 209.72726440429688
696.2319946289062 218.21270751953125
501.7455139160156 137.91897583007812
525.07275390625 149.60440063476562
547.3088989257812 160.82162475585938
568.629638671875 171.59658813476562
589.1104736328125 181.89295959472656
608.6178588867188 191.7722930908203
627.4550170898438 201.2513885498047
645.5584106445312 210.4188995361328
662.9387817382812 219.12680053710938
679.5948486328125 227.64462280273438
695.6044311523438 235.7554473876953
498.03057861328125 158.71359252929688
521.6344604492188 170.16671752929688
544.4013671875 181.11204528808594
566.1057739257812 191.55287170410156
586.8309936523438 201.5462188720703
606.7105102539062 211.1837615966797
625.8783569335938 220.4090576171875
644.3099975585938 229.21768188476562
661.9381103515625 237.75808715820312
678.800537109375 245.93798828125
695.19921875 253.898681640625
494.0917053222656 180.2022705078125
518.3187866210938 191.35711669921875
541.385009765625 201.89682006835938
563.4708862304688 212.11557006835938
584.58251953125 221.74346923828125
604.7775268554688 231.13778686523438
624.3165283203125 240.03146362304688
642.9307250976562 248.64007568359375
660.7949829101562 256.8604431152344
678.0193481445312 264.8050842285156
694.5321655273438 272.5181579589844
490.10125732421875 202.39317321777344
514.7000122070312 213.1564483642578
538.3280029296875 223.44664001464844
560.7156372070312 233.25389099121094
582.3673095703125 242.67831420898438
602.813720703125 251.6356201171875
622.6002197265625 260.366943359375
641.5386352539062 268.5753173828125
659.67578125 276.5682067871094
677.1941528320312 284.3165283203125
693.7966918945312 291.63665771484375