1 720 1333
600.158203125 229.79055786132812
615.3854370117188 225.16575622558594
630.1631469726562 220.55947875976562
644.5264892578125 216.22552490234375
658.4740600585938 211.92013549804688
672.10693359375 207.76763916015625
685.3311767578125 203.76951599121094
698.192138671875 199.84219360351562
710.6959838867188 196.1023406982422
722.8603515625 192.39866638183594
734.6862182617188 188.77993774414062
604.431884765625 247.6260528564453
619.4495239257812 242.73863220214844
634.0231323242188 238.03184509277344
648.297119140625 233.43551635742188
662.09033203125 228.92242431640625
675.4586181640625 224.63414001464844
688.5548706054688 220.4134063720703
701.3111572265625 216.35601806640625
713.6897583007812 212.36215209960938
725.6849975585938 208.48092651367188
737.4481201171875 204.71255493164062
608.6275634765625 265.18572998046875
623.49755859375 260.1014404296875
637.8619995117188 255.16529846191406
651.929931640625 250.37384033203125
665.5564575195312 245.68222045898438
678.8595581054688 241.21136474609375
691.712158203125 236.79290771484375
704.3908081054688 232.5224609375
716.617431640625 228.38446044921875
728.5385131835938 224.32643127441406
740.156005859375 220.4090118408203
612.7896118164062 282.4049377441406
627.4620971679688 277.15863037109375
641.6618041992188 271.986083984375
655.5386352539062 267.03790283203125
669.1097412109375 262.1952209472656
682.1791381835938 257.5139465332031
694.935791015625 252.8754119873047
707.4066772460938 248.48068237304688
719.5476684570312 244.17413330078125
731.313232421875 239.89541625976562
742.70947265625 235.81246948242188
616.8856811523438 299.3416748046875
631.3805541992188 293.8218078613281
645.4192504882812 288.5436706542969
659.1917114257812 283.3976135253906
672.46630859375 278.3633117675781
685.4706420898438 273.5028991699219
698.056396484375 268.7535705566406
710.4138793945312 264.1510009765625
722.3548583984375 259.63763427734375
734.0040283203125 255.30587768554688
745.35009765625 251.0738983154297
620.9237060546875 315.9318542480469
635.2492065429688 310.32940673828125
649.1688232421875 304.79840087890625
662.6146850585938 299.5182800292969
675.8253173828125 294.33624267578125
688.6228637695312 289.2966003417969
701.1802368164062 284.361328125
713.308349609375 279.58990478515625
725.1932983398438 274.8898620605469
736.6153564453125 270.42108154296875
747.8659057617188 265.9675598144531
624.89599609375 332.3341064453125
639.032470703125 326.47698974609375
652.716064453125 320.7988586425781
666.1747436523438 315.3692932128906
679.146728515625 309.9994812011719
691.777099609375 304.74176025390625
704.1239624023438 299.6978759765625
716.196533203125 294.74951171875
727.7786254882812 290.0214538574219
739.298828125 285.3173522949219
750.358154296875 280.71282958984375
628.7952880859375 348.34521484375
642.7578735351562 342.37054443359375
656.35107421875 336.5478210449219
669.5137329101562 330.86181640625
682.4147338867188 325.42742919921875
694.8794555664062 320.0494079589844
707.0643310546875 314.76666259765625
718.94091796875 309.6886901855469
730.5252685546875 304.710693359375
741.722412109375 300.0086975097656
752.7547607421875 295.2707214355469