1 720 1333
270.92449951171875 320.841552734375
294.5193176269531 319.1136779785156
317.9541320800781 317.29498291015625
341.44378662109375 315.4493103027344
364.7011413574219 313.5704345703125
387.9248962402344 311.7793884277344
410.9857482910156 310.07550048828125
433.9219970703125 308.3395690917969
456.66607666015625 306.5598449707031
479.3854675292969 304.76373291015625
501.7752990722656 303.14837646484375
276.5220031738281 342.61138916015625
299.7024230957031 340.72564697265625
322.9561462402344 338.8635559082031
346.1220397949219 337.0776062011719
369.1907653808594 335.2645263671875
392.00933837890625 333.4141540527344
414.8254089355469 331.5439758300781
437.47125244140625 329.7091369628906
460.021728515625 327.9621276855469
482.4119873046875 326.2249755859375
504.59906005859375 324.4369201660156
281.840087890625 363.83013916015625
304.8879699707031 361.9706115722656
327.7662353515625 360.1120910644531
350.6752624511719 358.2712707519531
373.4341735839844 356.364013671875
396.13189697265625 354.4471435546875
418.6004638671875 352.58673095703125
441.0268249511719 350.7066345214844
463.2735900878906 348.8699951171875
485.3996887207031 347.14300537109375
507.32049560546875 345.31573486328125
287.30615234375 384.65924072265625
309.8887023925781 382.6817321777344
332.61968994140625 380.7879638671875
355.2069091796875 378.8588562011719
377.6699523925781 376.9743957519531
400.0351257324219 375.13104248046875
422.34747314453125 373.27703857421875
444.4634094238281 371.3405456542969
466.4598083496094 369.4696960449219
488.31243896484375 367.5372314453125
509.95806884765625 365.6361083984375
292.43017578125 404.9655456542969
314.8837890625 403.1054382324219
337.32318115234375 401.1352233886719
359.6090393066406 399.1934814453125
381.831787109375 397.246337890625
403.92425537109375 395.28363037109375
425.9486999511719 393.34454345703125
447.8157043457031 391.423828125
469.553955078125 389.4743957519531
491.194091796875 387.5619201660156
512.6048583984375 385.6087341308594
297.5666809082031 424.85321044921875
319.7101135253906 422.8424072265625
341.9024658203125 420.88671875
363.9913024902344 418.8981628417969
385.9173278808594 416.862060546875
407.7716979980469 414.9440002441406
429.5390319824219 412.9925231933594
451.2007141113281 411.0305480957031
472.6201171875 409.1302795410156
494.0621032714844 407.16278076171875
515.2314453125 405.2299499511719
302.6224060058594 444.3191223144531
324.5380859375 442.3609313964844
346.46051025390625 440.3111267089844
368.2392272949219 438.28106689453125
389.9771728515625 436.2718505859375
411.5458984375 434.2723388671875
433.09442138671875 432.2477722167969
454.44696044921875 430.28656005859375
475.6977844238281 428.272216796875
496.7308044433594 426.301025390625
517.7841186523438 424.3175048828125
307.5235595703125 463.35693359375
329.3025817871094 461.2846374511719
350.7900390625 459.2435302734375
372.4853820800781 457.2313232421875
393.8528747558594 455.14471435546875
415.3187561035156 453.11767578125
436.5265197753906 451.0301818847656
457.66973876953125 448.96258544921875
478.6769104003906 446.8988037109375
499.56707763671875 444.88446044921875
520.3309326171875 442.8279724121094