1 720 1333
398.36883544921875 141.95712280273438
423.6302490234375 132.89410400390625
448.45709228515625 124.15569305419922
472.72100830078125 115.55095672607422
496.5870361328125 107.21121215820312
519.8795166015625 99.03791809082031
542.7399291992188 91.0346450805664
565.1920166015625 83.2381820678711
587.0547485351562 75.56964874267578
608.538330078125 68.24720001220703
629.5664672851562 61.03070831298828
408.8835754394531 162.60511779785156
434.3769836425781 153.32571411132812
459.30816650390625 144.2074432373047
483.6428527832031 135.35287475585938
507.593017578125 126.64077758789062
531.0021362304688 118.25214385986328
553.906982421875 109.94021606445312
576.41796875 101.84526824951172
598.439697265625 94.01176452636719
619.9176025390625 86.40541076660156
641.0751342773438 78.91725158691406
419.7084045410156 183.632080078125
445.3035888671875 173.9804229736328
470.30841064453125 164.61900329589844
494.7665100097656 155.44290161132812
518.7613525390625 146.49644470214844
542.3234252929688 137.73365783691406
565.36865234375 129.24285888671875
587.8577270507812 120.84357452392578
609.8848266601562 112.70596313476562
631.5170288085938 104.82260131835938
652.6539916992188 97.19526672363281
430.7522277832031 205.14894104003906
456.42755126953125 195.15611267089844
481.5445251464844 185.42886352539062
506.1871032714844 175.94992065429688
530.2747802734375 166.67337036132812
553.7958984375 157.66322326660156
576.9110717773438 148.81703186035156
599.539306640625 140.2639923095703
621.6367797851562 131.76976013183594
643.327392578125 123.6220703125
664.4954223632812 115.65695190429688
441.98065185546875 226.92564392089844
467.72149658203125 216.64723205566406
492.9786682128906 206.5879669189453
517.68994140625 196.79638671875
541.8785400390625 187.28456115722656
565.5615844726562 177.89305114746094
588.72607421875 168.7646484375
611.419189453125 159.83401489257812
633.5809326171875 151.18035888671875
655.31494140625 142.7140350341797
676.5091552734375 134.53501892089844
453.4742126464844 249.24798583984375
479.3710632324219 238.56951904296875
504.6595458984375 228.24205017089844
529.483642578125 218.06875610351562
553.7481689453125 208.2393798828125
577.4984130859375 198.52096557617188
600.7454833984375 189.13011169433594
623.4725341796875 179.83572387695312
645.7208862304688 170.87413024902344
667.49609375 162.2147216796875
688.7156372070312 153.67202758789062
465.1914978027344 271.83990478515625
491.17913818359375 260.8539123535156
516.5696411132812 250.22802734375
541.47021484375 239.68252563476562
565.8065185546875 229.4721221923828
589.645263671875 219.498291015625
612.9661865234375 209.7176971435547
635.7581176757812 200.27407836914062
658.1174926757812 190.97799682617188
679.8572998046875 181.993896484375
701.2003173828125 173.2353057861328
477.14764404296875 294.9911193847656
503.2164306640625 283.62225341796875
528.6731567382812 272.5467834472656
553.6333618164062 261.689208984375
578.1578369140625 251.17648315429688
601.9963989257812 240.78924560546875
625.42236328125 230.7235870361328
648.295166015625 220.92877197265625
670.6151123046875 211.43043518066406
692.4501953125 202.14317321777344
713.7440185546875 193.11485290527344