1 720 1333
501.83197021484375 166.370361328125
513.813232421875 165.29660034179688
526.260498046875 164.1278533935547
539.0941162109375 162.867919921875
552.3634643554688 161.6871795654297
566.035888671875 160.4917449951172
580.26708984375 159.2519989013672
594.9551391601562 157.8321075439453
610.2000122070312 156.5281219482422
625.9158935546875 155.20303344726562
642.383544921875 153.65493774414062
504.4085693359375 184.42510986328125
516.3649291992188 183.56033325195312
528.634765625 182.68453979492188
541.4048461914062 181.84178161621094
554.590087890625 181.03501892089844
568.268798828125 180.14540100097656
582.363037109375 179.22445678710938
596.8993530273438 178.25070190429688
612.0653686523438 177.27474975585938
627.72021484375 176.2317657470703
643.965576171875 175.19039916992188
506.86077880859375 202.25918579101562
518.724609375 201.62454223632812
531.0476684570312 201.18759155273438
543.6998901367188 200.55477905273438
556.773193359375 199.99636840820312
570.3950805664062 199.42991638183594
584.4111328125 198.72584533691406
598.8224487304688 198.21923828125
613.8406982421875 197.50738525390625
629.4741821289062 196.80299377441406
645.5623168945312 196.26609802246094
509.3643798828125 219.67030334472656
521.1681518554688 219.4690399169922
533.3873901367188 219.3037567138672
545.93212890625 218.9004364013672
559.0111083984375 218.6545867919922
572.43701171875 218.4307403564453
586.4124755859375 218.13941955566406
600.6995239257812 217.77734375
615.6498413085938 217.52578735351562
631.2269287109375 217.30941772460938
647.2427978515625 216.88369750976562
511.71197509765625 236.89373779296875
523.524169921875 236.9323272705078
535.5857543945312 236.98880004882812
548.2205200195312 237.03797912597656
561.1524658203125 237.07098388671875
574.5259399414062 237.13916015625
588.3623657226562 237.14646911621094
602.6217651367188 237.21580505371094
617.4465942382812 237.27809143066406
632.814208984375 237.3253631591797
648.7078857421875 237.3643341064453
514.2134399414062 253.9531707763672
525.7842407226562 254.29742431640625
537.9027709960938 254.53973388671875
550.349853515625 254.7471160888672
563.2966918945312 255.22384643554688
576.4985961914062 255.48638916015625
590.3372802734375 255.73538208007812
604.4947509765625 256.1864929199219
619.27587890625 256.5351867675781
634.4655151367188 256.9174499511719
650.39208984375 257.3877868652344
516.4698486328125 270.6204833984375
528.1824340820312 271.30999755859375
540.1063232421875 271.7071533203125
552.5232543945312 272.3954162597656
565.3119506835938 272.9081726074219
578.5636596679688 273.5204772949219
592.2378540039062 274.2291259765625
606.3955078125 274.76318359375
620.9386596679688 275.51788330078125
636.21923828125 276.32666015625
651.8029174804688 276.9783935546875
518.7637329101562 287.2693176269531
530.3693237304688 287.9546203613281
542.3651733398438 288.69989013671875
554.5950317382812 289.5931091308594
567.3772583007812 290.47113037109375
580.498779296875 291.42584228515625
594.1210327148438 292.3243103027344
608.249267578125 293.2880859375
622.7234497070312 294.2810363769531
637.7765502929688 295.3128967285156
653.4728393554688 296.3907470703125