1 720 1333
392.7014465332031 282.11968994140625
416.57275390625 286.0253601074219
440.1898498535156 289.8151550292969
463.3865051269531 293.5831298828125
486.2478942871094 297.3478698730469
508.67108154296875 300.9404296875
530.9148559570312 304.5074768066406
552.8050537109375 308.0380859375
574.45068359375 311.5105285644531
595.6882934570312 314.8357849121094
616.6924438476562 318.246826171875
393.5947265625 298.6144104003906
416.8422546386719 302.3365783691406
439.7699890136719 305.9089050292969
462.46026611328125 309.5143737792969
484.7287292480469 313.0384216308594
506.71112060546875 316.4743347167969
528.467041015625 319.8824462890625
549.7656860351562 323.2388916015625
570.8801879882812 326.5284118652344
591.7000122070312 329.7169189453125
612.29248046875 332.9244384765625
394.4464111328125 314.327392578125
417.17559814453125 317.8007507324219
439.535888671875 321.3109436035156
461.58624267578125 324.6561279296875
483.4078063964844 327.9937438964844
504.78765869140625 331.3288269042969
526.0433959960938 334.5175476074219
546.9318237304688 337.7268371582031
567.5673217773438 340.88397216796875
587.8963012695312 343.941650390625
608.0476684570312 346.99884033203125
395.3141174316406 329.3418273925781
417.4300231933594 332.6398620605469
439.28070068359375 335.8946533203125
460.79718017578125 339.19091796875
482.120849609375 342.3745422363281
503.1048889160156 345.4761047363281
523.7225341796875 348.5780334472656
544.263916015625 351.6096496582031
564.3827514648438 354.632080078125
584.3600463867188 357.5412292480469
603.9611206054688 360.4501037597656
396.089599609375 343.5580139160156
417.64404296875 346.73248291015625
439.0045471191406 349.85791015625
460.1248474121094 352.9646911621094
480.8467712402344 356.03790283203125
501.37860107421875 359.02142333984375
521.61083984375 361.9165954589844
541.5755615234375 364.8187255859375
561.3709716796875 367.7413024902344
580.8046264648438 370.5370788574219
600.12255859375 373.3180847167969
396.75439453125 357.21453857421875
417.8584899902344 360.27008056640625
438.6905822753906 363.2676086425781
459.3946838378906 366.1847229003906
479.6385498046875 369.0944519042969
499.71051025390625 371.9174499511719
519.548095703125 374.7382507324219
539.157958984375 377.5052795410156
558.4451293945312 380.30548095703125
577.547119140625 382.93353271484375
596.4180908203125 385.52178955078125
397.52142333984375 370.23614501953125
418.2164001464844 373.1802673339844
438.5224304199219 375.9656677246094
458.63427734375 378.7771301269531
478.5865783691406 381.52398681640625
498.2222900390625 384.30706787109375
517.6029663085938 386.94708251953125
536.728515625 389.5838928222656
555.6622314453125 392.2524108886719
574.4119262695312 394.7210998535156
592.8886108398438 397.3199768066406
398.2864990234375 382.6824645996094
418.4383544921875 385.47088623046875
438.3622131347656 388.23248291015625
458.10601806640625 390.86187744140625
477.52728271484375 393.5028991699219
496.6973876953125 396.1022644042969
515.714599609375 398.6191101074219
534.5122680664062 401.2100524902344
553.1029663085938 403.6084289550781
571.4163208007812 406.0714111328125
589.4896240234375 408.4649963378906