1 720 1333
576.5042724609375 149.17144775390625
589.740234375 166.03929138183594
602.4517211914062 182.11007690429688
614.471923828125 197.42446899414062
626.0477294921875 212.17991638183594
637.0120849609375 226.1856231689453
647.5574951171875 239.60403442382812
657.66650390625 252.47781372070312
667.4393310546875 264.8382568359375
676.664794921875 276.6928405761719
685.6129150390625 288.1668395996094
560.197021484375 165.048095703125
573.7620849609375 181.56544494628906
586.7905883789062 197.32521057128906
599.3134155273438 212.35353088378906
611.1864624023438 226.65501403808594
622.5108032226562 240.429931640625
633.4100952148438 253.55059814453125
643.8005981445312 266.2245788574219
653.837158203125 278.3293151855469
663.4459838867188 289.8839416503906
672.62109375 301.0758056640625
543.7174072265625 181.02957153320312
557.837158203125 197.193359375
571.280029296875 212.54525756835938
584.0703125 227.2855224609375
596.3135375976562 241.35888671875
607.9493408203125 254.6844482421875
619.1996459960938 267.58929443359375
629.8907470703125 279.9181823730469
640.3060913085938 291.78515625
650.1819458007812 303.1827697753906
659.5996704101562 314.1302795410156
527.3843383789062 197.00051879882812
541.7796020507812 212.83348083496094
555.603759765625 227.84280395507812
568.7513427734375 242.29151916503906
581.3927612304688 255.98529052734375
593.4247436523438 269.15673828125
604.9197387695312 281.6741638183594
616.004150390625 293.7527160644531
626.6345825195312 305.3770751953125
636.7718505859375 316.4841613769531
646.5693359375 327.1415100097656
510.8857727050781 213.19009399414062
525.8001098632812 228.52281188964844
540.0 243.2998809814453
553.5396118164062 257.3250732421875
566.4656982421875 270.6868896484375
578.8095092773438 283.5286865234375
590.66845703125 295.8125305175781
602.1138916015625 307.6245422363281
612.994873046875 318.9397888183594
623.4539794921875 329.7406921386719
633.507080078125 340.22747802734375
494.4718017578125 229.2866973876953
509.75244140625 244.37147521972656
524.3901977539062 258.6837158203125
538.2903442382812 272.4176025390625
551.5571899414062 285.5212097167969
564.3164672851562 298.0393371582031
576.4539794921875 310.01031494140625
588.14990234375 321.5317077636719
599.3591918945312 332.5718078613281
610.1083374023438 343.19366455078125
620.4299926757812 353.3104248046875
478.053955078125 245.48753356933594
493.6886901855469 260.2007141113281
508.6958923339844 274.2185363769531
523.0286254882812 287.5303039550781
536.6212158203125 300.3772277832031
549.6541748046875 312.5320129394531
562.2000732421875 324.2634582519531
574.1950073242188 335.45953369140625
585.6378173828125 346.2661437988281
596.6748657226562 356.4971923828125
607.3106689453125 366.4245300292969
461.5790710449219 261.67242431640625
477.6766662597656 276.0564270019531
493.11285400390625 289.65625
507.7170104980469 302.6941223144531
521.7020874023438 315.20416259765625
535.1006469726562 327.09930419921875
547.8605346679688 338.460205078125
560.2232666015625 349.3841552734375
571.94775390625 359.78228759765625
583.2948608398438 369.8179931640625
594.1927490234375 379.4779357910156