1 720 1333
336.60723876953125 232.59750366210938
365.03045654296875 224.25021362304688
393.44287109375 215.82119750976562
421.8962707519531 207.54986572265625
450.38677978515625 199.2518310546875
478.68365478515625 191.0023193359375
507.0645751953125 182.7205352783203
535.34130859375 174.57382202148438
563.5206298828125 166.46987915039062
591.6450805664062 158.44068908691406
619.680419921875 150.44857788085938
350.1339111328125 259.96588134765625
377.8746643066406 251.71372985839844
405.778076171875 243.5229949951172
433.671875 235.37521362304688
461.5245361328125 227.24044799804688
489.3126525878906 219.12039184570312
517.0914306640625 210.98338317871094
544.7040405273438 202.92263793945312
572.4092407226562 194.91049194335938
599.9266967773438 186.93984985351562
627.4528198242188 179.04913330078125
363.10772705078125 286.2754211425781
390.41278076171875 278.2459716796875
417.66265869140625 270.1759033203125
445.0269470214844 262.1292724609375
472.2919921875 254.10972595214844
499.4548034667969 246.1315460205078
526.6453247070312 238.149658203125
553.79931640625 230.22720336914062
580.8570556640625 222.3090362548828
607.900146484375 214.42007446289062
634.7833862304688 206.58709716796875
375.6210632324219 311.551025390625
402.3841857910156 303.631591796875
429.1815185546875 295.7073059082031
455.8094482421875 287.8384704589844
482.57952880859375 279.9815368652344
509.2801818847656 272.1595458984375
535.8863525390625 264.2902526855469
562.4834594726562 256.4267272949219
589.0580444335938 248.593994140625
615.5093383789062 240.80908203125
641.9942626953125 233.1670684814453
387.6641540527344 335.8741455078125
413.95416259765625 328.1730041503906
440.15435791015625 320.38763427734375
466.3949890136719 312.6079406738281
492.51544189453125 304.8448791503906
518.6567993164062 297.154296875
544.7610473632812 289.4344177246094
570.8463134765625 281.6456298828125
596.8945922851562 274.0159606933594
622.9374389648438 266.3621826171875
648.7916259765625 258.6831970214844
399.4274597167969 359.3795166015625
425.1098937988281 351.6805419921875
450.803466796875 344.1392517089844
476.4731140136719 336.4930725097656
502.1497497558594 328.808349609375
527.7449951171875 321.2869567871094
553.3651123046875 313.58648681640625
578.9263305664062 306.0426940917969
604.5343017578125 298.48687744140625
630.0414428710938 290.88287353515625
655.4970092773438 283.3988342285156
410.5860595703125 381.86944580078125
435.8326110839844 374.4427795410156
461.0782165527344 366.91162109375
486.2840881347656 359.4388732910156
511.4129943847656 351.9183349609375
536.5177001953125 344.46337890625
561.6087036132812 336.9619445800781
586.7383422851562 329.5071105957031
611.8363647460938 322.0317077636719
636.9087524414062 314.59039306640625
661.8778686523438 307.2149963378906
421.4649353027344 403.6005554199219
446.25933837890625 396.2755126953125
470.89776611328125 388.9051513671875
495.6626892089844 381.580810546875
520.3690795898438 374.2337646484375
544.9979858398438 366.7900390625
569.64111328125 359.4808349609375
594.3638916015625 352.0902099609375
618.906494140625 344.7421875
643.5360107421875 337.4078674316406
668.0641479492188 330.09991455078125