1 720 1333
476.57537841796875 113.93718719482422
496.42962646484375 110.82241821289062
516.4876098632812 107.6888656616211
536.708740234375 104.58577728271484
557.2142333984375 101.43753814697266
577.7619018554688 98.33084869384766
598.6314086914062 95.19313049316406
619.5918579101562 91.96989440917969
640.7687377929688 88.78794860839844
662.1909790039062 85.65017700195312
683.6893310546875 82.48847198486328
481.5886535644531 135.6810302734375
501.2754211425781 132.7109375
521.0936889648438 129.734130859375
541.1357421875 126.7350082397461
561.354736328125 123.71528625488281
581.6914672851562 120.6962661743164
602.3381958007812 117.7053451538086
623.1058959960938 114.65274047851562
644.0390625 111.6517105102539
665.1270141601562 108.58770751953125
686.4299926757812 105.55215454101562
486.5370178222656 156.98410034179688
505.9471740722656 154.161376953125
525.5792846679688 151.31297302246094
545.4030151367188 148.41366577148438
565.4009399414062 145.546142578125
585.5407104492188 142.64617919921875
605.8948364257812 139.7484588623047
626.4437255859375 136.8358917236328
647.16162109375 133.95262145996094
667.9970092773438 131.0557098388672
689.0509033203125 128.11386108398438
491.3674621582031 177.75640869140625
510.5569763183594 175.05624389648438
529.9749755859375 172.3612518310547
549.5621948242188 169.5899658203125
569.3605346679688 166.79937744140625
589.2996215820312 164.0797882080078
609.4461669921875 161.32444763183594
629.6808471679688 158.51025390625
650.2058715820312 155.70693969726562
670.7454223632812 152.91856384277344
691.5835571289062 150.17233276367188
496.12518310546875 198.0973663330078
515.1416015625 195.49513244628906
534.3123779296875 192.8824920654297
553.66162109375 190.29359436035156
573.2486572265625 187.6197509765625
592.9024658203125 184.96823120117188
612.7970581054688 182.33262634277344
632.8599243164062 179.62384033203125
653.148681640625 176.9376678466797
673.536865234375 174.32066345214844
694.0979614257812 171.59906005859375
500.6650390625 217.99668884277344
519.4835815429688 215.51132202148438
538.496826171875 212.98123168945312
557.6253051757812 210.467529296875
576.98974609375 207.87889099121094
596.47802734375 205.4059295654297
616.1927490234375 202.80296325683594
636.0359497070312 200.30368041992188
656.046142578125 197.68191528320312
676.2440795898438 195.17396545410156
696.545166015625 192.5498504638672
505.1970520019531 237.4273681640625
523.7872314453125 235.00775146484375
542.5447387695312 232.60104370117188
561.5429077148438 230.24546813964844
580.6321411132812 227.72422790527344
599.972412109375 225.35096740722656
619.4328002929688 222.84498596191406
639.1119995117188 220.4146270751953
658.8283081054688 217.95803833007812
678.806396484375 215.5143585205078
698.8784790039062 213.09547424316406
509.5735168457031 256.3899230957031
527.9647216796875 254.1451416015625
546.577880859375 251.74281311035156
565.3451538085938 249.49835205078125
584.33203125 247.197021484375
603.349365234375 244.7782440185547
622.6278076171875 242.49171447753906
642.06201171875 240.15016174316406
661.6421508789062 237.7118377685547
681.39794921875 235.4354705810547
701.3050537109375 233.07638549804688