1 720 1333
534.0540161132812 229.8951416015625
549.1676025390625 227.1685333251953
564.4186401367188 224.31317138671875
579.9878540039062 221.4017791748047
595.7929077148438 218.5013885498047
611.8779907226562 215.54339599609375
628.337646484375 212.53506469726562
644.9813842773438 209.51829528808594
661.8692626953125 206.45184326171875
679.1516723632812 203.3649444580078
696.63427734375 200.25277709960938
537.4780883789062 246.68362426757812
552.4766235351562 244.0791473388672
567.70361328125 241.39450073242188
583.2484130859375 238.62742614746094
599.0404663085938 235.84353637695312
615.0580444335938 233.0895233154297
631.42626953125 230.2787628173828
648.0052490234375 227.40528869628906
664.86083984375 224.4831085205078
682.0654296875 221.54840087890625
699.4737548828125 218.57977294921875
540.8298950195312 263.3581848144531
555.795166015625 260.794189453125
570.96337890625 258.3204345703125
586.463623046875 255.69728088378906
602.2219848632812 253.1265869140625
618.2095336914062 250.4716033935547
634.4459838867188 247.77706909179688
650.9786376953125 245.12020874023438
667.762451171875 242.3701934814453
684.9142456054688 239.5786895751953
702.2769165039062 236.75262451171875
544.23828125 279.78558349609375
559.092041015625 277.492919921875
574.2922973632812 275.13067626953125
589.6206665039062 272.65087890625
605.3438720703125 270.21429443359375
621.270751953125 267.686767578125
637.4893188476562 265.2017517089844
653.904052734375 262.6146240234375
670.6810913085938 260.0687255859375
687.6884765625 257.4334411621094
705.0682983398438 254.72625732421875
547.5006713867188 296.1862487792969
562.39697265625 293.8992614746094
577.4523315429688 291.68914794921875
592.7589111328125 289.47137451171875
608.4212036132812 287.1410217285156
624.3231811523438 284.733642578125
640.4620971679688 282.4198303222656
656.84423828125 279.998779296875
673.5582275390625 277.5536804199219
690.5516967773438 275.12567138671875
707.7182006835938 272.6080627441406
550.8095703125 312.3458557128906
565.570556640625 310.31378173828125
580.6220092773438 308.2255554199219
595.8467407226562 306.04998779296875
611.484619140625 303.8251647949219
627.3306274414062 301.6794128417969
643.4270629882812 299.44512939453125
659.7496948242188 297.2442932128906
676.4176635742188 294.8954162597656
693.3279418945312 292.6150817871094
710.5162353515625 290.30828857421875
554.0584716796875 328.3738708496094
568.781494140625 326.4518737792969
583.7366333007812 324.497802734375
599.0499267578125 322.5052795410156
614.5133056640625 320.4776306152344
630.3463134765625 318.466064453125
646.3657836914062 316.3885192871094
662.6712036132812 314.2865295410156
679.2626342773438 312.18341064453125
696.1256713867188 309.96978759765625
713.183837890625 307.7056884765625
557.2688598632812 344.27142333984375
571.9745483398438 342.46478271484375
586.8689575195312 340.6256408691406
602.0877075195312 338.75628662109375
617.5564575195312 336.9368591308594
633.307373046875 335.01324462890625
649.2911987304688 333.115234375
665.526611328125 331.17291259765625
682.0633544921875 329.15618896484375
698.78369140625 327.1185302734375
715.82470703125 325.0816650390625