1 720 1333
607.5643310546875 229.12022399902344
615.0647583007812 210.7470703125
622.3726806640625 192.77992248535156
629.5708618164062 175.02008056640625
636.658935546875 157.51983642578125
643.683837890625 140.31509399414062
650.575439453125 123.287841796875
657.4393920898438 106.51795959472656
664.1640014648438 89.89177703857422
670.6776733398438 73.67395782470703
677.2107543945312 57.561771392822266
620.0043334960938 239.64825439453125
627.23486328125 221.7506866455078
634.30810546875 204.1356964111328
641.2874145507812 186.700927734375
648.160400390625 169.5418243408203
654.8306884765625 152.60743713378906
661.5394287109375 135.93850708007812
668.1919555664062 119.46458435058594
674.6358032226562 103.30470275878906
681.0512084960938 87.2278823852539
687.3366088867188 71.48998260498047
631.8385009765625 249.79238891601562
638.7825317382812 232.23655700683594
645.6336059570312 214.9086151123047
652.4190063476562 197.8151397705078
659.0960083007812 181.01889038085938
665.5641479492188 164.4402618408203
672.0573120117188 148.01747131347656
678.4556884765625 131.84829711914062
684.7020263671875 115.88734436035156
690.861328125 100.22061157226562
696.9574584960938 84.61093139648438
643.286376953125 259.43701171875
649.9177856445312 242.30636596679688
656.51708984375 225.24346923828125
663.09521484375 208.5340118408203
669.4918212890625 191.9414825439453
675.7930297851562 175.66981506347656
682.104736328125 159.5902099609375
688.2901000976562 143.67626953125
694.398681640625 128.0610809326172
700.361083984375 112.53743743896484
706.2612915039062 97.36908721923828
654.1387329101562 268.7159118652344
660.5641479492188 251.71376037597656
666.9695434570312 235.2531280517578
673.2977905273438 218.6495361328125
679.4947509765625 202.47457885742188
685.5925903320312 186.473876953125
691.6489868164062 170.62472534179688
697.626220703125 155.0868377685547
703.564208984375 139.63009643554688
709.3833618164062 124.45074462890625
715.0970458984375 109.41376495361328
664.4788208007812 277.4910583496094
670.71875 260.9424743652344
676.8912963867188 244.5408935546875
683.0728759765625 228.4693145751953
689.068359375 212.46324157714844
694.9949340820312 196.76254272460938
700.8150024414062 181.2609405517578
706.6354370117188 165.93052673339844
712.4299926757812 150.76487731933594
718.0238647460938 135.797119140625
723.5310668945312 121.06434631347656
674.4253540039062 285.9794921875
680.4852294921875 269.6302795410156
686.5023193359375 253.67124938964844
692.375 237.68568420410156
698.2639770507812 222.1787567138672
703.960693359375 206.6353759765625
709.6213989257812 191.4082794189453
715.2914428710938 176.35525512695312
720.7803344726562 161.4301300048828
726.2821044921875 146.69393920898438
731.6079711914062 132.19549560546875
683.870361328125 294.05712890625
689.8158569335938 278.1610412597656
695.5814208984375 262.2793884277344
701.3897705078125 246.7618865966797
706.9702758789062 231.3322296142578
712.5498046875 216.17320251464844
718.0775756835938 201.13002014160156
723.48291015625 186.345947265625
728.806640625 171.6106719970703
734.1548461914062 157.2159881591797
739.3714599609375 142.88218688964844