1 720 1333
403.46026611328125 304.62396240234375
430.4895324707031 314.7757263183594
457.28692626953125 324.7994384765625
483.59649658203125 334.7166748046875
509.5946044921875 344.4889831542969
535.258056640625 354.1451721191406
560.552001953125 363.5727844238281
585.5532836914062 372.9491882324219
610.2251586914062 382.2371826171875
634.498291015625 391.29302978515625
658.4797973632812 400.18896484375
394.0538635253906 330.456298828125
421.09844970703125 340.4184265136719
447.772705078125 350.24114990234375
474.1979064941406 359.89642333984375
500.1786193847656 369.4903869628906
525.7369384765625 378.85986328125
551.101318359375 388.22406005859375
576.0670776367188 397.3610534667969
600.6718139648438 406.4082946777344
624.992431640625 415.2584228515625
649.0045776367188 423.9601135253906
384.685302734375 356.1054382324219
411.75 365.8109436035156
438.4824523925781 375.4372863769531
464.7815246582031 384.92095947265625
490.76800537109375 394.3190002441406
516.42724609375 403.5375671386719
541.6642456054688 412.572265625
566.63671875 421.5632629394531
591.3116455078125 430.390869140625
615.5592651367188 439.06732177734375
639.5343017578125 447.53924560546875
375.5262145996094 381.5882873535156
402.51153564453125 391.1425476074219
429.25433349609375 400.52801513671875
455.5536804199219 409.7646484375
481.5212097167969 418.9442138671875
507.1210021972656 427.9693603515625
532.4324340820312 436.8522033691406
557.3403930664062 445.590087890625
581.9468994140625 454.2797546386719
606.2616577148438 462.64617919921875
630.1669311523438 470.99658203125
366.4093017578125 406.8443603515625
393.37591552734375 416.2665710449219
420.0260009765625 425.4195251464844
446.3900451660156 434.4996337890625
472.33251953125 443.4315490722656
497.911865234375 452.2765808105469
523.2139282226562 460.89788818359375
548.1437377929688 469.48907470703125
572.6709594726562 477.8218994140625
596.9529418945312 486.1487731933594
620.825927734375 494.23681640625
357.3894348144531 432.0078125
384.3130187988281 441.17291259765625
410.8844299316406 450.1756591796875
437.26690673828125 458.9915466308594
463.2763366699219 467.7344665527344
488.739501953125 476.36279296875
514.0856323242188 484.79827880859375
538.8916625976562 493.16815185546875
563.5178833007812 501.39093017578125
587.7119140625 509.3788146972656
611.6246337890625 517.3045654296875
348.4463195800781 456.9129638671875
375.37530517578125 465.892822265625
401.9129638671875 474.6098327636719
428.2059020996094 483.3569030761719
454.19854736328125 491.8136901855469
479.7326965332031 500.28912353515625
504.9664001464844 508.4878845214844
529.8501586914062 516.5726928710938
554.4130249023438 524.6066284179688
578.6096801757812 532.4296875
602.509765625 540.094482421875
339.5892333984375 481.6878356933594
366.45574951171875 490.4446716308594
392.98138427734375 499.059326171875
419.284912109375 507.4809265136719
445.23077392578125 515.81640625
470.7044372558594 523.9310302734375
495.93634033203125 531.9834594726562
520.8352661132812 539.8870849609375
545.39453125 547.6738891601562
569.5374145507812 555.2942504882812
593.438720703125 562.7467041015625