1 720 1333
514.6328735351562 202.3080596923828
527.3639526367188 213.3217315673828
540.0289306640625 224.20999145507812
552.7495727539062 235.19509887695312
565.5714111328125 246.23069763183594
578.4686279296875 257.26995849609375
591.4373779296875 268.4130554199219
604.4215087890625 279.5785217285156
617.4802856445312 290.80731201171875
630.593994140625 302.1103210449219
643.7699584960938 313.4175109863281
509.3787536621094 215.16934204101562
521.717041015625 225.79641723632812
534.2675170898438 236.6612091064453
546.662109375 247.5133056640625
559.3372802734375 258.37554931640625
571.9075927734375 269.3224792480469
584.6035766601562 280.2452697753906
597.391845703125 291.31280517578125
610.208984375 302.3635559082031
623.0855712890625 313.4759826660156
636.0172119140625 324.5879211425781
504.2485656738281 227.4866485595703
516.4119873046875 238.19137573242188
528.57177734375 248.71371459960938
540.8743896484375 259.3925476074219
553.2481079101562 270.2128601074219
565.5889892578125 280.8583679199219
578.1047973632812 291.7165832519531
590.5580444335938 302.5635070800781
603.1796264648438 313.52093505859375
615.7357788085938 324.43194580078125
628.4916381835938 335.43206787109375
499.2967529296875 239.59031677246094
511.21807861328125 249.9486846923828
523.2163696289062 260.4249572753906
535.2337646484375 270.9967041015625
547.3670654296875 281.51116943359375
559.4918212890625 292.21044921875
571.7055053710938 302.7810974121094
583.9952392578125 313.54254150390625
596.33935546875 324.2987365722656
608.7210083007812 335.0801696777344
621.2456665039062 345.843505859375
494.4316711425781 251.081787109375
506.1937561035156 261.415283203125
517.9264526367188 271.76678466796875
529.71533203125 282.05926513671875
541.623779296875 292.5704040527344
553.5714721679688 303.0106201171875
565.5805053710938 313.5675048828125
577.6093139648438 324.0927734375
589.7114868164062 334.68731689453125
601.9168090820312 345.3455810546875
614.23681640625 356.0090026855469
489.7026062011719 262.31591796875
501.34063720703125 272.5235595703125
512.7975463867188 282.5945129394531
524.489990234375 292.9662170410156
536.2018432617188 303.2464904785156
547.856201171875 313.5482482910156
559.6439819335938 323.8478698730469
571.4957885742188 334.3559265136719
583.4283447265625 344.7549743652344
595.3856811523438 355.2755432128906
607.4235229492188 365.72906494140625
485.33258056640625 273.2437438964844
496.5321350097656 283.1664123535156
507.98468017578125 293.35302734375
519.3853149414062 303.4026794433594
530.8046264648438 313.5636291503906
542.3931274414062 323.6912841796875
553.94970703125 333.9497375488281
565.5897216796875 344.23431396484375
577.3087158203125 354.5276184082031
589.1082153320312 364.8081359863281
600.8585815429688 375.1940612792969
480.81890869140625 283.6283264160156
492.0671691894531 293.6439208984375
503.22442626953125 303.52374267578125
514.4629516601562 313.5697326660156
525.6731567382812 323.5422058105469
537.1036987304688 333.6033630371094
548.4382934570312 343.6369934082031
559.8649291992188 353.7475891113281
571.42578125 363.8931579589844
582.9625854492188 374.1160888671875
594.576416015625 384.3062744140625