1 720 1333
514.9400634765625 183.17019653320312
534.6273803710938 188.48880004882812
554.06787109375 193.79141235351562
573.31787109375 199.17977905273438
592.3292846679688 204.3573760986328
611.0911865234375 209.5102996826172
629.6463623046875 214.62857055664062
648.09619140625 219.7010498046875
666.3224487304688 224.714599609375
684.3021850585938 229.70352172851562
702.0159301757812 234.6563720703125
510.5035705566406 202.51536560058594
530.1234741210938 207.77496337890625
549.533447265625 212.99472045898438
568.7007446289062 218.18441772460938
587.7052001953125 223.29220581054688
606.534423828125 228.34873962402344
625.1835327148438 233.35110473632812
643.5656127929688 238.3212890625
661.7269897460938 243.22723388671875
679.7199096679688 248.11993408203125
697.5464477539062 252.89926147460938
506.0205383300781 221.8791961669922
525.5900268554688 227.0312957763672
545.078369140625 232.17498779296875
564.27099609375 237.2041778564453
583.300048828125 242.21351623535156
602.0257568359375 247.1289825439453
620.63134765625 251.98666381835938
639.1041259765625 256.8083190917969
657.3369140625 261.63348388671875
675.30908203125 266.441162109375
693.11962890625 271.20330810546875
501.5111389160156 241.25694274902344
521.2041625976562 246.32505798339844
540.5288696289062 251.24020385742188
559.7320556640625 256.19189453125
578.6987915039062 261.02667236328125
597.5485229492188 265.8359680175781
616.1763916015625 270.6177978515625
634.5609130859375 275.4067077636719
652.77294921875 280.06976318359375
670.784912109375 284.7156066894531
688.5957641601562 289.3920593261719
497.139404296875 260.52471923828125
516.6573486328125 265.4398193359375
536.0928955078125 270.3332824707031
555.3157348632812 275.13433837890625
574.329345703125 279.8330993652344
593.0573120117188 284.5666198730469
611.6590576171875 289.2814636230469
630.1376342773438 293.8552551269531
648.3712768554688 298.47906494140625
666.3897094726562 303.0371398925781
684.2323608398438 307.5303649902344
492.6546630859375 279.7203369140625
512.33349609375 284.57147216796875
531.6343994140625 289.35028076171875
550.7919311523438 294.0078430175781
569.7902221679688 298.645263671875
588.59033203125 303.29840087890625
607.2659301757812 307.81005859375
625.6290283203125 312.37054443359375
643.8533325195312 316.8320007324219
661.8809204101562 321.3219909667969
679.6995239257812 325.66314697265625
488.34075927734375 298.92767333984375
507.88885498046875 303.6036071777344
527.2686767578125 308.2933654785156
546.4591674804688 312.8315734863281
565.419921875 317.4319152832031
584.237548828125 321.89862060546875
602.7557983398438 326.4014587402344
621.2526245117188 330.75360107421875
639.4422607421875 335.22271728515625
657.4548950195312 339.51116943359375
675.3073120117188 343.75323486328125
483.9394226074219 318.0929260253906
503.49688720703125 322.59930419921875
522.8305053710938 327.1893615722656
542.0478515625 331.6354064941406
560.9954223632812 336.1653137207031
579.755859375 340.482666015625
598.423583984375 344.82891845703125
616.7236938476562 349.2106628417969
635.0236206054688 353.44378662109375
653.0521850585938 357.6234130859375
670.8432006835938 361.8062744140625