1 720 1333
590.9517822265625 337.6496887207031
620.587646484375 331.83892822265625
649.1465454101562 326.3128967285156
676.506591796875 320.9298400878906
702.7619018554688 315.7750549316406
728.07080078125 310.846435546875
752.3582763671875 306.1793212890625
775.6011352539062 301.6238098144531
798.0095825195312 297.3463439941406
819.50390625 293.15496826171875
840.2708740234375 289.08953857421875
595.1148681640625 368.58905029296875
624.3272094726562 362.2915344238281
652.393798828125 356.1949157714844
679.3969116210938 350.328369140625
705.37060546875 344.6320495605469
730.284423828125 339.29150390625
754.248779296875 334.0225524902344
777.2515869140625 329.0533752441406
799.4189453125 324.27777099609375
820.5768432617188 319.5621337890625
841.160888671875 315.1175231933594
599.1419067382812 398.7397766113281
627.8461303710938 391.9327087402344
655.5401611328125 385.3410339355469
682.2180786132812 378.972900390625
707.7139892578125 372.8580627441406
732.4132080078125 366.9654541015625
756.0482788085938 361.31787109375
778.7693481445312 355.8059387207031
800.6627807617188 350.56524658203125
821.692138671875 345.5090026855469
841.9132080078125 340.6045227050781
603.14208984375 428.21575927734375
631.419921875 420.8468322753906
658.6409912109375 413.79901123046875
684.8834228515625 407.0325927734375
710.2488403320312 400.465576171875
734.4519653320312 394.1355895996094
757.7905883789062 387.9759216308594
780.3540649414062 382.1234436035156
801.9863891601562 376.446533203125
822.7111206054688 370.87884521484375
842.7825927734375 365.55572509765625
606.9627685546875 456.7618103027344
634.8478393554688 449.0951232910156
661.6871948242188 441.5270080566406
687.6009521484375 434.3824768066406
712.5050659179688 427.3863525390625
736.4885864257812 420.5681457519531
759.5199584960938 414.0845947265625
781.7291870117188 407.6822509765625
803.2054443359375 401.64508056640625
823.6947631835938 395.76922607421875
843.5607299804688 390.1409912109375
610.78369140625 484.59906005859375
638.3009643554688 476.4595642089844
664.7097778320312 468.60357666015625
690.2506103515625 460.940185546875
714.7527465820312 453.54302978515625
738.4422607421875 446.446044921875
761.2709350585938 439.4765319824219
783.2191162109375 432.78277587890625
804.4119262695312 426.40020751953125
824.6705932617188 420.1349182128906
844.4295654296875 414.0954895019531
614.54638671875 511.6888732910156
641.5712890625 503.20843505859375
667.6057739257812 494.826416015625
692.7095336914062 486.88427734375
717.006591796875 479.14630126953125
740.3222045898438 471.5639343261719
762.782470703125 464.3715515136719
784.5007934570312 457.31231689453125
805.4650268554688 450.4884338378906
825.5507202148438 443.88751220703125
845.0689086914062 437.5064697265625
618.1781005859375 538.0924072265625
644.778564453125 529.19482421875
670.482666015625 520.5381469726562
695.3312377929688 512.1726684570312
719.1369018554688 504.07843017578125
742.2142944335938 496.2314453125
764.3534545898438 488.5672912597656
785.7175903320312 481.2386474609375
806.4414672851562 474.114013671875
826.4203491210938 467.15228271484375
845.5801391601562 460.4786071777344