1 720 1333
520.2106323242188 364.3699645996094
541.3319702148438 366.1905822753906
561.1947631835938 367.7978820800781
580.0322875976562 369.49859619140625
597.8906860351562 371.0885925292969
614.8558959960938 372.53857421875
631.0878295898438 373.8299255371094
646.4049682617188 375.3017883300781
661.0520629882812 376.50262451171875
674.8657836914062 377.6368103027344
688.2163696289062 378.7891845703125
517.196044921875 389.7589416503906
538.3054809570312 390.9139099121094
558.27978515625 391.9488830566406
577.1925048828125 392.99444580078125
595.1634521484375 393.8163146972656
612.1990966796875 394.7261047363281
628.3883056640625 395.6114501953125
643.7687377929688 396.4155578613281
658.466796875 397.193115234375
672.4439086914062 397.78289794921875
685.7135009765625 398.5031433105469
514.1755981445312 415.3000183105469
535.3295288085938 415.5988464355469
555.3624877929688 416.07159423828125
574.3623657226562 416.3984375
592.4117431640625 416.6651916503906
609.4482421875 417.04864501953125
625.6969604492188 417.35980224609375
641.2410888671875 417.5564270019531
655.9505615234375 417.72149658203125
669.9400634765625 418.00244140625
683.37158203125 418.3404235839844
511.15252685546875 440.63165283203125
532.463623046875 440.36993408203125
552.48974609375 440.04486083984375
571.5769653320312 439.69342041015625
589.6031494140625 439.490966796875
606.7429809570312 439.2269592285156
623.096435546875 438.8969421386719
638.6255493164062 438.6177062988281
653.4395751953125 438.4367980957031
667.513916015625 438.219482421875
680.8478393554688 437.75836181640625
508.2366638183594 465.9097900390625
529.5404052734375 464.9027404785156
549.7092895507812 463.910888671875
568.7648315429688 463.0115051269531
586.9189453125 462.22589111328125
604.150634765625 461.3361511230469
620.5314331054688 460.4676818847656
636.118408203125 459.6304626464844
650.9052124023438 458.88427734375
664.9737548828125 458.2760314941406
678.45703125 457.4739685058594
505.2927551269531 491.24835205078125
526.6884765625 489.4731750488281
546.8925170898438 487.7208557128906
566.134521484375 486.27996826171875
584.3153686523438 484.69622802734375
601.5173950195312 483.3470764160156
617.8828735351562 481.91351318359375
633.5303955078125 480.6131286621094
648.4158325195312 479.4012145996094
662.5455932617188 478.2001953125
676.0514526367188 476.9568176269531
502.40643310546875 516.4065551757812
523.8535766601562 513.8802490234375
544.2122802734375 511.5713195800781
563.4049072265625 509.3784484863281
581.5995483398438 507.2943115234375
598.8383178710938 505.296142578125
615.350341796875 503.3840026855469
630.9556884765625 501.4834899902344
645.8388061523438 499.7225036621094
660.0798950195312 498.0453796386719
673.5858764648438 496.41192626953125
499.51629638671875 541.482177734375
521.1016845703125 538.3275146484375
541.4424438476562 535.3159790039062
560.644287109375 532.441162109375
578.9259643554688 529.7092895507812
596.3262939453125 527.1779174804688
612.6837158203125 524.626220703125
628.4262084960938 522.3055419921875
643.34326171875 520.0191040039062
657.5106201171875 517.8383178710938
671.07275390625 515.75048828125