1 720 1333
490.9263610839844 190.47764587402344
503.4945373535156 206.9478759765625
515.6998901367188 223.1688690185547
527.747314453125 238.89491271972656
539.5386962890625 254.43597412109375
551.1423950195312 269.5646667480469
562.4598388671875 284.4781188964844
573.52880859375 299.064453125
584.4586181640625 313.38909912109375
595.1974487304688 327.3785705566406
605.6519165039062 341.1685791015625
478.6706848144531 199.42962646484375
491.1925964355469 215.54612731933594
503.4190368652344 231.3387908935547
515.3289184570312 246.7655029296875
527.0945434570312 262.0213623046875
538.5235595703125 276.8157653808594
549.7949829101562 291.4300231933594
560.8244018554688 305.7017822265625
571.6752319335938 319.74786376953125
582.3692016601562 333.4800720214844
592.7979736328125 347.02325439453125
466.9173278808594 208.10682678222656
479.284423828125 223.7896270751953
491.41021728515625 239.35610961914062
503.3270568847656 254.46841430664062
514.9131469726562 269.37310791015625
526.38671875 283.8702392578125
537.5693969726562 298.2277526855469
548.5492553710938 312.24871826171875
559.3560180664062 325.98046875
569.9542236328125 339.4596862792969
580.3950805664062 352.6572265625
455.4859313964844 216.4586181640625
467.71441650390625 231.91575622558594
479.76544189453125 247.05294799804688
491.5595397949219 261.8757019042969
503.2497253417969 276.46734619140625
514.5175170898438 290.7168273925781
525.658447265625 304.72259521484375
536.6090087890625 318.51263427734375
547.3811645507812 332.0224914550781
557.8978271484375 345.25885009765625
568.3485717773438 358.2366638183594
444.4212646484375 224.57369995117188
456.5957336425781 239.67025756835938
468.5484924316406 254.54974365234375
480.322265625 269.1181640625
491.7758483886719 283.4301452636719
503.1226501464844 297.3912048339844
514.2274780273438 311.1745300292969
525.0604248046875 324.5837097167969
535.7003173828125 337.8187561035156
546.3018798828125 350.77032470703125
556.5746459960938 363.564697265625
433.6569519042969 232.5059814453125
445.7235412597656 247.3445587158203
457.6249084472656 261.79559326171875
469.3453674316406 276.1228332519531
480.7470703125 290.1071472167969
491.9440612792969 303.7830505371094
503.0665283203125 317.33258056640625
513.810791015625 330.53131103515625
524.4889526367188 343.5077209472656
534.9238891601562 356.291259765625
545.2698974609375 368.70648193359375
423.2569885253906 240.12684631347656
435.34393310546875 254.6274871826172
447.09747314453125 268.848388671875
458.6620788574219 282.857666015625
470.039794921875 296.5875244140625
481.287841796875 310.079833984375
492.2652893066406 323.3157958984375
503.0249938964844 336.2900390625
513.5343017578125 349.0122375488281
523.9930419921875 361.5142517089844
534.2608032226562 373.7510681152344
413.24114990234375 247.53594970703125
425.04022216796875 261.76007080078125
436.7945556640625 275.71490478515625
448.3562316894531 289.4587707519531
459.65057373046875 302.8895568847656
470.7574462890625 316.1466979980469
481.701904296875 329.09246826171875
492.4661560058594 341.80340576171875
503.0185852050781 354.34442138671875
513.3742065429688 366.5796203613281
523.5684204101562 378.59490966796875