1 720 1333
279.8603820800781 143.6581268310547
303.9385070800781 152.56126403808594
327.7848815917969 161.45176696777344
351.4622497558594 170.2678985595703
374.8358459472656 178.9117889404297
398.0445861816406 187.57667541503906
420.94793701171875 196.1635284423828
443.606201171875 204.58575439453125
465.9830017089844 212.94737243652344
488.1026916503906 221.28919982910156
509.89111328125 229.47164916992188
269.76495361328125 164.13055419921875
294.1627197265625 172.9665069580078
318.28326416015625 181.76783752441406
342.1881408691406 190.523193359375
365.7904357910156 199.20010375976562
389.30816650390625 207.75132751464844
412.4278869628906 216.31787109375
435.3639831542969 224.68185424804688
457.9695129394531 233.0170135498047
480.3388366699219 241.2418212890625
502.3775329589844 249.3618621826172
259.51910400390625 184.8775634765625
284.1893005371094 193.7314910888672
308.50909423828125 202.48486328125
332.6745300292969 211.1981658935547
356.63812255859375 219.76695251464844
380.3585205078125 228.36703491210938
403.7561950683594 236.74795532226562
426.9035339355469 245.1768341064453
449.7767028808594 253.35792541503906
472.424560546875 261.5319519042969
494.68389892578125 269.5604248046875
249.11013793945312 206.14242553710938
273.9583740234375 214.87332153320312
298.6278991699219 223.5933074951172
323.1094665527344 232.27740478515625
347.3671875 240.81179809570312
371.2724609375 249.3225860595703
394.9685974121094 257.6625061035156
418.4306640625 265.90087890625
441.5255126953125 274.1328430175781
464.3938293457031 282.24407958984375
486.900390625 290.23809814453125
238.4812774658203 227.6947479248047
263.6771545410156 236.43612670898438
288.5774230957031 245.1397705078125
313.4037780761719 253.6727752685547
337.7982177734375 262.1897888183594
362.11224365234375 270.5882263183594
386.0649108886719 278.8807067871094
409.7358703613281 287.1610107421875
433.1606140136719 295.27227783203125
456.2759094238281 303.3179626464844
479.0116882324219 311.2074890136719
227.7807159423828 249.69091796875
253.25192260742188 258.44354248046875
278.499267578125 267.039306640625
303.4658203125 275.53863525390625
328.30389404296875 283.95941162109375
352.6879577636719 292.3166198730469
377.01812744140625 300.56689453125
400.9047546386719 308.6700744628906
424.61328125 316.69830322265625
447.9601745605469 324.6504211425781
471.0162048339844 332.53924560546875
216.8709716796875 272.12738037109375
242.6338653564453 280.7105407714844
268.1563415527344 289.37615966796875
293.4634094238281 297.74652099609375
318.48809814453125 306.15545654296875
343.2982177734375 314.4353332519531
367.8173522949219 322.55999755859375
392.09344482421875 330.6595458984375
415.9279479980469 338.5994567871094
439.5793151855469 346.4864501953125
462.8524169921875 354.2745361328125
205.7797393798828 294.88922119140625
231.9346923828125 303.4865417480469
257.6710510253906 311.9649353027344
283.30780029296875 320.4202575683594
308.59033203125 328.66070556640625
333.677734375 336.8370361328125
358.4645690917969 345.0601806640625
383.022216796875 353.0009460449219
407.2474670410156 360.8634033203125
431.1085510253906 368.64202880859375
454.6374206542969 376.3544921875