1 720 1333
573.5148315429688 104.6298599243164
587.0405883789062 123.654052734375
600.32421875 142.42247009277344
613.3360595703125 160.7989501953125
626.1170043945312 178.810302734375
638.6181640625 196.57444763183594
651.0231323242188 213.9424285888672
663.1914672851562 231.12301635742188
675.1192626953125 247.8865203857422
686.7985229492188 264.48388671875
698.353759765625 280.67364501953125
556.8570556640625 118.22411346435547
570.3917236328125 136.923583984375
583.6083374023438 155.38714599609375
596.6498413085938 173.43223571777344
609.4658813476562 191.18565368652344
622.0855712890625 208.55519104003906
634.423583984375 225.71018981933594
646.5731811523438 242.5569305419922
658.5341186523438 259.20587158203125
670.3115234375 275.4342041015625
681.833984375 291.46270751953125
540.5767822265625 131.49325561523438
554.1156005859375 149.88597106933594
567.3558959960938 168.00868225097656
580.3893432617188 185.74949645996094
593.22998046875 203.28033447265625
605.7075805664062 220.42930603027344
618.1724243164062 237.27642822265625
630.3006591796875 253.81756591796875
642.315673828125 270.2115783691406
654.0960693359375 286.24810791015625
665.6150512695312 301.9967041015625
524.6246337890625 144.53811645507812
538.1494750976562 162.62417602539062
551.3811645507812 180.47457885742188
564.4114379882812 197.89453125
577.219970703125 215.1488800048828
589.711181640625 231.99476623535156
602.1563720703125 248.60125732421875
614.3623657226562 264.9158935546875
626.3306884765625 281.0280456542969
638.1454467773438 296.8009948730469
649.7197875976562 312.38348388671875
509.0623474121094 157.3387451171875
522.5109252929688 175.15719604492188
535.7305297851562 192.6071319580078
548.7107543945312 209.82565307617188
561.5422973632812 226.72470092773438
574.122314453125 243.4016571044922
586.5192260742188 259.70196533203125
598.64453125 275.7933044433594
610.6697387695312 291.65283203125
622.4967041015625 307.23828125
634.143310546875 322.5529479980469
493.73779296875 169.7924041748047
507.24725341796875 187.38055419921875
520.4454956054688 204.58807373046875
533.44775390625 221.51736450195312
546.2503051757812 238.23416137695312
558.73046875 254.52195739746094
571.2055053710938 270.63922119140625
583.3994140625 286.508056640625
595.370361328125 302.1332092285156
607.2365112304688 317.4601745605469
618.7957763671875 332.5132751464844
478.8172912597656 182.12789916992188
492.29327392578125 199.37098693847656
505.4634704589844 216.34852600097656
518.4432373046875 232.9869842529297
531.2774658203125 249.38543701171875
543.7664184570312 265.5098571777344
556.1957397460938 281.3767395019531
568.3829345703125 296.9847412109375
580.3749389648438 312.36444091796875
592.2237548828125 327.44537353515625
603.8035278320312 342.34222412109375
464.2699279785156 194.1416473388672
477.5955505371094 211.14260864257812
490.760498046875 227.78421020507812
503.7647399902344 244.2609405517578
516.5331420898438 260.4089050292969
529.14501953125 276.2571105957031
541.5011596679688 291.8234558105469
553.6387329101562 307.2771301269531
565.6453857421875 322.3815612792969
577.5031127929688 337.2955322265625
589.2064208984375 351.8287658691406