1 720 1333
589.1187133789062 72.17140197753906
608.47119140625 66.80443572998047
627.1746215820312 61.792213439941406
645.273681640625 56.90262222290039
662.7003173828125 52.308509826660156
679.56494140625 47.74514389038086
695.8695678710938 43.446170806884766
711.6926879882812 39.262027740478516
727.06396484375 35.24135971069336
741.7798461914062 31.353485107421875
756.1752319335938 27.58058738708496
600.3865356445312 93.57537841796875
619.4974975585938 87.9352035522461
637.9794921875 82.53411102294922
655.8596801757812 77.37211608886719
673.159912109375 72.3282699584961
689.7654418945312 67.5124282836914
705.9249877929688 62.78666687011719
721.58984375 58.34604263305664
736.6930541992188 53.94456481933594
751.3667602539062 49.76792526245117
765.5218505859375 45.711856842041016
611.575927734375 114.96249389648438
630.5208740234375 109.00821685791016
648.7901000976562 103.27320861816406
666.4637451171875 97.642333984375
683.5299072265625 92.3553695678711
700.0551147460938 87.20439147949219
715.9495239257812 82.23173522949219
731.444580078125 77.3807373046875
746.392578125 72.65428924560547
760.8397216796875 68.26197814941406
774.8182983398438 63.891536712646484
622.8309326171875 136.3875732421875
641.533447265625 129.99671936035156
659.5524291992188 123.83731842041016
677.0255126953125 117.93757629394531
693.8804321289062 112.32096099853516
710.200439453125 106.79035949707031
725.9707641601562 101.52017974853516
741.28173828125 96.38972473144531
756.0721435546875 91.39339447021484
770.308349609375 86.64886474609375
784.2117309570312 82.08468627929688
633.963623046875 157.59547424316406
652.4884643554688 150.86415100097656
670.3479614257812 144.44610595703125
687.5679931640625 138.24105834960938
704.3009643554688 132.22581481933594
720.3850708007812 126.39604187011719
735.8806762695312 120.75017547607422
751.05615234375 115.3741683959961
765.6295776367188 110.12854766845703
779.7493286132812 105.10406494140625
793.4400024414062 100.23265838623047
645.1652221679688 178.76324462890625
663.4290771484375 171.7388916015625
681.0751342773438 164.90252685546875
698.113037109375 158.38504028320312
714.5643920898438 152.05897521972656
730.4560546875 145.92515563964844
745.8739624023438 140.0275115966797
760.744873046875 134.3413848876953
775.265625 128.71286010742188
789.1796264648438 123.4739990234375
802.6654663085938 118.3055648803711
656.2696533203125 199.93443298339844
674.3596801757812 192.5048828125
691.7196044921875 185.3972930908203
708.5980834960938 178.48263549804688
724.7777709960938 171.82369995117188
740.57666015625 165.44107055664062
755.70751953125 159.2859649658203
770.5211181640625 153.257568359375
784.6660766601562 147.4490203857422
798.4849243164062 141.76214599609375
811.7837524414062 136.4259490966797
667.4013671875 220.97010803222656
685.2474975585938 213.258544921875
702.4639282226562 205.69346618652344
719.0621337890625 198.5183563232422
735.1630859375 191.56460571289062
750.572509765625 184.86561584472656
765.62646484375 178.41017150878906
780.1351318359375 172.13299560546875
794.2112426757812 165.97915649414062
807.6893920898438 160.1927947998047
820.9273071289062 154.41334533691406