1 720 1333
571.6799926757812 225.49429321289062
590.7537841796875 230.80194091796875
609.5560913085938 236.06967163085938
628.2019653320312 241.3329620361328
646.5527954101562 246.4272918701172
664.6890258789062 251.50921630859375
682.603759765625 256.5581359863281
700.3770751953125 261.5874328613281
717.7754516601562 266.5307922363281
735.08740234375 271.4828796386719
751.996337890625 276.3293151855469
566.9453125 244.36532592773438
585.8026733398438 249.4625244140625
604.53076171875 254.58322143554688
623.0137939453125 259.604248046875
641.3135986328125 264.6280822753906
659.2779541015625 269.5556945800781
677.15185546875 274.46112060546875
694.6432495117188 279.34381103515625
712.0750122070312 284.1643371582031
729.2617797851562 288.8219299316406
746.14453125 293.55267333984375
562.2954711914062 262.8015441894531
581.0492553710938 267.8150939941406
599.553955078125 272.72021484375
617.9005126953125 277.63671875
636.0204467773438 282.5216979980469
653.9297485351562 287.3447570800781
671.6298217773438 292.09271240234375
689.2149047851562 296.7684631347656
706.423095703125 301.4679260253906
723.4509887695312 306.0560302734375
740.29541015625 310.5670471191406
557.667236328125 281.10113525390625
576.2977905273438 285.8852233886719
594.6565551757812 290.6656188964844
612.8583984375 295.4449462890625
630.8594970703125 300.19317626953125
648.6818237304688 304.779052734375
666.3372802734375 309.4366455078125
683.6574096679688 313.9894714355469
700.8182983398438 318.4748840332031
717.7718505859375 322.92620849609375
734.4629516601562 327.3668518066406
553.1903076171875 298.94757080078125
571.6148681640625 303.6187744140625
589.8550415039062 308.3381042480469
607.9645385742188 312.8814697265625
625.8424072265625 317.48193359375
643.5086669921875 322.0445251464844
661.059326171875 326.488037109375
678.3368530273438 330.89886474609375
695.3912353515625 335.3428649902344
712.2496948242188 339.5699462890625
728.7947387695312 343.7958984375
548.6973266601562 316.5517578125
567.102294921875 321.1889953613281
585.241943359375 325.6493225097656
603.2089233398438 330.17462158203125
620.8857421875 334.5483703613281
638.5056762695312 338.916259765625
655.7938232421875 343.2884521484375
673.0209350585938 347.5654296875
689.9641723632812 351.7565612792969
706.68701171875 355.9430847167969
723.211669921875 360.11566162109375
544.4434814453125 333.8768005371094
562.5748901367188 338.2978210449219
580.59716796875 342.6591491699219
598.442626953125 347.0259094238281
616.12060546875 351.3697204589844
633.5029296875 355.5763244628906
650.7416381835938 359.7150573730469
667.7719116210938 363.87042236328125
684.6405029296875 367.9953918457031
701.3041381835938 372.0738220214844
717.6603393554688 376.033203125
540.2203369140625 350.8260803222656
558.2599487304688 355.24945068359375
576.123291015625 359.4422607421875
593.7923583984375 363.6242980957031
611.3367309570312 367.821044921875
628.6133422851562 371.8998107910156
645.6965942382812 375.9640808105469
662.6867065429688 379.9823913574219
679.4153442382812 383.94329833984375
695.9200439453125 387.8267517089844
712.2600708007812 391.659912109375