1 720 1333
588.1387939453125 226.75021362304688
605.3153686523438 226.98516845703125
622.764404296875 227.233154296875
640.6943359375 227.42446899414062
659.1263427734375 227.5624237060547
677.66943359375 227.8183135986328
696.7245483398438 228.1848602294922
716.2877197265625 228.4478302001953
736.1051025390625 228.6691131591797
756.3945922851562 229.09278869628906
777.0062866210938 229.46792602539062
587.3755493164062 245.84628295898438
604.4522705078125 246.2801971435547
621.9224853515625 246.60415649414062
639.7788696289062 246.99240112304688
658.109375 247.44593811035156
676.6455688476562 247.8426513671875
695.6644287109375 248.40074157714844
715.1572875976562 248.79757690429688
734.8289794921875 249.4026336669922
755.1026611328125 249.91612243652344
775.6068725585938 250.50392150878906
586.547607421875 264.7650146484375
603.5933837890625 265.43206787109375
621.0908813476562 265.943359375
638.8391723632812 266.562744140625
657.1527099609375 267.2309265136719
675.6209716796875 267.7707824707031
694.5913696289062 268.521728515625
713.9148559570312 269.2782287597656
733.6221923828125 269.9112243652344
753.7213134765625 270.6507873535156
774.3253784179688 271.4993591308594
585.7446899414062 283.69488525390625
602.7845458984375 284.4872131347656
620.2650756835938 285.29583740234375
637.9989624023438 286.01983642578125
656.155517578125 286.78564453125
674.5905151367188 287.6513366699219
693.514892578125 288.5586242675781
712.7431640625 289.4730224609375
732.4540405273438 290.43865966796875
752.48779296875 291.4029846191406
772.8738403320312 292.4161682128906
585.0746459960938 302.52838134765625
602.0842895507812 303.48455810546875
619.4119262695312 304.44287109375
637.114013671875 305.4372253417969
655.205810546875 306.440185546875
673.5787353515625 307.4871520996094
692.4500122070312 308.5320129394531
711.62109375 309.59228515625
731.2704467773438 310.7243347167969
751.2515258789062 311.9176330566406
771.5601806640625 313.2207336425781
584.3878784179688 321.30267333984375
601.3104858398438 322.435791015625
618.5203857421875 323.51690673828125
636.2119750976562 324.657958984375
654.271484375 325.8973388671875
672.5794677734375 327.2309875488281
691.3818359375 328.45672607421875
710.4899291992188 329.66436767578125
729.9765014648438 331.08978271484375
749.8230590820312 332.45025634765625
770.211181640625 333.76373291015625
583.5904541015625 339.8057556152344
600.4789428710938 341.24456787109375
617.6494750976562 342.4902648925781
635.3570556640625 343.86175537109375
653.3213500976562 345.3581848144531
671.5546875 346.6902770996094
690.3287353515625 348.2679748535156
709.3704833984375 349.64801025390625
728.723388671875 351.2521667480469
748.56689453125 352.7023620605469
768.7560424804688 354.3822326660156
582.9303588867188 358.4085998535156
599.6453857421875 359.8124084472656
616.8321533203125 361.4256896972656
634.4191284179688 362.94757080078125
652.3377075195312 364.5622253417969
670.5357666015625 366.2376403808594
689.2678833007812 367.7880554199219
708.2511596679688 369.5100402832031
727.56494140625 371.2635803222656
747.3518676757812 372.9460144042969
767.4637451171875 374.6949462890625