1 720 1333
798.17236328125 112.68293762207031
821.902587890625 108.33425903320312
844.8784790039062 104.13416290283203
867.1702270507812 100.11572265625
888.6376342773438 96.18389892578125
909.3955078125 92.47773742675781
929.481689453125 88.87201690673828
948.9368896484375 85.43888092041016
967.7765502929688 82.13490295410156
985.929443359375 78.92042541503906
1003.5616455078125 75.9009780883789
803.9669189453125 142.34854125976562
827.517333984375 137.49246215820312
850.2410278320312 132.8545379638672
872.2676391601562 128.36312866210938
893.4586181640625 124.08699035644531
914.064208984375 119.91636657714844
933.8724975585938 115.86444091796875
953.2715454101562 112.1117935180664
971.8465576171875 108.3709945678711
989.8428344726562 104.7920150756836
1007.3104858398438 101.41646575927734
809.727294921875 171.5260009765625
833.0169677734375 166.3162384033203
855.4986572265625 161.2174530029297
877.2293701171875 156.33929443359375
898.30712890625 151.56961059570312
918.5675048828125 147.01536560058594
938.35498046875 142.62588500976562
957.38134765625 138.39096069335938
975.889404296875 134.30706787109375
993.6740112304688 130.36216735839844
1011.0195922851562 126.55260467529297
815.4808349609375 200.33677673339844
838.452880859375 194.6051483154297
860.6320190429688 189.20542907714844
882.1721801757812 183.82589721679688
902.89990234375 178.7082061767578
923.1141967773438 173.77029418945312
942.5728149414062 169.0089111328125
961.5205688476562 164.3914794921875
979.7757568359375 159.8912811279297
997.4853515625 155.5950164794922
1014.5470581054688 151.46719360351562
821.128662109375 228.609619140625
843.7593383789062 222.56948852539062
865.6725463867188 216.65708923339844
886.925048828125 210.98049926757812
907.5513305664062 205.50436401367188
927.4841918945312 200.22544860839844
946.751708984375 195.0076446533203
965.5120239257812 190.0215301513672
983.6453247070312 185.222412109375
1001.150634765625 180.53294372558594
1018.1168823242188 176.06045532226562
826.6056518554688 256.5489501953125
849.0626220703125 250.13267517089844
870.6748046875 243.80018615722656
891.669189453125 237.7528839111328
912.0581665039062 231.8381805419922
931.7523193359375 226.21463012695312
950.8399047851562 220.63201904296875
969.4280395507812 215.33242797851562
987.3946533203125 210.17123413085938
1004.6724853515625 205.16787719726562
1021.4846801757812 200.3354034423828
832.0717163085938 284.09136962890625
854.216552734375 277.2334899902344
875.582275390625 270.5531311035156
896.3980712890625 264.133056640625
916.4814453125 257.85296630859375
935.9393920898438 251.79830932617188
954.804931640625 246.0056610107422
973.22265625 240.29127502441406
990.9476928710938 234.74612426757812
1008.1466674804688 229.46060180664062
1024.7332763671875 224.30813598632812
837.396240234375 311.1547546386719
859.2810668945312 303.8653869628906
880.4232177734375 296.82763671875
900.9227905273438 290.0797119140625
920.7948608398438 283.49609375
940.0767211914062 277.1189880371094
958.7189331054688 270.8565368652344
976.819580078125 264.86151123046875
994.4464721679688 259.0921630859375
1011.4216918945312 253.4370574951172
1027.825927734375 247.96240234375