1 720 1333
745.7596435546875 415.1370544433594
760.1195068359375 414.3912353515625
774.0014038085938 413.6026611328125
787.4755249023438 412.89080810546875
800.6531982421875 412.34722900390625
813.416015625 411.56805419921875
825.853759765625 410.98028564453125
838.001220703125 410.3825378417969
849.7728881835938 409.6414489746094
861.3482055664062 409.1495056152344
872.4949340820312 408.5055236816406
751.239990234375 431.36883544921875
765.6100463867188 430.40447998046875
779.5796508789062 429.4393005371094
793.2216796875 428.4902648925781
806.4273681640625 427.5555725097656
819.2666625976562 426.67913818359375
831.7002563476562 425.7801513671875
843.9315185546875 425.0340270996094
855.8168334960938 424.2506408691406
867.3939819335938 423.4341735839844
878.6016845703125 422.5993957519531
756.7570190429688 447.92401123046875
771.2976684570312 446.66925048828125
785.3778076171875 445.520751953125
799.0067749023438 444.4145202636719
812.37109375 443.3154296875
825.2695922851562 442.24005126953125
837.792236328125 441.15576171875
850.0716552734375 440.01971435546875
861.9974365234375 438.9935302734375
873.57177734375 438.04608154296875
884.8442993164062 437.1027526855469
762.4839477539062 465.02435302734375
777.149658203125 463.52215576171875
791.3124389648438 462.1186828613281
805.0307006835938 460.6674499511719
818.4208984375 459.367919921875
831.397216796875 458.0046691894531
844.02783203125 456.6641845703125
856.359130859375 455.4280090332031
868.3522338867188 454.2055969238281
879.8935546875 452.9468078613281
891.2942504882812 451.75567626953125
768.4102172851562 482.5118103027344
783.0962524414062 480.67767333984375
797.3760375976562 479.0332946777344
811.2160034179688 477.3924255371094
824.5943603515625 475.716796875
837.6563110351562 474.2421569824219
850.3856811523438 472.6250305175781
862.7269897460938 471.2115478515625
874.7216186523438 469.6430969238281
886.4474487304688 468.3168640136719
897.7410888671875 466.8613586425781
774.4365844726562 500.4143371582031
789.2803955078125 498.4151306152344
803.5686645507812 496.4394836425781
817.48828125 494.4908447265625
830.9974975585938 492.57861328125
844.1085205078125 490.73272705078125
856.83203125 489.01348876953125
869.2971801757812 487.2584228515625
881.3829956054688 485.5498046875
893.0665283203125 483.9162902832031
904.4837036132812 482.380859375
780.6749877929688 518.8212890625
795.5595703125 516.4888916015625
809.9656372070312 514.2294921875
823.966064453125 511.9985656738281
837.515380859375 509.85888671875
850.6876220703125 507.77093505859375
863.4988403320312 505.7121276855469
875.9791259765625 503.75537109375
888.1195068359375 501.79559326171875
899.7837524414062 499.9408264160156
911.2764282226562 498.1015930175781
787.1050415039062 537.694580078125
802.0664672851562 535.0863647460938
816.5645751953125 532.5076904296875
830.6050415039062 530.0010986328125
844.2615356445312 527.5623168945312
857.4581298828125 525.2468872070312
870.3660888671875 522.8834838867188
882.744384765625 520.6524047851562
894.8881225585938 518.496337890625
906.6641845703125 516.3743896484375
918.18701171875 514.3001708984375