1 720 1333
768.494140625 305.2873840332031
790.6641235351562 301.36260986328125
812.4550170898438 297.4405822753906
833.7706909179688 293.61004638671875
854.7468872070312 289.86553955078125
875.407470703125 286.2385559082031
895.5427856445312 282.5999450683594
915.4584350585938 279.0518798828125
934.8678588867188 275.581298828125
954.0342407226562 272.1828308105469
972.6576538085938 268.8025817871094
770.2125244140625 328.604248046875
792.143798828125 324.485107421875
813.6170654296875 320.41900634765625
834.6967163085938 316.468017578125
855.5001220703125 312.53240966796875
875.7349243164062 308.6990966796875
895.77734375 304.8791198730469
915.4810180664062 301.2489929199219
934.7464599609375 297.5950622558594
953.597412109375 294.02655029296875
972.3234252929688 290.4710388183594
771.7222900390625 351.467529296875
793.5135498046875 347.18670654296875
814.6843872070312 342.9436340332031
835.63623046875 338.76458740234375
856.2050170898438 334.7095642089844
876.3687744140625 330.7157287597656
896.138427734375 326.77313232421875
915.5491943359375 322.92706298828125
934.6282348632812 319.1784362792969
953.4199829101562 315.4275207519531
971.6776733398438 311.7452087402344
773.4085693359375 373.8016357421875
794.75634765625 369.4026794433594
815.803955078125 364.9827575683594
836.4795532226562 360.6936950683594
856.800537109375 356.4428405761719
876.6851806640625 352.33843994140625
896.3934326171875 348.2803039550781
915.5494995117188 344.25335693359375
934.530029296875 340.3310546875
953.0560302734375 336.4244689941406
971.305908203125 332.5817565917969
774.84228515625 395.63482666015625
796.1544189453125 391.0947570800781
816.8698120117188 386.55194091796875
837.3930053710938 382.1169128417969
857.4454345703125 377.7424011230469
877.2105712890625 373.4686584472656
896.5397338867188 369.2403564453125
915.5994873046875 365.1213684082031
934.38671875 360.9900207519531
952.6795654296875 356.957275390625
970.669677734375 353.0446472167969
776.3985595703125 417.08331298828125
797.407470703125 412.3315734863281
817.8842163085938 407.6415710449219
838.26171875 403.1077880859375
858.0590209960938 398.5550537109375
877.5828247070312 394.1786804199219
896.697998046875 389.8193664550781
915.5892333984375 385.5012512207031
934.2598266601562 381.3624572753906
952.39501953125 377.18548583984375
970.2799682617188 373.1214294433594
777.7721557617188 437.8830871582031
798.5484619140625 433.097900390625
818.9583129882812 428.3030700683594
838.897705078125 423.5611877441406
858.5828247070312 418.96478271484375
877.8494262695312 414.4377136230469
896.8826904296875 409.8750915527344
915.5575561523438 405.5338439941406
933.961181640625 401.2250671386719
951.9181518554688 396.8850402832031
969.5996704101562 392.6851806640625
779.3029174804688 458.3780822753906
799.734375 453.4183349609375
819.823974609375 448.501220703125
839.6572875976562 443.6784362792969
859.1881103515625 438.901123046875
878.3646240234375 434.2810974121094
897.0574951171875 429.6401062011719
915.5674438476562 425.09442138671875
933.6233520507812 420.6462707519531
951.5467529296875 416.2872314453125
969.0702514648438 411.9227294921875