1 720 1333
575.63330078125 340.7503662109375
589.8610229492188 344.4274597167969
604.716796875 348.1996765136719
620.3790893554688 352.1903381347656
636.6874389648438 356.3095397949219
653.8280639648438 360.6202697753906
671.7850952148438 365.2103271484375
690.7203979492188 369.919677734375
710.5496826171875 374.9864196777344
731.524658203125 380.23858642578125
753.573486328125 385.706787109375
576.9591674804688 361.1440124511719
591.0894775390625 365.1575012207031
605.7761840820312 369.3844299316406
621.3886108398438 373.7091369628906
637.4918823242188 378.3823547363281
654.4830932617188 383.20751953125
672.2835693359375 388.2383117675781
690.883056640625 393.5268249511719
710.5088500976562 399.07366943359375
731.2943725585938 404.81805419921875
752.9404907226562 410.93585205078125
578.3038940429688 381.04510498046875
592.2958984375 385.4963684082031
606.7982788085938 390.0712890625
622.2232666015625 394.90325927734375
638.2919311523438 399.95440673828125
654.940185546875 405.25640869140625
672.62109375 410.72100830078125
691.0977172851562 416.5096435546875
710.4605102539062 422.5907897949219
730.7872924804688 428.8652038574219
752.34814453125 435.5343322753906
579.5079345703125 400.5984191894531
593.419921875 405.42236328125
607.8040771484375 410.4192810058594
623.0789794921875 415.6240234375
638.816162109375 421.13275146484375
655.5404052734375 426.77142333984375
672.8881225585938 432.7216796875
691.2633666992188 439.0450134277344
710.365478515625 445.5395202636719
730.4652099609375 452.3742370605469
751.5850219726562 459.49298095703125
580.6976928710938 419.7137145996094
594.4708862304688 424.90374755859375
608.793212890625 430.3115539550781
623.8453979492188 435.9249267578125
639.5980224609375 441.7541809082031
656.08642578125 447.8790283203125
673.361083984375 454.3218078613281
691.3657836914062 460.95880126953125
710.2632446289062 467.9300842285156
730.1441650390625 475.2096862792969
751.043212890625 482.7803955078125
581.90234375 438.5526123046875
595.5540161132812 444.09576416015625
609.7700805664062 449.7823181152344
624.7005004882812 455.76983642578125
640.3277587890625 462.0233459472656
656.5654907226562 468.5084228515625
673.5520629882812 475.29217529296875
691.4620971679688 482.3948974609375
710.17919921875 489.7421569824219
729.6888427734375 497.48345947265625
750.3884887695312 505.5594177246094
583.159912109375 456.9679260253906
596.5892333984375 462.7910461425781
610.7373657226562 468.847412109375
625.5033569335938 475.2341003417969
640.931884765625 481.7589111328125
657.1140747070312 488.62677001953125
673.9588012695312 495.7726745605469
691.5407104492188 503.2740478515625
710.0767211914062 511.1130676269531
729.4336547851562 519.2262573242188
749.7091674804688 527.7092895507812
584.2972412109375 475.1025390625
597.6005249023438 481.2122497558594
611.617431640625 487.5625915527344
626.3402099609375 494.26458740234375
641.5392456054688 501.1557312011719
657.5256958007812 508.3396911621094
674.314697265625 515.7967529296875
691.6754150390625 523.6337890625
710.0259399414062 531.818359375
729.2422485351562 540.3839111328125
749.2928466796875 549.3427734375