1 720 1333
536.8327026367188 157.43771362304688
553.5226440429688 154.6726531982422
570.9127807617188 151.80612182617188
589.1884155273438 148.90283203125
608.276123046875 145.7700958251953
628.1952514648438 142.5892791748047
649.17724609375 139.2833251953125
671.013916015625 135.72605895996094
694.0818481445312 132.14266967773438
718.3599853515625 128.3788604736328
743.7752685546875 124.39149475097656
538.1505126953125 181.2893829345703
554.6341552734375 179.01431274414062
572.0060424804688 176.6938934326172
590.2035522460938 174.33694458007812
609.1515502929688 171.80140686035156
628.9940185546875 169.22727966308594
649.7612915039062 166.51161193847656
671.6292114257812 163.68600463867188
694.5538330078125 160.75015258789062
718.6942138671875 157.71133422851562
744.0941162109375 154.58079528808594
539.2594604492188 204.81991577148438
555.6787719726562 203.2040557861328
573.0198364257812 201.37643432617188
591.1008911132812 199.525146484375
610.0120239257812 197.56204223632812
629.6944580078125 195.58135986328125
650.52685546875 193.5370330810547
672.3333740234375 191.40252685546875
695.1730346679688 189.20648193359375
719.1817016601562 186.8108367919922
744.4342041015625 184.4648895263672
540.3671264648438 228.31739807128906
556.7330932617188 227.08331298828125
574.0457153320312 225.7520294189453
592.0473022460938 224.51333618164062
610.7738647460938 223.21109008789062
630.5223999023438 221.71092224121094
651.2711791992188 220.36563110351562
672.8153686523438 218.78192138671875
695.5640869140625 217.34088134765625
719.5123901367188 215.65635681152344
744.5787353515625 214.0902099609375
541.4854736328125 251.49917602539062
557.790283203125 250.70677185058594
574.941650390625 250.0363006591797
592.8400268554688 249.33094787597656
611.6261596679688 248.47181701660156
631.3538208007812 247.6211395263672
651.8496704101562 246.77804565429688
673.4843139648438 245.97677612304688
696.1409912109375 245.15975952148438
719.8676147460938 244.2841033935547
744.8768310546875 243.3807373046875
542.5348510742188 274.4843444824219
558.8233642578125 274.342041015625
575.93701171875 274.08221435546875
593.7391357421875 273.7702941894531
612.5183715820312 273.5774230957031
632.1114501953125 273.411376953125
652.5709228515625 273.238037109375
674.091796875 272.89080810546875
696.57861328125 272.6554870605469
720.3344116210938 272.53857421875
745.1953125 272.3882141113281
543.5905151367188 297.3561096191406
559.8773193359375 297.5593566894531
576.8472900390625 297.8213806152344
594.6943969726562 298.2414245605469
613.3965454101562 298.5105285644531
632.763671875 298.7952880859375
653.3508911132812 299.3002624511719
674.6370849609375 299.5813903808594
697.173095703125 300.06561279296875
720.6371459960938 300.50836181640625
745.4296264648438 301.0620422363281
544.6741943359375 319.8754577636719
560.8508911132812 320.6305847167969
577.8355712890625 321.4734191894531
595.5514526367188 322.37225341796875
614.2648315429688 323.2312316894531
633.566162109375 324.0984191894531
653.9727172851562 325.0598449707031
675.350341796875 326.046142578125
697.6079711914062 327.1459045410156
721.1517333984375 328.2938232421875
745.6450805664062 329.41094970703125