1 720 1333
603.6590576171875 425.4012451171875
609.1720581054688 434.06842041015625
614.9107055664062 443.1183166503906
620.8912353515625 452.49725341796875
627.25927734375 462.34686279296875
633.7044067382812 472.5394592285156
640.5750732421875 483.3099365234375
647.697998046875 494.48846435546875
655.242431640625 506.1812744140625
663.1199951171875 518.5171508789062
671.359130859375 531.4218139648438
590.9526977539062 435.5912170410156
596.3200073242188 444.4881591796875
601.6934204101562 453.73590087890625
607.50634765625 463.41455078125
613.4730224609375 473.4696044921875
619.6815185546875 484.0251159667969
626.2731323242188 494.9874572753906
633.1156005859375 506.50189208984375
640.2108764648438 518.5169677734375
647.7042236328125 531.2070922851562
655.5982055664062 544.4503784179688
578.368896484375 445.7701721191406
583.32568359375 454.89111328125
588.5551147460938 464.4495849609375
593.99658203125 474.34814453125
599.6715698242188 484.64398193359375
605.6168212890625 495.4814147949219
611.8190307617188 506.73614501953125
618.34814453125 518.525146484375
625.1851806640625 530.8551025390625
632.3229370117188 543.833984375
639.7938842773438 557.5405883789062
565.558349609375 456.0992431640625
570.3470458984375 465.41619873046875
575.3078002929688 475.1616516113281
580.4619750976562 485.3100280761719
585.7791137695312 495.89129638671875
591.4991455078125 506.9779968261719
597.3944702148438 518.5280151367188
603.540771484375 530.6282958984375
610.0201416015625 543.316650390625
616.800537109375 556.65380859375
623.9434814453125 570.6015625
552.7460327148438 466.34722900390625
557.333984375 475.83416748046875
561.9406127929688 485.83734130859375
566.8471069335938 496.2956237792969
572.0070190429688 507.15814208984375
577.3312377929688 518.47607421875
582.87744140625 530.3662719726562
588.6923217773438 542.7294311523438
594.7943115234375 555.7421875
601.3349609375 569.4140014648438
608.0785522460938 583.7803955078125
539.955810546875 476.59210205078125
544.2550659179688 486.41265869140625
548.5916748046875 496.6387023925781
553.2849731445312 507.28338623046875
558.0975341796875 518.4344482421875
563.1289672851562 530.0386352539062
568.3858642578125 542.2424926757812
573.8115234375 554.9257202148438
579.6146240234375 568.29052734375
585.6940307617188 582.2957153320312
592.1270141601562 596.9825439453125
527.137451171875 486.8763122558594
531.1278686523438 496.9135437011719
535.318359375 507.37554931640625
539.5741577148438 518.354736328125
544.1632690429688 529.6854248046875
548.821533203125 541.6548461914062
553.777099609375 554.1382446289062
558.996826171875 567.1734008789062
564.4149169921875 580.7464599609375
570.1843872070312 595.1798706054688
576.1898193359375 610.2308959960938
514.263427734375 497.2271423339844
517.8836669921875 507.49951171875
521.8018798828125 518.2302856445312
525.8632202148438 529.4039916992188
530.1640625 541.1013793945312
534.56298828125 553.272216796875
539.2723999023438 566.0425415039062
544.12939453125 579.3963623046875
549.2138671875 593.391357421875
554.5462036132812 608.0752563476562
560.24072265625 623.5069580078125