1 720 1333
696.4764404296875 458.237548828125
714.6717529296875 462.929443359375
733.1547241210938 467.7730407714844
751.740234375 472.6126403808594
770.5875854492188 477.5609130859375
789.6470947265625 482.5544128417969
808.9031372070312 487.56182861328125
828.495849609375 492.6330871582031
848.2491455078125 497.7225036621094
868.2440185546875 502.99639892578125
888.4202880859375 508.2705078125
691.119140625 475.2770080566406
709.5116577148438 480.2276306152344
728.2080078125 485.25274658203125
747.092529296875 490.29681396484375
766.2283935546875 495.3971862792969
785.513427734375 500.5394592285156
805.1307983398438 505.7267150878906
824.8622436523438 511.0165710449219
844.9110107421875 516.3797607421875
865.2652587890625 521.72998046875
885.7347412109375 527.2399291992188
685.5643920898438 492.7250061035156
704.2836303710938 497.9026184082031
723.1587524414062 503.1287841796875
742.3134765625 508.40020751953125
761.6323852539062 513.6412963867188
781.2940673828125 519.0636596679688
801.1513671875 524.4718627929688
821.272216796875 529.9476928710938
841.5548706054688 535.4691772460938
862.1817016601562 541.155029296875
883.0079345703125 546.7346801757812
679.7988891601562 510.7983093261719
698.701416015625 516.1708374023438
717.895263671875 521.5465087890625
737.3455810546875 527.064208984375
756.9745483398438 532.5478515625
776.8126831054688 538.1812133789062
797.0386352539062 543.753662109375
817.4148559570312 549.4843139648438
838.102783203125 555.2805786132812
858.9525146484375 561.101318359375
880.1749877929688 567.0223999023438
673.8851318359375 529.4166870117188
693.1238403320312 534.9548950195312
712.5205078125 540.5699462890625
732.2368774414062 546.3173217773438
752.1534423828125 552.0451049804688
772.3729248046875 557.8383178710938
792.7392578125 563.6588134765625
813.4970703125 569.627685546875
834.4644775390625 575.6187744140625
855.66015625 581.6786499023438
877.205322265625 587.820556640625
667.7869262695312 548.5838623046875
687.300048828125 554.421875
706.9194946289062 560.2703247070312
726.8827514648438 566.1964721679688
747.173583984375 572.1919555664062
767.5845336914062 578.2105712890625
788.4066772460938 584.3162841796875
809.4169921875 590.4738159179688
830.6835327148438 596.6813354492188
852.2885131835938 603.02783203125
874.07763671875 609.4310302734375
661.5393676757812 568.419189453125
681.3086547851562 574.428955078125
701.2369995117188 580.5105590820312
721.49853515625 586.635009765625
742.0146484375 592.870361328125
762.7310791015625 599.1997680664062
783.8277587890625 605.5399169921875
805.236328125 612.0087280273438
826.7866821289062 618.4773559570312
848.6640625 625.0405883789062
870.8450317382812 631.627197265625
655.12744140625 588.7854614257812
675.0659790039062 595.0861206054688
695.3407592773438 601.4288940429688
715.8303833007812 607.7793579101562
736.6495361328125 614.3484497070312
757.725341796875 620.8485107421875
779.1758422851562 627.515869140625
800.76318359375 634.23583984375
822.7608032226562 640.9446411132812
844.9476928710938 647.74560546875
867.4757690429688 654.645751953125