1 720 1333
656.824462890625 435.1133728027344
669.5762939453125 443.9975280761719
682.655029296875 453.202880859375
696.2526245117188 462.6051025390625
710.1967163085938 472.3969421386719
724.54052734375 482.43499755859375
739.444580078125 492.7455139160156
754.7346801757812 503.4742431640625
770.607177734375 514.5092163085938
787.05615234375 525.96875
804.0762329101562 537.796630859375
645.461181640625 448.6128845214844
658.0707397460938 457.7689208984375
671.0850219726562 467.2999267578125
684.5169067382812 477.01513671875
698.4138793945312 487.1260070800781
712.6729736328125 497.45538330078125
727.4869384765625 508.1929626464844
742.736572265625 519.2007446289062
758.5582275390625 530.6066284179688
774.9052124023438 542.47021484375
791.8201293945312 554.7025146484375
633.7837524414062 462.33258056640625
646.3721923828125 471.7584228515625
659.318603515625 481.53741455078125
672.6204833984375 491.587646484375
686.437744140625 501.9891662597656
700.642333984375 512.6669311523438
715.3894653320312 523.705078125
730.535888671875 535.191650390625
746.3284912109375 546.9735107421875
762.56982421875 559.2655639648438
779.4490356445312 571.8621826171875
622.0342407226562 476.2672424316406
634.4594116210938 485.95281982421875
647.3263549804688 496.0831298828125
660.5494995117188 506.4268493652344
674.301025390625 517.1669921875
688.41064453125 528.20654296875
703.0496826171875 539.5842895507812
718.17431640625 551.4085083007812
733.7616577148438 563.5807495117188
750.00634765625 576.2928466796875
766.767822265625 589.4039916992188
610.08056640625 490.3028564453125
622.4349975585938 500.3934326171875
635.1790771484375 510.6717834472656
648.3436279296875 521.4461669921875
661.8968505859375 532.4801635742188
675.9276123046875 543.8726196289062
690.4939575195312 555.6630249023438
705.5510864257812 567.8848266601562
721.105224609375 580.494384765625
737.25732421875 593.595458984375
753.87646484375 607.1480712890625
597.9275512695312 504.5742492675781
610.2073974609375 514.8856201171875
622.77587890625 525.6209106445312
635.8113403320312 536.6343383789062
649.3954467773438 548.16455078125
663.3460083007812 559.8362426757812
677.7040405273438 572.0858154296875
692.6672973632812 584.6241455078125
708.2028198242188 597.6869506835938
724.2244262695312 611.2417602539062
740.8085327148438 625.256103515625
585.5938720703125 519.0469360351562
597.7011108398438 529.7169189453125
610.3050537109375 540.720703125
623.2780151367188 552.205078125
636.5958251953125 563.9291381835938
650.485595703125 576.1239013671875
664.7938232421875 588.6710815429688
679.6321411132812 601.684326171875
694.998291015625 615.21142578125
710.9567260742188 629.1790161132812
727.4942626953125 643.593017578125
573.1293334960938 533.7177124023438
585.1504516601562 544.7324829101562
597.5343017578125 556.1514282226562
610.4066772460938 567.8831787109375
623.6445922851562 580.0878295898438
637.4570922851562 592.5977172851562
651.6171264648438 605.5794677734375
666.4420166015625 619.0584716796875
681.6488647460938 632.9169311523438
697.5170288085938 647.37451171875
713.9216918945312 662.3104858398438