1 720 1333
605.1559448242188 211.6320343017578
617.6373291015625 197.34005737304688
630.012939453125 183.29454040527344
642.1829833984375 169.4237518310547
654.1752319335938 155.77655029296875
665.8534545898438 142.43702697753906
677.4759521484375 129.2708282470703
688.8148803710938 116.29190063476562
700.088623046875 103.47439575195312
711.1350708007812 90.962890625
722.01171875 78.61199188232422
621.154296875 223.1157684326172
633.5819702148438 208.61361694335938
645.8175048828125 194.44100952148438
657.9100341796875 180.4561004638672
669.7965698242188 166.67245483398438
681.4774169921875 153.25144958496094
692.982177734375 139.85604858398438
704.3381958007812 126.79074096679688
715.4498901367188 113.8764419555664
726.3980102539062 101.29173278808594
737.2158813476562 88.79273223876953
637.306640625 234.6086883544922
649.6177368164062 220.03216552734375
661.8136596679688 205.6382598876953
673.7948608398438 191.56723022460938
685.6138305664062 177.67889404296875
697.2540893554688 164.10513305664062
708.6185302734375 150.63304138183594
719.8040771484375 137.45947265625
730.8889770507812 124.43566131591797
741.7232055664062 111.62675476074219
752.4747314453125 99.10962677001953
653.541259765625 246.31373596191406
665.8289184570312 231.52645874023438
677.9392700195312 217.05007934570312
689.8331298828125 202.75315856933594
701.5640258789062 188.757568359375
713.0847778320312 175.0537872314453
724.4013671875 161.49171447753906
735.5123291015625 148.16354370117188
746.4803466796875 135.00140380859375
757.2825927734375 122.16852569580078
767.8282470703125 109.44551849365234
669.9943237304688 258.03472900390625
682.2328491210938 243.1492156982422
694.218017578125 228.50364685058594
706.0148315429688 214.1152801513672
717.5868530273438 199.92803955078125
728.9966430664062 186.09384155273438
740.2523193359375 172.40769958496094
751.3120727539062 158.89700317382812
762.1701049804688 145.6375732421875
772.803466796875 132.6465606689453
783.3788452148438 119.83468627929688
686.539794921875 269.85821533203125
698.6415405273438 254.79953002929688
710.5350952148438 240.044677734375
722.2933349609375 225.51417541503906
733.7354736328125 211.262451171875
745.0829467773438 197.241943359375
756.21630859375 183.42189025878906
767.18603515625 169.79446411132812
777.868896484375 156.42111206054688
788.4974975585938 143.329833984375
798.8956298828125 130.39395141601562
703.2586669921875 281.7970275878906
715.2701416015625 266.595703125
727.0361938476562 251.65289306640625
738.601806640625 237.00997924804688
750.0405883789062 222.59207153320312
761.2523803710938 208.4459991455078
772.2775268554688 194.505615234375
783.138671875 180.76327514648438
793.740478515625 167.3223114013672
804.2803955078125 154.04127502441406
814.570068359375 141.01319885253906
720.0082397460938 293.8085021972656
731.887939453125 278.4841003417969
743.5823364257812 263.41802978515625
755.1278076171875 248.5746307373047
766.396240234375 234.0601348876953
777.4957275390625 219.70803833007812
788.40234375 205.67567443847656
799.1696166992188 191.8043670654297
809.6650390625 178.26622009277344
820.1161499023438 164.84869384765625
830.3409423828125 151.68519592285156