1 720 1333
681.5241088867188 319.3868713378906
699.2393798828125 320.6341552734375
716.503662109375 321.90679931640625
733.5494995117188 323.28411865234375
750.3262329101562 324.4777526855469
766.7116088867188 325.6880187988281
782.86376953125 326.88421630859375
798.7986450195312 328.20135498046875
814.4810180664062 329.326171875
829.7982177734375 330.48419189453125
844.8822631835938 331.5823669433594
682.3037109375 336.91448974609375
699.951904296875 338.1545104980469
717.4788208007812 339.3274841308594
734.5799560546875 340.4208984375
751.5205078125 341.5274353027344
768.0941772460938 342.5853576660156
784.4067993164062 343.6805725097656
800.43212890625 344.6985168457031
816.1828002929688 345.7559814453125
831.6052856445312 346.7727355957031
846.7830200195312 347.80487060546875
682.7879028320312 354.7577819824219
700.7518920898438 355.7764892578125
718.439697265625 356.8211975097656
735.710205078125 357.8194274902344
752.662109375 358.8064880371094
769.4717407226562 359.78240966796875
785.7913208007812 360.71771240234375
802.0200805664062 361.66015625
817.8826904296875 362.5490417480469
833.448974609375 363.478515625
848.7347412109375 364.4309387207031
683.5687255859375 373.0760192871094
701.5896606445312 373.864501953125
719.4286499023438 374.7441711425781
736.797607421875 375.5904235839844
754.0328979492188 376.51055908203125
770.8120727539062 377.3675842285156
787.419189453125 378.1832580566406
803.6016845703125 378.87005615234375
819.5866088867188 379.59521484375
835.364501953125 380.4584655761719
850.6813354492188 381.2310791015625
684.31298828125 391.573974609375
702.5125732421875 392.3732604980469
720.445068359375 393.0346374511719
737.966796875 393.6745300292969
755.320556640625 394.44482421875
772.2993774414062 395.158447265625
788.8734741210938 395.6716613769531
805.3204345703125 396.42291259765625
821.4197998046875 397.0334777832031
837.22265625 397.5947570800781
852.6765747070312 398.3302307128906
685.005615234375 410.4563903808594
703.40185546875 410.9988708496094
721.440185546875 411.5574645996094
739.2427978515625 412.1861877441406
756.5601196289062 412.6199035644531
773.6357421875 413.23345947265625
790.451904296875 413.6253967285156
806.9597778320312 414.2482604980469
823.206787109375 414.58294677734375
839.1189575195312 415.1697082519531
854.660888671875 415.57623291015625
685.6741333007812 429.56695556640625
704.3389892578125 430.00970458984375
722.4884033203125 430.45062255859375
740.3755493164062 430.7462463378906
757.8338012695312 431.2459716796875
775.095703125 431.5323486328125
791.9861450195312 431.8497314453125
808.6092529296875 432.2995300292969
824.9057006835938 432.5517578125
840.9236450195312 432.87042236328125
856.6808471679688 433.2874755859375
686.4886474609375 449.0868225097656
705.2579956054688 449.41009521484375
723.5231323242188 449.5654296875
741.5260009765625 449.7327880859375
759.2444458007812 450.0898132324219
776.5282592773438 450.3105773925781
793.537109375 450.4329528808594
810.33642578125 450.5805969238281
826.68505859375 450.7379455566406
842.78173828125 450.9289245605469
858.6617431640625 451.1893005371094