1 720 1333
651.239990234375 338.59515380859375
674.2495727539062 338.42950439453125
697.5823974609375 338.1162109375
721.474365234375 337.74127197265625
745.6732788085938 337.5209045410156
770.400146484375 337.2961120605469
795.443603515625 336.85968017578125
820.8414916992188 336.5809326171875
846.657958984375 336.3689270019531
873.0651245117188 335.95477294921875
899.68798828125 335.59613037109375
653.4512939453125 360.89788818359375
676.2198486328125 360.8391418457031
699.3782348632812 360.7228698730469
722.8536987304688 360.65069580078125
746.8695068359375 360.5648193359375
771.2852783203125 360.52685546875
795.9701538085938 360.4570617675781
821.1867065429688 360.36669921875
846.6441040039062 360.318359375
872.576904296875 360.1335754394531
899.0892333984375 359.93499755859375
655.6119995117188 382.6514587402344
678.1696166992188 382.7901306152344
701.0576171875 382.9569396972656
724.3680419921875 383.11077880859375
748.0322265625 383.27655029296875
772.1012573242188 383.3172607421875
796.504638671875 383.4007873535156
821.39404296875 383.49151611328125
846.5812377929688 383.5390625
872.32373046875 383.5921936035156
898.3602294921875 383.6506652832031
657.729736328125 404.0292053222656
680.048095703125 404.364013671875
702.59912109375 404.5769958496094
725.6486206054688 404.8968200683594
749.12353515625 405.2772216796875
772.8204345703125 405.5062561035156
797.0418701171875 405.6947326660156
821.5564575195312 406.055908203125
846.491455078125 406.4041442871094
871.7963256835938 406.5484619140625
897.5515747070312 406.781005859375
659.8120727539062 424.72210693359375
681.8023071289062 425.3380126953125
704.2986450195312 425.6919250488281
726.9791870117188 426.3091735839844
750.173828125 426.6706237792969
773.5706176757812 427.2132568359375
797.4901733398438 427.58599853515625
821.6848754882812 428.1301574707031
846.4253540039062 428.5100402832031
871.4439086914062 428.9273681640625
896.8547973632812 429.4195251464844
661.8571166992188 445.0847473144531
683.6193237304688 445.6500244140625
705.6962890625 446.4144592285156
728.3494262695312 447.0415344238281
751.1912841796875 447.6200256347656
774.3900756835938 448.371826171875
797.8692626953125 448.88616943359375
821.8433227539062 449.5395202636719
846.3200073242188 450.27935791015625
871.0182495117188 450.7300720214844
896.18505859375 451.45111083984375
663.8626708984375 464.82684326171875
685.4139404296875 465.6343078613281
707.3209228515625 466.49652099609375
729.4996337890625 467.3735656738281
752.1854248046875 468.1908874511719
775.0791015625 468.87164306640625
798.410888671875 469.6396484375
822.083984375 470.4651794433594
846.1983642578125 471.34051513671875
870.5342407226562 472.1012878417969
895.45458984375 472.79327392578125
665.8046264648438 484.3015441894531
687.1657104492188 485.2369384765625
708.6677856445312 486.2358093261719
730.6388549804688 487.15240478515625
753.0400390625 488.10650634765625
775.6884765625 488.98095703125
798.7221069335938 489.8768005371094
822.28369140625 490.82574462890625
845.984619140625 491.7509765625
870.224609375 492.7049560546875
894.6395874023438 493.65484619140625