1 720 1333
629.9749145507812 185.63856506347656
649.0590209960938 183.77230834960938
667.7918701171875 182.03355407714844
686.3590698242188 180.32113647460938
704.5091552734375 178.54515075683594
722.4640502929688 176.87437438964844
740.1310424804688 175.32470703125
757.4945068359375 173.65768432617188
774.5855102539062 172.14466857910156
791.4586791992188 170.5906524658203
807.9844360351562 169.15357971191406
633.0859375 205.15237426757812
652.12451171875 203.12460327148438
670.8719482421875 201.24261474609375
689.3717651367188 199.3079833984375
707.5680541992188 197.46067810058594
725.4221801757812 195.61923217773438
743.1117553710938 193.84152221679688
760.4240112304688 192.1516876220703
777.5338745117188 190.4415740966797
794.3358154296875 188.7445831298828
810.8761596679688 187.19842529296875
636.1746215820312 224.5272979736328
655.227783203125 222.42616271972656
673.8597412109375 220.3273468017578
692.4197387695312 218.3042449951172
710.52783203125 216.33377075195312
728.4547119140625 214.37539672851562
746.0299682617188 212.46022033691406
763.4069213867188 210.52906799316406
780.4478149414062 208.67344665527344
797.2588500976562 206.89720153808594
813.7036743164062 205.2252197265625
639.275390625 244.00247192382812
658.290283203125 241.66989135742188
677.0006103515625 239.48971557617188
695.4143676757812 237.31643676757812
713.5574951171875 235.19578552246094
731.4359130859375 233.11447143554688
749.01708984375 231.04241943359375
766.341064453125 229.0231170654297
783.3868408203125 227.06463623046875
800.1275024414062 225.1414794921875
816.5711669921875 223.25994873046875
642.3825073242188 263.4791564941406
661.377685546875 261.06427001953125
680.058349609375 258.60638427734375
698.467041015625 256.3494567871094
716.5827026367188 254.06752014160156
734.418212890625 251.76492309570312
751.9694213867188 249.61868286132812
769.2926025390625 247.47117614746094
786.3184204101562 245.36349487304688
802.9631958007812 243.32931518554688
819.44970703125 241.3037109375
645.4819946289062 282.9505615234375
664.4606323242188 280.3749694824219
683.1458129882812 277.84320068359375
701.5167236328125 275.40374755859375
719.5827026367188 272.9369201660156
737.4329833984375 270.5718688964844
754.9150390625 268.28875732421875
772.2254028320312 265.9397888183594
789.1702270507812 263.6445007324219
805.8187866210938 261.49346923828125
822.2713623046875 259.3578796386719
648.5941162109375 302.46221923828125
667.5409545898438 299.69915771484375
686.2373046875 297.0623474121094
704.523681640625 294.4421691894531
722.5896606445312 291.8272705078125
740.3731689453125 289.3541259765625
757.86865234375 286.83648681640625
775.114990234375 284.4307861328125
792.0228271484375 282.0584716796875
808.6322021484375 279.6699523925781
825.1127319335938 277.393310546875
651.7101440429688 321.9342956542969
670.6309814453125 319.091064453125
689.269287109375 316.3133850097656
707.5643310546875 313.48822021484375
725.6055908203125 310.7623291015625
743.3745727539062 308.1313171386719
760.74658203125 305.4840087890625
777.9567260742188 302.85723876953125
794.8294677734375 300.3729553222656
811.456787109375 297.8366394042969
827.7550048828125 295.4305725097656