1 720 1333
787.519775390625 468.4150390625
800.6436157226562 461.26458740234375
813.3170776367188 454.3204345703125
825.574951171875 447.56695556640625
837.5028076171875 441.05340576171875
849.0194702148438 434.6877136230469
860.2770385742188 428.563232421875
871.1078491210938 422.58624267578125
881.6517944335938 416.76019287109375
891.8740844726562 411.2151794433594
901.844482421875 405.7037658691406
798.7250366210938 484.2147521972656
811.7297973632812 476.6864318847656
824.4249877929688 469.4570617675781
836.620361328125 462.4591979980469
848.4857177734375 455.5856628417969
859.9879150390625 449.0065002441406
871.1485595703125 442.5860290527344
881.9651489257812 436.37469482421875
892.4647216796875 430.3289489746094
902.6490478515625 424.4602966308594
912.5325927734375 418.7215881347656
810.2334594726562 500.3070373535156
823.2114868164062 492.4906921386719
835.7239379882812 484.9462585449219
847.9053955078125 477.5685119628906
859.7337646484375 470.5155944824219
871.2158203125 463.5645446777344
882.300048828125 456.8531494140625
893.0518188476562 450.4139099121094
903.52685546875 444.0831604003906
913.5859375 437.9427490234375
923.474365234375 432.0345153808594
821.8619995117188 516.7621459960938
834.8311157226562 508.62872314453125
847.385498046875 500.704345703125
859.5325317382812 493.1045837402344
871.28369140625 485.6257629394531
882.6461791992188 478.4891052246094
893.6390380859375 471.48583984375
904.3862915039062 464.6556091308594
914.7333984375 458.14581298828125
924.7774658203125 451.6968078613281
934.5739135742188 445.55810546875
833.8842163085938 533.6050415039062
846.7525634765625 525.1565551757812
859.3043823242188 516.8284301757812
871.32568359375 508.8257751464844
883.0457153320312 501.17877197265625
894.3397827148438 493.59722900390625
905.31640625 486.37310791015625
915.90673828125 479.31036376953125
926.2667846679688 472.4140319824219
936.2553100585938 465.7169189453125
945.8417358398438 459.3580627441406
846.1929931640625 550.8364868164062
859.0540161132812 541.92626953125
871.419921875 533.3818969726562
883.42578125 525.030517578125
895.038818359375 516.91162109375
906.273193359375 509.1442565917969
917.1487426757812 501.52099609375
927.6641845703125 494.1909484863281
937.9133911132812 486.985595703125
947.7546997070312 480.1375427246094
957.40771484375 473.3779296875
858.739013671875 568.4782104492188
871.5218505859375 559.2000732421875
883.8101806640625 550.2401733398438
895.7022094726562 541.512451171875
907.3026733398438 533.0857543945312
918.4140625 524.8925170898438
929.2145385742188 517.0067138671875
939.6390380859375 509.3634033203125
949.7469482421875 501.8411865234375
959.564208984375 494.6483154296875
969.0907592773438 487.646728515625
871.5963134765625 586.49462890625
884.3214111328125 576.7255859375
896.523681640625 567.4136352539062
908.38671875 558.3497314453125
919.7371215820312 549.5422973632812
930.75927734375 541.0529174804688
941.478759765625 532.7654418945312
951.8111572265625 524.7994995117188
961.8470458984375 517.0810546875
971.5195922851562 509.564208984375
980.9334106445312 502.30169677734375