1 720 1333
649.5789794921875 141.04794311523438
676.450927734375 136.94664001464844
703.7010498046875 132.82025146484375
731.3846435546875 128.64202880859375
759.4088134765625 124.52316284179688
787.6212158203125 120.40750885009766
816.3550415039062 116.22244262695312
845.3097534179688 111.92034149169922
874.575927734375 107.69256591796875
904.2334594726562 103.4823226928711
934.035888671875 99.3426742553711
652.9100341796875 168.7774200439453
679.7162475585938 164.85874938964844
706.8701171875 160.9937286376953
734.4580078125 157.11251831054688
762.3248291015625 153.16636657714844
790.4774169921875 149.1802978515625
818.9612426757812 145.19415283203125
847.7960205078125 141.1581268310547
876.9278564453125 137.0901336669922
906.4412231445312 133.07997131347656
936.2051391601562 129.02127075195312
656.3439331054688 196.28944396972656
682.9678344726562 192.55535888671875
710.1156616210938 188.8474578857422
737.4724731445312 185.22061157226562
765.2640991210938 181.43124389648438
793.2714233398438 177.63943481445312
821.57275390625 173.84825134277344
850.3251953125 170.0714874267578
879.3818969726562 166.20858764648438
908.60009765625 162.36155700683594
938.2787475585938 158.4553985595703
659.5826416015625 223.53346252441406
686.2720947265625 220.06192016601562
713.2072143554688 216.51065063476562
740.4780883789062 213.0075225830078
768.106201171875 209.47813415527344
795.9260864257812 205.9054412841797
824.2311401367188 202.35523986816406
852.680908203125 198.68020629882812
881.5714721679688 195.0255126953125
910.729736328125 191.37437438964844
940.2855834960938 187.61566162109375
662.8496704101562 250.52586364746094
689.432861328125 247.26889038085938
716.2626342773438 243.8672332763672
743.4383544921875 240.54820251464844
770.8766479492188 237.25982666015625
798.635986328125 233.8387908935547
826.7072143554688 230.48101806640625
855.1840209960938 227.08424377441406
883.8267822265625 223.54891967773438
912.8213500976562 220.1044464111328
942.2432250976562 216.51718139648438
666.1889038085938 277.39410400390625
692.5496826171875 274.2636413574219
719.3421630859375 271.1119384765625
746.3793334960938 267.9206848144531
773.6599731445312 264.7182312011719
801.33984375 261.5760192871094
829.3110961914062 258.3908386230469
857.50732421875 255.15032958984375
886.068115234375 251.8039093017578
914.8684692382812 248.50743103027344
944.125732421875 245.18734741210938
669.3919067382812 303.8949890136719
695.6395263671875 300.9618225097656
722.3214721679688 298.0279235839844
749.2774047851562 295.03900146484375
776.451904296875 292.0464782714844
803.9067993164062 289.02740478515625
831.687255859375 285.9840393066406
859.7437744140625 282.86566162109375
888.258544921875 279.74493408203125
916.844482421875 276.5955505371094
945.8229370117188 273.45086669921875
672.5428466796875 330.2930603027344
698.70556640625 327.4710693359375
725.2890014648438 324.6231384277344
752.0455932617188 321.802978515625
779.1915283203125 319.0087890625
806.5042114257812 316.2047424316406
834.1727294921875 313.3329772949219
862.0699462890625 310.375
890.2886352539062 307.42236328125
918.7379760742188 304.42919921875
947.58544921875 301.4150695800781