1 720 1333
734.5125122070312 483.0617980957031
752.8532104492188 480.3367919921875
771.0888061523438 477.5576171875
789.0523681640625 474.8279724121094
806.7943115234375 472.2178649902344
824.4404907226562 469.5245056152344
841.8064575195312 466.873291015625
859.1444091796875 464.27166748046875
876.174560546875 461.60198974609375
893.1119995117188 459.11553955078125
909.7346801757812 456.5477294921875
739.0199584960938 500.7221374511719
757.6356811523438 497.8752136230469
776.15576171875 495.0511779785156
794.4036865234375 492.22601318359375
812.462646484375 489.40374755859375
830.3135375976562 486.5985107421875
847.995849609375 483.80950927734375
865.49560546875 481.1295471191406
882.80322265625 478.3922424316406
899.9100341796875 475.6682434082031
916.8701782226562 473.0590515136719
743.6710205078125 519.0567626953125
762.6161499023438 516.0606079101562
781.3727416992188 513.07861328125
799.8759765625 510.1401062011719
818.2937622070312 507.1828308105469
836.4309692382812 504.30657958984375
854.3718872070312 501.3626403808594
872.1331787109375 498.4866943359375
889.6592407226562 495.5914001464844
907.0850219726562 492.781982421875
924.254638671875 490.0158386230469
748.518798828125 538.028564453125
767.7299194335938 534.840576171875
786.7737426757812 531.71435546875
805.6258544921875 528.6492309570312
824.3103637695312 525.550048828125
842.65087890625 522.5264282226562
860.9028930664062 519.4967041015625
878.9144287109375 516.4630737304688
896.79541015625 513.4973754882812
914.4168090820312 510.51409912109375
931.8230590820312 507.59881591796875
753.5265502929688 557.6339111328125
773.1539306640625 554.3572387695312
792.44775390625 551.0902709960938
811.57763671875 547.8074951171875
830.4910278320312 544.5762939453125
849.2801513671875 541.4166870117188
867.6878662109375 538.240234375
886.063232421875 535.0549926757812
904.1337280273438 531.8878784179688
922.0249633789062 528.7913208007812
939.6051025390625 525.750244140625
758.7215576171875 578.04248046875
778.6056518554688 574.5452270507812
798.3394165039062 571.1322631835938
817.7027587890625 567.6757202148438
836.991943359375 564.3695068359375
855.93408203125 560.9661254882812
874.7416381835938 557.641357421875
893.3424072265625 554.2996215820312
911.7001342773438 550.9750366210938
929.8045654296875 547.732666015625
947.7654418945312 544.526611328125
764.1844482421875 599.1331176757812
784.4157104492188 595.4557495117188
804.366943359375 591.8319702148438
824.1356811523438 588.3024291992188
843.6315307617188 584.7018432617188
862.9551391601562 581.2540893554688
882.05078125 577.6683959960938
900.8733520507812 574.2591552734375
919.513671875 570.7393188476562
937.8674926757812 567.34375
956.1502075195312 563.9228515625
769.7468872070312 621.002685546875
790.3662719726562 617.2073364257812
810.6672973632812 613.4158325195312
830.7076416015625 609.61669921875
850.5913696289062 605.8563842773438
870.227783203125 602.1983642578125
889.5462036132812 598.4910888671875
908.6690673828125 594.7940673828125
927.5651245117188 591.1969604492188
946.243896484375 587.5723266601562
964.58544921875 583.947265625