1 720 1333
657.6063232421875 240.73838806152344
659.9431762695312 221.05331420898438
662.3493041992188 201.6502685546875
664.5546875 182.4691619873047
666.808837890625 163.6067657470703
669.0538940429688 144.98983764648438
671.2900390625 126.6116943359375
673.3818969726562 108.47050476074219
675.5390625 90.59479522705078
677.5524291992188 73.01805877685547
679.59130859375 55.6429328918457
675.2767333984375 246.5360107421875
677.4567260742188 227.16006469726562
679.6107788085938 207.92457580566406
681.7119140625 189.1323699951172
683.774658203125 170.41798400878906
685.8665771484375 152.14883422851562
687.8919067382812 133.9267120361328
689.9312133789062 116.10623168945312
691.9276123046875 98.42738342285156
693.8246459960938 81.03620147705078
695.7275390625 63.85672378540039
692.3468017578125 252.16099548339844
694.425537109375 232.94479370117188
696.404296875 214.09422302246094
698.3953857421875 195.4494171142578
700.3868408203125 177.16766357421875
702.2891845703125 158.96615600585938
704.2218627929688 141.1457061767578
706.0234985351562 123.43289184570312
707.893798828125 106.00560760498047
709.6517944335938 88.78763580322266
711.4710083007812 71.87527465820312
708.8759765625 257.514404296875
710.727783203125 238.63555908203125
712.63232421875 220.0128631591797
714.5241088867188 201.67181396484375
716.3467407226562 183.53652954101562
718.1792602539062 165.69052124023438
719.8062744140625 147.9799041748047
721.6257934570312 130.58322143554688
723.3778076171875 113.376953125
725.0556030273438 96.44066619873047
726.6554565429688 79.65580749511719
724.8224487304688 262.74114990234375
726.6419067382812 244.20419311523438
728.4381713867188 225.77053833007812
730.16552734375 207.66737365722656
731.7766723632812 189.7981719970703
733.477783203125 172.17953491210938
735.2127075195312 154.7300262451172
736.7009887695312 137.4895477294922
738.411865234375 120.55428314208984
739.871337890625 103.739013671875
741.458740234375 87.28377532958984
740.4169311523438 267.87298583984375
742.0292358398438 249.4974822998047
743.6132202148438 231.42901611328125
745.303466796875 213.5185089111328
746.77685546875 195.8386993408203
748.431884765625 178.5201873779297
749.7955932617188 161.23605346679688
751.4482421875 144.32315063476562
752.8483276367188 127.44056701660156
754.3939208984375 110.94622039794922
755.68701171875 94.55419921875
755.412353515625 272.75604248046875
756.928466796875 254.6990966796875
758.4534301757812 236.78431701660156
759.8512573242188 219.23416137695312
761.403564453125 201.73281860351562
762.7215576171875 184.56748962402344
764.2848510742188 167.61932373046875
765.5750122070312 150.77621459960938
766.9440307617188 134.31300354003906
768.3602294921875 117.848876953125
769.6024169921875 101.75969696044922
769.9434814453125 277.56903076171875
771.42578125 259.6647644042969
772.7205810546875 242.1373748779297
774.1891479492188 224.64016723632812
775.4789428710938 207.513916015625
776.7128295898438 190.5063018798828
778.1155395507812 173.7502899169922
779.3882446289062 157.2522735595703
780.5789184570312 140.76919555664062
781.8051147460938 124.70576477050781
783.0549926757812 108.68814849853516