1 720 1333
508.7911071777344 24.446847915649414
532.8732299804688 38.789710998535156
556.2924194335938 52.83047103881836
579.0803833007812 66.50871276855469
601.1932983398438 79.84424591064453
622.6014404296875 92.74493408203125
643.5233764648438 105.42255401611328
663.7779541015625 117.64701843261719
683.542236328125 129.6081085205078
702.677734375 141.2755584716797
721.3953857421875 152.5863800048828
497.8511657714844 48.48246383666992
522.1449584960938 62.48192596435547
545.5862426757812 76.16482543945312
568.483642578125 89.4779281616211
590.6755981445312 102.41382598876953
612.320556640625 115.0862808227539
633.3132934570312 127.3448715209961
653.6634521484375 139.25613403320312
673.5601196289062 150.79481506347656
692.7940673828125 162.1791229248047
711.5733032226562 173.23870849609375
487.07318115234375 72.46768188476562
511.3608703613281 86.15080261230469
535.011474609375 99.41616821289062
557.9365844726562 112.35343170166016
580.3682861328125 124.97676086425781
601.9974365234375 137.21559143066406
623.1599731445312 149.14669799804688
643.6064453125 160.6649932861328
663.5838623046875 171.9872589111328
682.94921875 182.96612548828125
701.8421630859375 193.68505859375
476.2668151855469 96.42108154296875
500.6767578125 109.63428497314453
524.4506225585938 122.57542419433594
547.5201416015625 135.2205047607422
569.92919921875 147.42857360839844
591.7238159179688 159.32476806640625
612.9393920898438 170.84474182128906
633.5752563476562 182.18373107910156
653.630859375 193.1194305419922
673.2020874023438 203.78578186035156
692.1737670898438 214.2535858154297
465.53497314453125 120.2978286743164
490.09246826171875 133.19314575195312
513.934814453125 145.68820190429688
537.1639404296875 157.92486572265625
559.6456909179688 169.78147888183594
581.5164184570312 181.37762451171875
602.8428344726562 192.5848846435547
623.5661010742188 203.50103759765625
643.7034301757812 214.19320678710938
663.377197265625 224.5396270751953
682.46923828125 234.63356018066406
454.840087890625 144.0585174560547
479.53271484375 156.58155822753906
503.4793701171875 168.7238006591797
526.7518310546875 180.59019470214844
549.4019775390625 192.18093872070312
571.4032592773438 203.38145446777344
592.7218017578125 214.2554473876953
613.574951171875 224.8021240234375
633.8145751953125 235.1859130859375
653.5618896484375 245.26943969726562
672.7389526367188 255.07763671875
444.3498840332031 167.73439025878906
469.1086120605469 179.8742218017578
493.1683349609375 191.6996612548828
516.4478149414062 203.233642578125
539.2351684570312 214.41763305664062
561.2880859375 225.27650451660156
582.7294311523438 235.77792358398438
603.6365356445312 246.12864685058594
624.0240478515625 256.1656188964844
643.7913818359375 265.8562927246094
663.1630249023438 275.4501953125
433.81689453125 191.36184692382812
458.64788818359375 203.1657257080078
482.7510070800781 214.5731964111328
506.3133544921875 225.71388244628906
529.0864868164062 236.5573272705078
551.24365234375 247.14700317382812
572.7467041015625 257.35040283203125
593.7240600585938 267.2978210449219
614.2353515625 277.04547119140625
634.1199340820312 286.4877014160156
653.5057373046875 295.7195739746094