1 720 1333
696.3618774414062 158.65171813964844
702.3949584960938 175.6482696533203
708.1472778320312 191.55824279785156
713.5185546875 206.68942260742188
718.5987548828125 221.13145446777344
723.4929809570312 234.53651428222656
728.09326171875 247.6199951171875
732.484130859375 259.8174743652344
736.6224975585938 271.7227783203125
740.5386352539062 282.77325439453125
744.3426513671875 293.56640625
683.6680297851562 174.82504272460938
690.2821044921875 191.4287109375
696.3754272460938 207.15771484375
702.1832885742188 222.00865173339844
707.6226806640625 235.96441650390625
712.7413330078125 249.54931640625
717.6760864257812 262.1451721191406
722.4428100585938 274.3405456542969
726.8563842773438 285.7219543457031
731.0883178710938 296.7520751953125
735.1741333007812 307.2042236328125
670.8310546875 191.3439178466797
677.723388671875 207.67202758789062
684.3758544921875 223.13076782226562
690.5343017578125 237.5512237548828
696.4440307617188 251.5635528564453
701.8973999023438 264.59979248046875
707.2340087890625 277.1287841796875
712.2513427734375 288.8685607910156
717.006103515625 300.2404479980469
721.4866943359375 310.89947509765625
725.692626953125 321.1839904785156
657.6022338867188 208.2781982421875
665.1411743164062 224.3603973388672
672.1167602539062 239.2967529296875
678.6304321289062 253.72500610351562
684.9146118164062 267.27178955078125
690.7933959960938 280.19671630859375
696.475341796875 292.2890625
701.7230224609375 303.9111633300781
706.80517578125 314.8709716796875
711.6137084960938 325.41729736328125
716.2072143554688 335.3562316894531
644.2542114257812 225.5771942138672
652.1246948242188 241.2715301513672
659.5425415039062 256.17730712890625
666.5797119140625 270.1243896484375
673.2874145507812 283.4530334472656
679.5227661132812 295.91412353515625
685.490966796875 307.836669921875
691.2308349609375 319.14251708984375
696.5601806640625 329.8595886230469
701.5851440429688 340.0960998535156
706.4271850585938 349.8036804199219
630.3944091796875 243.3657989501953
638.7811889648438 258.72723388671875
646.695556640625 273.2720031738281
654.2744140625 286.9391174316406
661.3271484375 299.8441162109375
667.9576416015625 312.11529541015625
674.3292846679688 323.6844482421875
680.3455200195312 334.69232177734375
686.02294921875 345.1636962890625
691.4122314453125 355.063232421875
696.5105590820312 364.496337890625
616.3414916992188 261.62078857421875
625.3032836914062 276.615966796875
633.6464233398438 290.7441101074219
641.60107421875 304.11578369140625
649.1316528320312 316.6782531738281
656.222900390625 328.5815734863281
662.84619140625 339.8372802734375
669.2816772460938 350.5180969238281
675.3060302734375 360.6674499511719
680.930908203125 370.31512451171875
686.3926391601562 379.4537048339844
601.8552856445312 280.3435974121094
611.4502563476562 294.97686767578125
620.3925170898438 308.6779479980469
628.7119750976562 321.645263671875
636.6494140625 333.8274230957031
644.2067260742188 345.4244689941406
651.2880859375 356.364013671875
657.8949584960938 366.66644287109375
664.3262329101562 376.4708557128906
670.3329467773438 385.76812744140625
676.0221557617188 394.5951232910156