1 720 1333
548.391845703125 220.15475463867188
563.8748168945312 230.90780639648438
579.2645263671875 241.61651611328125
594.4768676757812 252.21978759765625
609.5541381835938 262.66015625
624.4735107421875 273.0638732910156
639.3021850585938 283.3558044433594
653.8502197265625 293.4868469238281
668.3867797851562 303.59326171875
682.6784057617188 313.531982421875
696.8309326171875 323.4216613769531
539.3541259765625 234.45469665527344
554.6884155273438 245.0049285888672
569.9180908203125 255.45880126953125
585.0260620117188 265.8606872558594
599.917724609375 276.1936950683594
614.7161254882812 286.3830871582031
629.4223022460938 296.44793701171875
643.9019165039062 306.4647521972656
658.3029174804688 316.3924560546875
672.5214233398438 326.1812438964844
686.5508422851562 335.7657165527344
530.586181640625 248.34765625
545.7518310546875 258.7044982910156
560.8001708984375 269.06915283203125
575.7600708007812 279.2773132324219
590.5848388671875 289.39483642578125
605.27197265625 299.3874206542969
619.7771606445312 309.3232421875
634.2324829101562 319.1571044921875
648.4573364257812 328.82403564453125
662.5355834960938 338.4659118652344
676.496337890625 347.9494323730469
521.9420776367188 261.9737548828125
537.0958862304688 272.2305908203125
551.9531860351562 282.32672119140625
566.7415771484375 292.37542724609375
581.4572143554688 302.3061828613281
595.9449462890625 312.1223449707031
610.4173583984375 321.80462646484375
624.6360473632812 331.49176025390625
638.7501220703125 341.0658874511719
652.7518310546875 350.4951477050781
666.63525390625 359.7861022949219
513.631591796875 275.2877502441406
528.5216064453125 285.31829833984375
543.391845703125 295.3093566894531
557.9986572265625 305.0821838378906
572.5423583984375 314.86004638671875
586.9011840820312 324.5301513671875
601.2645263671875 334.1559143066406
615.39111328125 343.5723876953125
629.4070434570312 353.0182800292969
643.275146484375 362.2933654785156
656.9950561523438 371.4474182128906
505.4721984863281 288.2809753417969
520.3035278320312 298.1695556640625
534.909423828125 307.8365783691406
549.469482421875 317.58782958984375
563.8065795898438 327.1841125488281
578.1640014648438 336.6575622558594
592.291015625 346.1278991699219
606.3082275390625 355.4418640136719
620.2271118164062 364.63897705078125
633.9757690429688 373.72479248046875
647.5930786132812 382.7061462402344
497.5188293457031 300.9391784667969
512.205810546875 310.6344299316406
526.6759033203125 320.28826904296875
541.1478271484375 329.73846435546875
555.3814086914062 339.26495361328125
569.5160522460938 348.52630615234375
583.5498657226562 357.7544860839844
597.4667358398438 366.8929748535156
611.2756958007812 376.03924560546875
624.87255859375 384.9281921386719
638.4290771484375 393.7782287597656
489.732177734375 313.3424072265625
504.3149108886719 322.8875732421875
518.6317749023438 332.33782958984375
532.925537109375 341.6761779785156
547.1473999023438 350.95709228515625
561.1431884765625 360.17852783203125
575.0325927734375 369.23712158203125
588.7803344726562 378.2196960449219
602.4798583984375 387.1277160644531
616.0325317382812 395.83819580078125
629.4597778320312 404.58050537109375