1 720 1333
506.1756896972656 48.790977478027344
524.5929565429688 59.40571594238281
543.20751953125 70.07585144042969
561.7010498046875 80.63375091552734
580.3629150390625 91.39794921875
598.843505859375 102.06441497802734
617.490478515625 112.73869323730469
636.0895385742188 123.48405456542969
654.5850219726562 134.19981384277344
673.2498779296875 144.89971923828125
691.739990234375 155.60333251953125
498.0625305175781 69.3464126586914
516.42431640625 79.76834106445312
534.646728515625 90.30840301513672
553.1067504882812 100.8292007446289
571.430419921875 111.40167236328125
589.7462768554688 121.9302978515625
608.185302734375 132.52366638183594
626.50439453125 143.1142120361328
644.831298828125 153.64361572265625
663.2296142578125 164.28591918945312
681.5568237304688 174.82286071777344
490.2676696777344 89.37203979492188
508.3544616699219 99.71295166015625
526.4554443359375 110.18940734863281
544.5684814453125 120.52852630615234
562.726318359375 130.94418334960938
580.8396606445312 141.42095947265625
599.0763549804688 151.80947875976562
617.2005004882812 162.30923461914062
635.3399047851562 172.69403076171875
653.4659423828125 183.22299194335938
671.6073608398438 193.6278076171875
482.5625 108.9962158203125
500.4660339355469 119.29281616210938
518.3831787109375 129.5491943359375
536.3507690429688 139.8155517578125
554.2826538085938 150.21173095703125
572.2164306640625 160.47457885742188
590.146240234375 170.74649047851562
608.0524291992188 181.09315490722656
625.9354248046875 191.40330505371094
643.9179077148438 201.6633758544922
661.85205078125 212.04193115234375
475.1239318847656 128.23098754882812
492.738037109375 138.35543823242188
510.4788818359375 148.5063934326172
528.2445678710938 158.66319274902344
545.9354858398438 168.8245391845703
563.6218872070312 179.0675506591797
581.3966064453125 189.24232482910156
599.11669921875 199.43978881835938
616.8197021484375 209.6040802001953
634.5884399414062 219.80162048339844
652.3668212890625 230.0594482421875
467.77215576171875 146.9833526611328
485.30126953125 157.05258178710938
502.7104187011719 167.07077026367188
520.3037719726562 177.1919708251953
537.7863159179688 187.2281494140625
555.3742065429688 197.30470275878906
572.8213500976562 207.35897827148438
590.38720703125 217.4115753173828
607.8756103515625 227.48484802246094
625.4844360351562 237.54714965820312
643.0476684570312 247.6561737060547
460.634521484375 165.37405395507812
477.9194030761719 175.34210205078125
495.2572937011719 185.2782745361328
512.5482788085938 195.22232055664062
529.831298828125 205.1508331298828
547.2575073242188 215.17018127441406
564.5469360351562 225.04225158691406
581.853515625 234.98643493652344
599.231201171875 244.9553985595703
616.5609130859375 254.9271697998047
633.9052124023438 264.8758239746094
453.6710510253906 183.41505432128906
470.6982421875 193.19384765625
487.8501892089844 202.9999237060547
505.0094299316406 212.79710388183594
522.2010498046875 222.6840362548828
539.3031005859375 232.52235412597656
556.422119140625 242.3993682861328
573.5453491210938 252.23463439941406
590.6924438476562 262.07965087890625
607.8651733398438 271.8678283691406
625.1057739257812 281.7666320800781