1 720 1333
575.3168334960938 249.91567993164062
604.9595336914062 238.64915466308594
633.4574584960938 227.853271484375
660.8781127929688 217.5314483642578
687.2760620117188 207.59518432617188
712.5794067382812 198.16180419921875
736.8674926757812 189.0473175048828
760.369384765625 180.29290771484375
782.8572998046875 171.84176635742188
804.5177001953125 163.70870971679688
825.436279296875 155.90594482421875
583.6597900390625 280.5640563964844
612.4400634765625 268.9388732910156
640.2241821289062 257.7860107421875
666.8155517578125 247.1977996826172
692.51318359375 236.8715057373047
717.1981201171875 227.05557250976562
740.8880615234375 217.60879516601562
763.7138061523438 208.54605102539062
785.7525634765625 199.80455017089844
806.9495239257812 191.40289306640625
827.4187622070312 183.2944793701172
591.6453857421875 309.6778259277344
619.66455078125 297.8093566894531
646.5545043945312 286.4476318359375
672.5626220703125 275.444580078125
697.534912109375 264.9018859863281
721.5905151367188 254.7493133544922
744.7149047851562 245.05613708496094
767.1406860351562 235.6260528564453
788.5673828125 226.64219665527344
809.3203735351562 217.8937530517578
829.30712890625 209.49758911132812
599.445556640625 337.5255432128906
626.5379638671875 325.4372863769531
652.7130737304688 313.73773193359375
678.01904296875 302.5597839355469
702.381103515625 291.70404052734375
725.7785034179688 281.40673828125
748.4677734375 271.3699645996094
770.2537231445312 261.6709899902344
791.3388671875 252.41551208496094
811.4669799804688 243.4617462158203
831.0950317382812 234.7063446044922
606.73046875 363.9146728515625
633.1604614257812 351.6645812988281
658.6104736328125 339.8204040527344
683.2447509765625 328.46075439453125
706.97412109375 317.4532470703125
729.8388061523438 306.7963562011719
751.9152221679688 296.5470886230469
773.3338623046875 286.6488342285156
793.7738647460938 277.1865234375
813.5855102539062 267.87335205078125
832.6361694335938 259.0772705078125
613.7859497070312 389.24639892578125
639.479736328125 376.76470947265625
664.2813110351562 364.78167724609375
688.2899780273438 353.2616882324219
711.412353515625 342.02294921875
733.6963500976562 331.2344970703125
755.33935546875 320.74908447265625
776.1229248046875 310.6357727050781
796.25732421875 300.92047119140625
815.5527954101562 291.5186462402344
834.392578125 282.33563232421875
620.5382690429688 413.2476806640625
645.5034790039062 400.7406311035156
669.6498413085938 388.6236267089844
693.0339965820312 376.88262939453125
715.5989990234375 365.54998779296875
737.3960571289062 354.5960388183594
758.4678344726562 343.86981201171875
778.7418212890625 333.6769104003906
798.4884643554688 323.6947326660156
817.4483642578125 314.12542724609375
835.7133178710938 304.77288818359375
627.0074462890625 436.2326965332031
651.3430786132812 423.5958251953125
674.8173828125 411.4513854980469
697.6082763671875 399.5790100097656
719.6329956054688 388.1268310546875
740.8917236328125 376.958251953125
761.482177734375 366.2247619628906
781.410888671875 355.66778564453125
800.5286865234375 345.633544921875
819.1884765625 335.7928771972656
837.1519165039062 326.37664794921875