1 720 1333
379.91864013671875 372.4994201660156
409.5789794921875 366.5668640136719
438.1105041503906 360.80792236328125
465.5697021484375 355.36663818359375
492.05426025390625 350.0251159667969
517.559814453125 344.9005432128906
542.2637939453125 339.9153137207031
566.026123046875 335.2210998535156
589.0692749023438 330.5403747558594
611.316650390625 326.10638427734375
632.6891479492188 321.7928771972656
385.5194091796875 398.75335693359375
414.6231994628906 392.41668701171875
442.69696044921875 386.3318786621094
469.6918640136719 380.40704345703125
495.7892761230469 374.6737365722656
520.9491577148438 369.2593688964844
545.2850341796875 363.8822021484375
568.68505859375 358.7644958496094
591.4782104492188 353.81884765625
613.423095703125 349.023681640625
634.6279296875 344.42657470703125
390.9399108886719 424.3824157714844
419.6328430175781 417.6112060546875
447.2693176269531 411.1047668457031
473.8118591308594 404.81048583984375
499.49658203125 398.7580261230469
524.3392333984375 392.91925048828125
548.34521484375 387.3231506347656
571.4450073242188 381.861328125
593.8225708007812 376.58868408203125
615.521484375 371.49700927734375
636.5001831054688 366.5401306152344
396.3599853515625 449.2822265625
424.5351867675781 442.1986389160156
451.6717529296875 435.3669128417969
477.8564147949219 428.6595153808594
503.228515625 422.3362731933594
527.6116333007812 416.20947265625
551.283447265625 410.22344970703125
574.1442260742188 404.44091796875
596.239501953125 398.85302734375
617.603759765625 393.4308776855469
638.3190307617188 388.21856689453125
401.5773010253906 473.5268859863281
429.3483581542969 466.114013671875
456.0529479980469 458.8292541503906
481.8017272949219 451.919921875
506.81195068359375 445.27825927734375
530.8370971679688 438.7491149902344
554.2411499023438 432.49554443359375
576.6813354492188 426.4866943359375
598.5452880859375 420.57562255859375
619.6060180664062 414.8638000488281
640.1878662109375 409.3695068359375
406.67803955078125 497.1673583984375
433.9853210449219 489.3866882324219
460.32708740234375 481.8148498535156
485.6929626464844 474.6098937988281
510.361083984375 467.5756530761719
534.075927734375 460.7941589355469
557.1049194335938 454.2963562011719
579.3171997070312 447.9307861328125
600.7380981445312 441.77099609375
621.6336669921875 435.8082580566406
641.7994384765625 430.04376220703125
411.7316589355469 520.1578979492188
438.5847473144531 512.1012573242188
464.52288818359375 504.2830810546875
489.52685546875 496.6784973144531
513.7645263671875 489.42767333984375
537.2255859375 482.36968994140625
559.8228149414062 475.4948425292969
581.7435913085938 468.84991455078125
603.0729370117188 462.5058898925781
623.581787109375 456.29693603515625
643.5299682617188 450.2365417480469
416.63519287109375 542.5115966796875
443.13482666015625 534.169677734375
468.6009826660156 526.0933837890625
493.35113525390625 518.263427734375
517.19970703125 510.6519775390625
540.30419921875 503.3554992675781
562.5906372070312 496.265625
584.286865234375 489.3408508300781
605.21630859375 482.6309814453125
625.4949340820312 476.1712341308594
645.1597900390625 469.8377380371094