1 720 1333
526.2315673828125 309.9107971191406
550.6364135742188 311.8306884765625
574.0592651367188 313.6717529296875
596.5138549804688 315.4931640625
618.1041870117188 317.24761962890625
638.7572631835938 318.7250061035156
658.6292114257812 320.3718566894531
677.7548217773438 321.7796325683594
696.1162719726562 323.3434753417969
713.6893310546875 324.5705871582031
730.6273193359375 325.833251953125
519.2412109375 329.40631103515625
543.2939453125 330.8522033691406
566.3134765625 332.35107421875
588.4878540039062 333.62786865234375
609.7033081054688 334.9391174316406
630.2024536132812 336.3099060058594
649.8259887695312 337.4337463378906
668.7445678710938 338.52923583984375
686.9949951171875 339.64208984375
704.4568481445312 340.6510314941406
721.2706298828125 341.6528015136719
512.5830078125 347.92462158203125
536.2579956054688 349.1471252441406
558.9361572265625 350.184814453125
580.7323608398438 351.17889404296875
601.7623901367188 352.1009521484375
621.958251953125 352.96868896484375
641.4407958984375 353.7928466796875
660.1597900390625 354.6639099121094
678.2169189453125 355.5284423828125
695.4684448242188 356.32568359375
712.2190551757812 356.9447937011719
506.2945251464844 365.7120361328125
529.5270385742188 366.49652099609375
551.8720092773438 367.2631530761719
573.4270629882812 367.8346862792969
594.149169921875 368.5152893066406
614.0718383789062 369.1922302246094
633.3297729492188 369.6525573730469
651.7905883789062 370.3355407714844
669.6707153320312 370.7244567871094
686.822021484375 371.3108215332031
703.4352416992188 371.62347412109375
500.2741394042969 382.7639465332031
523.1527099609375 383.28948974609375
545.1845703125 383.5717468261719
566.3970947265625 383.96392822265625
586.7866821289062 384.35504150390625
606.504638671875 384.589111328125
625.5107421875 384.88128662109375
643.8008422851562 385.2655334472656
661.5026245117188 385.501953125
678.5337524414062 385.61572265625
694.9800415039062 385.77191162109375
494.4015197753906 399.1951599121094
516.971923828125 399.3016662597656
538.6541748046875 399.3598937988281
559.6068725585938 399.4342346191406
579.7374877929688 399.462646484375
599.2610473632812 399.5421447753906
617.967529296875 399.5401611328125
636.1477661132812 399.569580078125
653.6124877929688 399.5840148925781
670.5020751953125 399.5596618652344
686.7427978515625 399.52679443359375
488.87493896484375 414.69647216796875
511.1644592285156 414.5532531738281
532.5079956054688 414.42974853515625
553.1671752929688 414.3126220703125
573.0025024414062 414.0843200683594
592.2478637695312 413.7607116699219
610.743408203125 413.60125732421875
628.6383666992188 413.4413146972656
646.0287475585938 413.2942810058594
662.6884155273438 412.9425048828125
678.85888671875 412.6327209472656
483.6094665527344 429.68609619140625
505.5075988769531 429.3907470703125
526.5784912109375 428.8499755859375
546.9034423828125 428.4889221191406
566.5230712890625 428.12384033203125
585.5127563476562 427.5639953613281
603.7543334960938 427.2287292480469
621.5335083007812 426.6797180175781
638.6021728515625 426.3976745605469
655.2469482421875 425.7790832519531
671.1878051757812 425.4341125488281