1 720 1333
559.4174194335938 124.00390625
581.513916015625 120.80809783935547
603.3209838867188 117.74337005615234
624.6771240234375 114.71257019042969
645.7505493164062 111.78362274169922
666.5516967773438 108.94942474365234
686.9410400390625 106.16033935546875
707.0447998046875 103.42973327636719
726.7156982421875 100.69391632080078
746.2099609375 98.1488037109375
765.3143310546875 95.54129028320312
563.5006103515625 147.3015899658203
585.3321533203125 143.95831298828125
606.739990234375 140.6859893798828
627.8709716796875 137.58982849121094
648.6936645507812 134.501708984375
669.2177124023438 131.4734649658203
689.3587036132812 128.5193328857422
709.1870727539062 125.63797760009766
728.60009765625 122.76284790039062
747.7330322265625 120.04021453857422
766.5863647460938 117.34797668457031
567.5022583007812 169.9276123046875
589.0178833007812 166.50958251953125
610.2134399414062 163.1463623046875
631.0027465820312 159.79226684570312
651.5674438476562 156.57972717285156
671.7071533203125 153.47482299804688
691.6099243164062 150.3810577392578
711.2503051757812 147.3540802001953
730.4742431640625 144.39895629882812
749.3741455078125 141.48028564453125
767.93896484375 138.64784240722656
571.431640625 192.12881469726562
592.6173706054688 188.51116943359375
613.510498046875 184.98480224609375
634.108642578125 181.5491943359375
654.3670654296875 178.2240447998047
674.3112182617188 174.8858184814453
693.8673706054688 171.67190551757812
713.237548828125 168.54318237304688
732.2763061523438 165.45123291015625
750.8502807617188 162.4417724609375
769.3148193359375 159.47625732421875
575.2592163085938 213.65301513671875
596.199951171875 209.932373046875
616.7014770507812 206.3437042236328
637.0911254882812 202.71983337402344
657.0989379882812 199.2664794921875
676.693359375 195.83193969726562
696.1624755859375 192.4906768798828
715.2296142578125 189.26907348632812
733.9151611328125 186.0434112548828
752.4205932617188 182.8550262451172
770.51953125 179.79454040527344
578.9695434570312 234.712890625
599.5703735351562 230.8790283203125
619.9189453125 227.1732177734375
639.93310546875 223.4521026611328
659.7071533203125 219.81863403320312
679.1800537109375 216.32557678222656
698.315673828125 212.80792236328125
717.1795654296875 209.4591522216797
735.623779296875 206.19439697265625
753.7875366210938 202.868408203125
771.7459716796875 199.66928100585938
582.5952758789062 255.3404541015625
602.9688720703125 251.34397888183594
623.0294189453125 247.49740600585938
642.7908935546875 243.6612548828125
662.33935546875 239.913818359375
681.505615234375 236.31703186035156
700.362060546875 232.70376586914062
718.9744262695312 229.24996948242188
737.3197631835938 225.75648498535156
755.33154296875 222.41827392578125
773.001708984375 219.12913513183594
586.2188720703125 275.37982177734375
606.2991333007812 271.3458557128906
626.0787963867188 267.3472900390625
645.5761108398438 263.45147705078125
664.8275756835938 259.611083984375
683.7042236328125 255.82916259765625
702.43603515625 252.18324279785156
720.726318359375 248.53541564941406
738.849853515625 244.9762725830078
756.5764770507812 241.51284790039062
774.1891479492188 238.1139678955078