1 720 1333
536.1005859375 182.03074645996094
553.6200561523438 180.317626953125
571.4464111328125 178.4473876953125
589.5388793945312 176.61187744140625
607.8840942382812 174.77487182617188
626.5518188476562 172.9849853515625
645.5197143554688 171.1676788330078
664.7205810546875 169.33119201660156
684.2971801757812 167.43154907226562
704.1022338867188 165.52853393554688
724.205810546875 163.61813354492188
538.9494018554688 201.3280029296875
556.4083251953125 199.62045288085938
574.1072387695312 198.06158447265625
592.0482788085938 196.40435791015625
610.3198852539062 194.65084838867188
628.7366943359375 193.04946899414062
647.5989379882812 191.37123107910156
666.63525390625 189.61187744140625
686.0855102539062 187.8878173828125
705.671142578125 186.2761993408203
725.6151733398438 184.516357421875
541.7869262695312 220.3104705810547
559.1320190429688 218.7382354736328
576.6133422851562 217.34922790527344
594.5095825195312 215.7281951904297
612.5737915039062 214.30618286132812
630.9794311523438 212.6893310546875
649.6353149414062 211.27540588378906
668.6012573242188 209.6361083984375
687.7705688476562 208.181396484375
707.3798828125 206.567626953125
727.1998901367188 205.0990753173828
544.5784912109375 238.94052124023438
561.7349853515625 237.61233520507812
579.228759765625 236.31845092773438
596.8642578125 234.8933563232422
614.8553466796875 233.54974365234375
633.1648559570312 232.23361206054688
651.6489868164062 230.7396240234375
670.4998779296875 229.453125
689.556640625 228.06402587890625
708.8844604492188 226.61160278320312
728.5614013671875 225.3209991455078
547.3524169921875 257.4291687011719
564.4085693359375 256.23907470703125
581.6397094726562 254.94476318359375
599.3193359375 253.71841430664062
617.1589965820312 252.54544067382812
635.2999877929688 251.38551330566406
653.6176147460938 250.1468505859375
672.372314453125 248.77662658691406
691.3383178710938 247.6039276123047
710.5132446289062 246.439453125
729.9630126953125 245.23330688476562
550.0869140625 275.50091552734375
566.9244995117188 274.4608459472656
584.1773071289062 273.4298095703125
601.5682983398438 272.385498046875
619.3746337890625 271.32037353515625
637.3550415039062 270.22979736328125
655.6441040039062 269.1528625488281
674.2120971679688 268.0539245605469
692.9852294921875 266.9087219238281
712.0468139648438 265.8001708984375
731.4381713867188 264.6848449707031
552.66748046875 293.38458251953125
569.5272827148438 292.4817810058594
586.5658569335938 291.5260009765625
603.92138671875 290.5620422363281
621.5230712890625 289.6478271484375
639.4590454101562 288.65594482421875
657.5464477539062 287.7644348144531
675.99267578125 286.79754638671875
694.5794677734375 285.87078857421875
713.567138671875 284.9839782714844
732.6734008789062 284.0379333496094
555.3775634765625 310.9020690917969
572.04248046875 310.2230224609375
589.016357421875 309.41839599609375
606.2833862304688 308.58636474609375
623.697509765625 307.76861572265625
641.4409790039062 307.07513427734375
659.4788818359375 306.267333984375
677.722412109375 305.4290771484375
696.3748168945312 304.577392578125
715.1148071289062 303.734130859375
734.1557006835938 302.953369140625