1 720 1333
564.9512939453125 206.10882568359375
577.01806640625 223.1839599609375
588.5894775390625 239.67697143554688
599.8784790039062 255.70542907714844
610.82861328125 271.30181884765625
621.48095703125 286.3618469238281
631.7434692382812 300.9607238769531
641.7445678710938 315.1680603027344
651.4620971679688 328.8896484375
660.8475341796875 342.2704772949219
669.9847412109375 355.2108459472656
547.4462280273438 216.50592041015625
559.63720703125 233.3665771484375
571.4880981445312 249.5655517578125
582.9584350585938 265.3938293457031
594.11083984375 280.6315612792969
604.8347778320312 295.4823303222656
615.3675537109375 309.79937744140625
625.51708984375 323.7808532714844
635.4296264648438 337.38360595703125
645.0006713867188 350.5056457519531
654.3445434570312 363.2463684082031
530.20068359375 226.8498992919922
542.5914916992188 243.41146850585938
554.6101684570312 259.4023742675781
566.28271484375 274.8515319824219
577.5484619140625 289.9169006347656
588.53369140625 304.4910888671875
599.1944580078125 318.6205139160156
609.5281982421875 332.3830871582031
619.5584716796875 345.718505859375
629.3408813476562 358.6106262207031
638.7716674804688 371.2223815917969
513.1903076171875 237.08670043945312
525.7628173828125 253.35340881347656
537.9837036132812 269.03729248046875
549.7776489257812 284.3301696777344
561.3080444335938 299.10870361328125
572.4258422851562 313.42822265625
583.2610473632812 327.3567199707031
593.6951904296875 340.8473815917969
603.8953857421875 353.9795837402344
613.8135986328125 366.678955078125
623.4849853515625 379.0260009765625
496.4523620605469 247.17237854003906
509.2727355957031 263.146240234375
521.6084594726562 278.5704040527344
533.602783203125 293.5571594238281
545.283935546875 308.1436767578125
556.53662109375 322.2453918457031
567.5075073242188 335.8997802734375
578.2222290039062 349.2329406738281
588.5435791015625 362.17352294921875
598.6107788085938 374.62384033203125
608.43603515625 386.74041748046875
479.96142578125 257.1004333496094
492.8762512207031 272.73602294921875
505.4723205566406 287.9472961425781
517.6148071289062 302.69244384765625
529.472900390625 317.0448303222656
540.8595581054688 330.8706970214844
552.0421752929688 344.36077880859375
562.832275390625 357.45697021484375
573.3731689453125 370.17657470703125
583.5667114257812 382.4640197753906
593.5375366210938 394.4384460449219
463.70281982421875 266.8338317871094
476.8908386230469 282.3136291503906
489.5871276855469 297.2800598144531
501.9105529785156 311.702392578125
513.8435668945312 325.774169921875
525.488525390625 339.4416198730469
536.7494506835938 352.6699523925781
547.7280883789062 365.5376281738281
558.4375 378.0425720214844
568.762939453125 390.19061279296875
578.81640625 401.8701171875
447.8008117675781 276.4946594238281
461.0711975097656 291.6683044433594
473.9582824707031 306.40179443359375
486.4224853515625 320.62432861328125
498.5611572265625 334.4833679199219
510.337890625 347.8332824707031
521.7260131835938 360.8580322265625
532.8080444335938 373.515869140625
543.65625 385.7666320800781
554.2183227539062 397.65966796875
564.4305419921875 409.28497314453125