1 720 1333
363.81268310546875 145.35772705078125
372.4648132324219 141.01644897460938
381.453857421875 136.51622009277344
390.60101318359375 132.01942443847656
400.2133483886719 127.27725982666016
409.96697998046875 122.46834564208984
420.1784362792969 117.38249206542969
430.5621032714844 112.31380462646484
441.3970031738281 106.86450958251953
452.5308532714844 101.47882843017578
464.18011474609375 95.74266052246094
367.34136962890625 161.15084838867188
376.02667236328125 157.02285766601562
384.91455078125 152.78955078125
394.27996826171875 148.4603729248047
403.71697998046875 144.0707244873047
413.6102294921875 139.39212036132812
423.70635986328125 134.7207489013672
434.2677307128906 129.77552795410156
444.9668884277344 124.7935791015625
456.2682800292969 119.61323547363281
467.7768859863281 114.34086608886719
370.7593994140625 176.77374267578125
379.52508544921875 172.93963623046875
388.5108642578125 168.97903442382812
397.7119445800781 164.89434814453125
407.34912109375 160.66180419921875
417.2370910644531 156.40902709960938
427.4050598144531 151.90390014648438
437.8244934082031 147.3983612060547
448.6473388671875 142.59588623046875
459.83831787109375 137.74533081054688
471.5140380859375 132.68174743652344
374.32061767578125 192.47918701171875
383.0388488769531 188.80906677246094
392.0774841308594 185.17239379882812
401.35125732421875 181.321533203125
410.8686828613281 177.4005889892578
420.75897216796875 173.3368682861328
430.97564697265625 169.1671142578125
441.4967346191406 164.77178955078125
452.3512878417969 160.40928649902344
463.5539855957031 155.7685546875
475.2315979003906 151.09222412109375
377.7497253417969 208.08380126953125
386.5152587890625 204.67047119140625
395.5548400878906 201.19313049316406
404.8276062011719 197.59164428710938
414.4703674316406 193.89666748046875
424.393310546875 190.18136596679688
434.59222412109375 186.23941040039062
445.1523742675781 182.21304321289062
455.9606628417969 178.01089477539062
467.27056884765625 173.72640991210938
478.8609924316406 169.35145568847656
381.2968444824219 223.5817413330078
390.051025390625 220.4304962158203
399.1184997558594 217.2064666748047
408.4036560058594 213.82110595703125
418.05242919921875 210.44512939453125
427.92657470703125 206.8430633544922
438.2135925292969 203.26092529296875
448.69744873046875 199.49241638183594
459.5923767089844 195.61996459960938
470.87530517578125 191.60472106933594
482.54827880859375 187.49063110351562
384.7008972167969 239.0679473876953
393.5254211425781 236.15415954589844
402.5653991699219 233.13319396972656
411.9029846191406 230.03587341308594
421.5530700683594 226.80517578125
431.5381164550781 223.5517578125
441.7768859863281 220.17198181152344
452.372802734375 216.66366577148438
463.3063659667969 213.10426330566406
474.59783935546875 209.39712524414062
486.307861328125 205.53765869140625
388.2214050292969 254.43582153320312
396.90185546875 251.73321533203125
406.1040954589844 248.90638732910156
415.4528503417969 246.12181091308594
425.1766052246094 243.1922149658203
435.1315002441406 240.1598358154297
445.42938232421875 237.02969360351562
455.9723205566406 233.76809692382812
466.97601318359375 230.4998321533203
478.3473815917969 227.11361694335938
490.0242614746094 223.51988220214844