1 720 1333
575.2271728515625 150.19580078125
596.1205444335938 140.5323944091797
616.03857421875 131.48977661132812
634.9298706054688 122.81652069091797
652.935791015625 114.65483093261719
670.1390380859375 106.89376831054688
686.4736938476562 99.50341796875
702.1703491210938 92.4314956665039
717.0614013671875 85.64422607421875
731.3477783203125 79.32465362548828
744.9785766601562 73.19429779052734
593.7188110351562 172.32351684570312
614.2952880859375 162.14736938476562
633.7131958007812 152.49221801757812
652.3193969726562 143.35682678222656
669.8932495117188 134.63796997070312
686.6661987304688 126.44944763183594
702.6642456054688 118.5546646118164
717.98779296875 111.0311508178711
732.5776977539062 103.8132095336914
746.5272216796875 97.07610321044922
759.827392578125 90.55525970458984
612.4102172851562 194.51284790039062
632.5079345703125 183.70278930664062
651.5614013671875 173.5527801513672
669.6705322265625 163.853271484375
686.9266357421875 154.67872619628906
703.3619384765625 145.96128845214844
718.9747924804688 137.6396942138672
733.896728515625 129.6757049560547
748.2598876953125 122.10188293457031
761.7646484375 114.85292053222656
774.7988891601562 108.02967071533203
631.2294311523438 216.82859802246094
650.837158203125 205.4879913330078
669.4921264648438 194.70352172851562
687.2316284179688 184.5159912109375
704.0756225585938 174.76904296875
720.0684814453125 165.6016387939453
735.3745727539062 156.79193115234375
749.9320678710938 148.45716857910156
763.8652954101562 140.41603088378906
777.1666870117188 132.7786865234375
789.8348388671875 125.53390502929688
650.1141357421875 239.33473205566406
669.3099975585938 227.3676300048828
687.49658203125 215.98472595214844
704.7516479492188 205.28538513183594
721.2593383789062 195.0579376220703
736.818115234375 185.3656463623047
751.7396240234375 176.10934448242188
765.965576171875 167.283203125
779.5479736328125 158.7822265625
792.4990844726562 150.76483154296875
804.8734130859375 143.16357421875
669.0963134765625 261.8374328613281
687.8134765625 249.32733154296875
705.5653686523438 237.40403747558594
722.4423217773438 226.07754516601562
738.4788208007812 215.35980224609375
753.6649780273438 205.19332885742188
768.2379150390625 195.42434692382812
782.07275390625 186.2007598876953
795.3346557617188 177.30630493164062
807.8462524414062 168.84451293945312
819.9371948242188 160.74400329589844
688.1829223632812 284.5743408203125
706.44482421875 271.36712646484375
723.6867065429688 258.8291931152344
740.17626953125 246.97027587890625
755.691650390625 235.7099609375
770.537841796875 225.08175659179688
784.6113891601562 214.8292694091797
798.1726684570312 205.14166259765625
810.9931640625 195.79627990722656
823.3134765625 187.00022888183594
834.9734497070312 178.53494262695312
707.3330078125 307.40936279296875
725.1107788085938 293.5293273925781
741.923095703125 280.43634033203125
757.8512573242188 267.9967346191406
773.0673217773438 256.2522277832031
787.4422607421875 245.0654296875
801.1978759765625 234.3661346435547
814.2313842773438 224.238525390625
826.6874389648438 214.48568725585938
838.5687255859375 205.276611328125
850.0455932617188 196.39193725585938