1 720 1333
567.2870483398438 248.45272827148438
584.76025390625 244.36077880859375
602.3555908203125 240.2838897705078
619.7586669921875 236.25518798828125
637.2506103515625 232.1927947998047
654.5402221679688 228.21266174316406
671.8639526367188 224.23794555664062
689.118896484375 220.29489135742188
706.305419921875 216.37245178222656
723.359375 212.47573852539062
740.330322265625 208.6354522705078
571.7005004882812 265.98114013671875
589.166015625 261.8544616699219
606.549072265625 257.7821960449219
623.8951416015625 253.7036895751953
641.2960815429688 249.6695098876953
658.5078125 245.66477966308594
675.677978515625 241.6827392578125
692.8201293945312 237.712890625
709.883056640625 233.79193115234375
726.8194580078125 229.89744567871094
743.685302734375 226.1488800048828
576.2130126953125 283.361328125
593.512939453125 279.27960205078125
610.7529296875 275.1841735839844
628.0559692382812 271.1068420410156
645.3140869140625 267.02740478515625
662.4395141601562 263.0645751953125
679.509033203125 259.0426330566406
696.526123046875 255.09994506835938
713.4822387695312 251.17578125
730.3737182617188 247.2565460205078
747.135009765625 243.36386108398438
580.548828125 300.523193359375
597.75244140625 296.43695068359375
614.9549560546875 292.3623962402344
632.1648559570312 288.2898254394531
649.2689208984375 284.24755859375
666.296875 280.21697998046875
683.293212890625 276.2198181152344
700.2362670898438 272.2393493652344
717.0621948242188 268.3063659667969
733.780029296875 264.3580627441406
750.4590454101562 260.45281982421875
584.8742065429688 317.510009765625
602.0724487304688 313.4024963378906
619.1343994140625 309.31402587890625
636.2103271484375 305.25201416015625
653.1851806640625 301.1936950683594
670.1505126953125 297.1627502441406
686.9803466796875 293.18548583984375
703.7793579101562 289.1800842285156
720.5256958007812 285.2294006347656
737.2111206054688 281.2654724121094
753.7052001953125 277.36920166015625
589.2593383789062 334.2747802734375
606.2693481445312 330.1976013183594
623.2667846679688 326.1052551269531
640.1762084960938 322.0004577636719
657.084716796875 317.9292297363281
673.8001708984375 313.9247741699219
690.6387939453125 309.86334228515625
707.3436279296875 305.9154968261719
724.0045166015625 301.930908203125
740.5220336914062 297.9534912109375
756.9890747070312 294.0606384277344
593.4808349609375 350.8486633300781
610.4249267578125 346.7122802734375
627.2681274414062 342.643310546875
644.1537475585938 338.5966491699219
660.848388671875 334.55694580078125
677.6068725585938 330.49761962890625
694.2936401367188 326.4834899902344
710.8560180664062 322.48272705078125
727.3922119140625 318.49359130859375
743.814208984375 314.5162658691406
760.1863403320312 310.54986572265625
597.6897583007812 367.2642517089844
614.5269775390625 363.1706848144531
631.3075561523438 359.1054382324219
648.027099609375 355.00665283203125
664.6608276367188 350.9513854980469
681.2927856445312 346.85272216796875
697.7980346679688 342.8086853027344
714.3431396484375 338.78350830078125
730.73291015625 334.791015625
747.0369873046875 330.8033142089844
763.33544921875 326.8554382324219