1 720 1333
384.8415222167969 154.8673858642578
414.6828308105469 165.4028778076172
443.3766174316406 175.48704528808594
470.7691955566406 185.18482971191406
497.22998046875 194.4766387939453
522.4915161132812 203.44252014160156
546.741455078125 211.9904327392578
570.1873168945312 220.3043212890625
592.59765625 228.1823272705078
614.3047485351562 235.87042236328125
635.0654907226562 243.28146362304688
378.8395080566406 179.47349548339844
409.3375244140625 189.56637573242188
438.5023498535156 199.30294799804688
466.5066223144531 208.59996032714844
493.3839111328125 217.5719757080078
519.0518188476562 226.19728088378906
543.7457275390625 234.43289184570312
567.5130615234375 242.33570861816406
590.4248657226562 249.88499450683594
612.3775024414062 257.32342529296875
633.500732421875 264.4326171875
372.656005859375 204.78875732421875
403.7156982421875 214.5128173828125
433.54815673828125 223.8407440185547
462.0881042480469 232.7986602783203
489.4031982421875 241.40113830566406
515.5890502929688 249.5972442626953
540.7236328125 257.4849853515625
564.868408203125 265.0631408691406
588.1402587890625 272.3227233886719
610.4494018554688 279.3797302246094
631.8368530273438 286.1376953125
366.3052978515625 231.09877014160156
398.0516052246094 240.35743713378906
428.42059326171875 249.2890167236328
457.5419006347656 257.7271728515625
485.4072570800781 265.9322204589844
512.0489501953125 273.71917724609375
537.5927734375 281.2950744628906
562.1929321289062 288.46038818359375
585.7632446289062 295.3776550292969
608.454833984375 302.0248107910156
630.3348999023438 308.5182189941406
359.7453918457031 258.2192687988281
392.2464294433594 267.00994873046875
423.2447814941406 275.4532470703125
452.8352966308594 283.5191345214844
481.2764587402344 291.2870788574219
508.4394226074219 298.6383972167969
534.4716186523438 305.73004150390625
559.4542236328125 312.5285949707031
583.4288940429688 319.0663146972656
606.4842529296875 325.4419860839844
628.56201171875 331.4774475097656
353.0841064453125 286.3255920410156
386.2377624511719 294.572021484375
417.8468933105469 302.5179138183594
448.1257019042969 310.15478515625
477.032958984375 317.4258117675781
504.6334533691406 324.3637390136719
531.2422485351562 331.0177307128906
556.5835571289062 337.3818359375
581.0357666015625 343.5118408203125
604.4500122070312 349.4220275878906
626.8579711914062 355.11895751953125
346.2177734375 315.3614501953125
380.0250549316406 323.0805358886719
412.38507080078125 330.4712829589844
443.2911682128906 337.57318115234375
472.67535400390625 344.3461608886719
500.8851013183594 350.79022216796875
527.8250122070312 356.9983825683594
553.7130126953125 362.9193420410156
578.5238647460938 368.5974426269531
602.3343505859375 374.1140441894531
625.2155151367188 379.3711242675781
339.163330078125 345.3918762207031
373.71868896484375 352.5152282714844
406.7181091308594 359.3712463378906
438.2967834472656 365.86224365234375
468.3426818847656 372.1586608886719
497.044921875 378.1121520996094
524.5006103515625 383.76226806640625
550.7548828125 389.2722473144531
575.981689453125 394.4476318359375
600.2070922851562 399.45849609375
623.3585815429688 404.2694396972656