1 720 1333
550.4151611328125 124.30414581298828
561.7269287109375 133.1587677001953
573.3843383789062 142.10609436035156
585.1436157226562 151.29788208007812
597.1622314453125 160.56314086914062
609.3432006835938 170.12290954589844
621.7000732421875 179.6639862060547
634.3773193359375 189.53009033203125
647.2149658203125 199.52227783203125
660.3897705078125 209.71275329589844
673.64794921875 220.13401794433594
541.4092407226562 138.81153869628906
552.5970458984375 147.7236785888672
564.0421752929688 156.80718994140625
575.6127319335938 166.01182556152344
587.4652099609375 175.46888732910156
599.483154296875 184.95236206054688
611.693603515625 194.6654815673828
624.210693359375 204.5641632080078
636.834716796875 214.60377502441406
649.74365234375 224.86343383789062
662.9542236328125 235.38107299804688
532.4087524414062 153.33029174804688
543.4907836914062 162.3070526123047
554.7445068359375 171.36221313476562
566.2699584960938 180.66018676757812
577.8837890625 190.11827087402344
589.7318115234375 199.67938232421875
601.8160400390625 209.4544677734375
614.1402587890625 219.42396545410156
626.5903930664062 229.5409698486328
639.3973388671875 239.8335418701172
652.3858642578125 250.4458465576172
523.5628051757812 167.52455139160156
534.4966430664062 176.55636596679688
545.603759765625 185.7246856689453
556.9425048828125 195.11334228515625
568.4474487304688 204.593505859375
580.2077026367188 214.29640197753906
592.0633544921875 224.13307189941406
604.2325439453125 234.15792846679688
616.4906005859375 244.3039093017578
629.1287841796875 254.68353271484375
641.8797607421875 265.30157470703125
514.825927734375 181.6223602294922
525.5910034179688 190.65646362304688
536.6177978515625 199.93898010253906
547.739501953125 209.3722686767578
559.2135009765625 218.95919799804688
570.6286010742188 228.64923095703125
582.4490356445312 238.5322265625
594.3990478515625 248.60855102539062
606.5446166992188 258.8482360839844
618.9382934570312 269.3457946777344
631.6029663085938 280.0133056640625
506.24713134765625 195.55242919921875
516.8226318359375 204.6871337890625
527.6494750976562 213.9739532470703
538.7071533203125 223.44821166992188
549.9096069335938 233.1069793701172
561.3667602539062 242.84878540039062
572.8778076171875 252.7864990234375
584.691162109375 262.9483947753906
596.6610107421875 273.3018798828125
608.9476318359375 283.7860107421875
621.4351196289062 294.5182800292969
497.6764221191406 209.3411865234375
508.2328796386719 218.5078125
518.9089965820312 227.8483428955078
529.7604370117188 237.40359497070312
540.8153076171875 247.08712768554688
552.1290283203125 256.91357421875
563.5457763671875 266.9637145996094
575.2031860351562 277.17816162109375
587.044677734375 287.5284423828125
599.1296997070312 298.1343994140625
611.4286499023438 308.83197021484375
489.343994140625 222.90029907226562
499.6604919433594 232.19638061523438
510.26910400390625 241.58302307128906
520.9703369140625 251.1940155029297
531.8720703125 260.8898010253906
543.04736328125 270.7884521484375
554.3379516601562 280.8710632324219
565.785888671875 291.1655578613281
577.4963989257812 301.5475158691406
589.4522094726562 312.2156066894531
601.566162109375 323.04119873046875