1 720 1333
357.9860534667969 112.47847747802734
376.5983581542969 115.4847640991211
395.4702453613281 118.60450744628906
414.5408630371094 121.73954772949219
433.7701416015625 124.9345703125
453.340576171875 128.23611450195312
473.04638671875 131.4821014404297
492.8862609863281 134.8246612548828
512.99951171875 138.2283935546875
533.3584594726562 141.6519317626953
553.8201293945312 145.17495727539062
350.735595703125 130.3758087158203
369.4733581542969 133.5032958984375
388.4446105957031 136.69134521484375
407.59234619140625 139.933837890625
427.06939697265625 143.32345581054688
446.6271057128906 146.63519287109375
466.48822021484375 150.09768676757812
486.502685546875 153.50173950195312
506.7118835449219 156.96986389160156
527.2349243164062 160.56968688964844
547.8377075195312 164.17242431640625
343.41375732421875 148.53970336914062
362.27886962890625 151.76390075683594
381.31353759765625 155.1581573486328
400.58831787109375 158.50064086914062
420.1853332519531 161.91162109375
439.85797119140625 165.41744995117188
459.8432922363281 168.8905029296875
480.0306701660156 172.5113067626953
500.38861083984375 176.1466064453125
520.9578857421875 179.7646484375
541.7178344726562 183.49737548828125
335.880615234375 167.04283142089844
354.8392333984375 170.39801025390625
374.1055908203125 173.81356811523438
393.4693298339844 177.38746643066406
413.1614685058594 180.90496826171875
433.0035095214844 184.52346801757812
453.123779296875 188.2069091796875
473.3975524902344 191.8144073486328
493.8557434082031 195.54840087890625
514.5977783203125 199.3746337890625
535.5382690429688 203.22061157226562
328.35675048828125 185.77911376953125
347.45196533203125 189.3546905517578
366.65643310546875 192.84365844726562
386.3048095703125 196.49366760253906
406.0336608886719 200.23602294921875
426.03350830078125 203.92953491210938
446.2918395996094 207.69163513183594
466.6508483886719 211.50103759765625
487.31011962890625 215.38418579101562
508.2034606933594 219.31419372558594
529.2753295898438 223.2889862060547
320.716552734375 204.9007110595703
339.76214599609375 208.52285766601562
359.3011474609375 212.2632293701172
378.8854064941406 216.03598022460938
398.8467102050781 219.77392578125
418.94915771484375 223.6549835205078
439.3648986816406 227.61688232421875
459.8268737792969 231.50228881835938
480.62445068359375 235.5032958984375
501.60455322265625 239.54576110839844
522.8147583007812 243.63523864746094
312.8798828125 224.31271362304688
332.21337890625 228.12899780273438
351.67950439453125 231.91175842285156
371.5539245605469 235.78538513183594
391.5368347167969 239.73007202148438
411.79229736328125 243.752685546875
432.3337707519531 247.7866973876953
453.0040283203125 251.84510803222656
473.8236389160156 255.99403381347656
495.0646667480469 260.2630920410156
516.382080078125 264.4638977050781
305.0387268066406 244.04795837402344
324.44903564453125 247.86563110351562
344.1065673828125 251.8700714111328
364.0051574707031 255.91664123535156
384.21337890625 260.07415771484375
404.5216979980469 264.2410583496094
425.1960144042969 268.3900146484375
446.0439453125 272.6036071777344
467.0783386230469 276.9128112792969
488.3396301269531 281.2823791503906
509.8445739746094 285.6047668457031