1 720 1333
590.9313354492188 197.22718811035156
609.88720703125 202.22457885742188
628.3006591796875 206.95675659179688
646.0211181640625 211.59300231933594
663.2701416015625 216.2280731201172
679.8441162109375 220.5557403564453
696.0568237304688 224.83657836914062
711.6504516601562 229.01480102539062
726.86962890625 233.10694885253906
741.545166015625 236.9941864013672
755.759521484375 240.81298828125
588.5098266601562 217.78671264648438
607.556884765625 222.4361572265625
625.9655151367188 226.88294982910156
643.7786865234375 231.3161163330078
661.1494750976562 235.49404907226562
677.820068359375 239.60523986816406
694.1165771484375 243.60142517089844
709.79248046875 247.51405334472656
725.0755615234375 251.32386779785156
739.7741088867188 254.9532012939453
754.1692504882812 258.5180358886719
586.0919189453125 238.51156616210938
605.2733764648438 242.79794311523438
623.6814575195312 246.92913818359375
641.6123657226562 250.9998779296875
659.0728149414062 254.95199584960938
675.7854614257812 258.7148132324219
692.1837158203125 262.4765319824219
707.91845703125 266.07537841796875
723.3068237304688 269.55645751953125
738.0975341796875 272.9532470703125
752.4404907226562 276.3201904296875
583.5846557617188 259.3872985839844
602.8204345703125 263.3534240722656
621.4232177734375 267.16473388671875
639.47119140625 270.860107421875
656.8734130859375 274.5016174316406
673.7283935546875 278.02777099609375
690.2205810546875 281.43292236328125
706.091064453125 284.7050476074219
721.468994140625 287.9450378417969
736.338134765625 291.0770263671875
750.6800537109375 294.1460266113281
581.2484741210938 280.36181640625
600.5067749023438 283.8955078125
619.226318359375 287.4506530761719
637.3233032226562 290.82830810546875
654.7733764648438 294.1653747558594
671.7207641601562 297.3810729980469
688.2855224609375 300.4923400878906
704.2086181640625 303.5028991699219
719.5794067382812 306.4404602050781
734.5133056640625 309.30902099609375
748.9747314453125 312.06805419921875
578.6846313476562 301.3979797363281
598.1937866210938 304.6518249511719
616.8765869140625 307.8293151855469
635.1111450195312 310.8962097167969
652.6529541015625 313.8821716308594
669.6781616210938 316.7522277832031
686.3013916015625 319.6098327636719
702.2755126953125 322.3447570800781
717.6906127929688 325.0060119628906
732.6807861328125 327.5274963378906
747.3047485351562 330.06658935546875
576.3731689453125 322.5438537597656
595.7645874023438 325.4678039550781
614.6171264648438 328.3412170410156
632.8580932617188 331.09088134765625
650.5562133789062 333.70880126953125
667.6299438476562 336.3358459472656
684.2706909179688 338.8018798828125
700.3150634765625 341.2855224609375
715.77880859375 343.57794189453125
730.8402709960938 345.8771667480469
745.4401245117188 348.1390075683594
573.9326171875 343.7562561035156
593.4825439453125 346.3913269042969
612.443115234375 348.83917236328125
630.6741333007812 351.2986145019531
648.484619140625 353.63763427734375
665.5946655273438 355.8690490722656
682.2867431640625 358.11859130859375
698.324462890625 360.2685546875
713.8839721679688 362.3141174316406
728.9376220703125 364.3214416503906
743.5838623046875 366.2622985839844