1 720 1333
627.3970947265625 326.45501708984375
653.664794921875 334.5455627441406
678.7450561523438 342.3192138671875
702.7852172851562 349.6807861328125
725.6851196289062 356.7691650390625
747.57763671875 363.58935546875
768.491455078125 370.0665588378906
788.4890747070312 376.315185546875
807.631591796875 382.1981506347656
825.9712524414062 387.8378601074219
843.4834594726562 393.33306884765625
619.74072265625 356.32757568359375
646.4214477539062 363.7439270019531
671.7760009765625 370.869140625
696.0205078125 377.6449279785156
719.2050170898438 384.228515625
741.2884521484375 390.4143371582031
762.4166259765625 396.3299865722656
782.6494750976562 401.8756103515625
802.0043334960938 407.387939453125
820.4896850585938 412.5159606933594
838.2451782226562 417.4986572265625
612.2410278320312 386.45819091796875
639.0966796875 393.2640075683594
664.6683959960938 399.6578063964844
689.2702026367188 405.8342590332031
712.6099853515625 411.71826171875
734.926025390625 417.3882751464844
756.3341064453125 422.6688232421875
776.7319946289062 427.7777404785156
796.36083984375 432.6422424316406
814.9598999023438 437.3902587890625
832.9050903320312 441.7830505371094
604.5932006835938 416.7247619628906
631.7066040039062 422.8529968261719
657.6561889648438 428.7015075683594
682.3878173828125 434.2974853515625
706.0303344726562 439.5356750488281
728.5518798828125 444.5041809082031
750.2073974609375 449.3143615722656
770.778076171875 453.7939758300781
790.5585327148438 458.2207336425781
809.45703125 462.34710693359375
827.5278930664062 466.3650817871094
596.9597778320312 447.2912902832031
624.3800659179688 452.6980285644531
650.5255126953125 457.8045349121094
675.5177612304688 462.72625732421875
699.3753051757812 467.40289306640625
722.197998046875 471.7987365722656
743.8958740234375 475.9721984863281
764.7723388671875 479.98797607421875
784.730224609375 483.7887268066406
803.80029296875 487.46832275390625
822.184326171875 490.9438781738281
589.3467407226562 477.97601318359375
616.9880981445312 482.67144775390625
643.396240234375 487.2095031738281
668.5704345703125 491.40362548828125
692.6788940429688 495.45556640625
715.64404296875 499.2463684082031
737.6456298828125 502.8002014160156
758.6948852539062 506.3455505371094
778.8718872070312 509.5669860839844
798.229736328125 512.7005004882812
816.6354370117188 515.7526245117188
581.6099243164062 508.7706298828125
609.5924682617188 512.81103515625
636.2506103515625 516.5928344726562
661.6343383789062 520.2166137695312
685.9681396484375 523.5341186523438
709.2062377929688 526.7703247070312
731.3846435546875 529.7918090820312
752.5948486328125 532.6887817382812
772.9577026367188 535.513916015625
792.4232788085938 538.1649780273438
811.1536254882812 540.6092529296875
573.9002685546875 539.9121704101562
602.0906372070312 543.273681640625
629.0189208984375 546.3068237304688
654.6829833984375 549.2103271484375
679.2344360351562 551.9209594726562
702.6212158203125 554.5223388671875
725.0111083984375 556.9487915039062
746.462158203125 559.3543701171875
767.0169677734375 561.49658203125
786.5990600585938 563.5931396484375
805.4715576171875 565.5947875976562