1 720 1333
649.602783203125 238.44595336914062
666.73291015625 242.7862548828125
683.2681884765625 247.0733642578125
699.2843627929688 251.2459259033203
714.7066650390625 255.2193145751953
729.7031860351562 259.0751953125
744.2696533203125 262.8221130371094
758.3515014648438 266.5314636230469
771.8763427734375 270.0911865234375
785.1610717773438 273.5586242675781
797.8211059570312 276.8179626464844
644.7335205078125 258.2402648925781
661.87890625 262.2155456542969
678.4598388671875 266.16650390625
694.4686279296875 269.87542724609375
709.991943359375 273.6112060546875
724.9046020507812 277.20843505859375
739.5191040039062 280.6571044921875
753.5664672851562 284.0787353515625
767.2791748046875 287.3919372558594
780.4520874023438 290.508056640625
793.2620239257812 293.5935974121094
640.0360717773438 277.71954345703125
657.1687622070312 281.4561767578125
673.640625 285.0011901855469
689.693359375 288.5386047363281
705.2562255859375 291.8830871582031
720.2705078125 295.20361328125
734.7625732421875 298.36785888671875
748.8526611328125 301.4249267578125
762.6038818359375 304.4531555175781
775.7249755859375 307.3701171875
788.60107421875 310.19171142578125
635.3053588867188 297.2191162109375
652.4223022460938 300.53778076171875
668.923828125 303.79742431640625
684.9967041015625 306.9811706542969
700.5384521484375 310.0944519042969
715.5538330078125 313.064208984375
730.1441650390625 315.897216796875
744.2802124023438 318.74853515625
757.9095458984375 321.4749755859375
771.2643432617188 324.12139892578125
783.9899291992188 326.64276123046875
630.5826416015625 316.44769287109375
647.6995239257812 319.48553466796875
664.327392578125 322.4147033691406
680.324462890625 325.3299560546875
695.8399047851562 328.0779724121094
710.883544921875 330.7176208496094
725.49658203125 333.3973083496094
739.594970703125 335.8451232910156
753.3751831054688 338.40045166015625
766.5794677734375 340.6965026855469
779.483642578125 343.0404357910156
625.9517211914062 335.5117492675781
643.1152954101562 338.2872314453125
659.6217651367188 340.8629150390625
675.671142578125 343.4436950683594
691.2705078125 345.9167175292969
706.3309326171875 348.3538818359375
720.8182983398438 350.6011962890625
735.0374145507812 352.87005615234375
748.7285766601562 355.1182861328125
762.0399169921875 357.2530822753906
774.8780517578125 359.2869567871094
621.465576171875 354.4435729980469
638.5299682617188 356.7838134765625
655.1326904296875 359.2091369628906
671.1270751953125 361.43035888671875
686.643798828125 363.57977294921875
701.6699829101562 365.6761779785156
716.35205078125 367.7468566894531
730.4723510742188 369.72198486328125
744.2554321289062 371.6507568359375
757.48193359375 373.5329895019531
770.3892211914062 375.375
616.9247436523438 373.1597900390625
634.0450439453125 375.2882995605469
650.5595092773438 377.29510498046875
666.5941162109375 379.27239990234375
682.1270751953125 381.1700134277344
697.2249755859375 382.97186279296875
711.7167358398438 384.6723327636719
725.8890380859375 386.4554138183594
739.590087890625 388.119384765625
752.9142456054688 389.67620849609375
765.7670288085938 391.29583740234375