1 720 1333
674.465576171875 114.84339904785156
686.513671875 134.02308654785156
698.1856689453125 152.5543975830078
709.4683837890625 170.61000061035156
720.4365844726562 188.13958740234375
731.0786743164062 205.1559295654297
741.3964233398438 221.6131591796875
751.41064453125 237.72779846191406
761.1806640625 253.369140625
770.5277099609375 268.5558166503906
779.650146484375 283.3513488769531
656.7015991210938 128.44110107421875
669.05810546875 147.3714141845703
680.9132080078125 165.6907958984375
692.5143432617188 183.5511932373047
703.7252807617188 200.88763427734375
714.6512451171875 217.70265197753906
725.2838134765625 234.11663818359375
735.5326538085938 249.98280334472656
745.5151977539062 265.52020263671875
755.1776123046875 280.52215576171875
764.5564575195312 295.1558837890625
639.01318359375 142.01251220703125
651.5358276367188 160.7115936279297
663.7100219726562 178.87832641601562
675.5846557617188 196.5467071533203
687.1283569335938 213.66842651367188
698.2766723632812 230.3829803466797
709.1290893554688 246.53697204589844
719.6024780273438 262.3671569824219
729.8159790039062 277.627685546875
739.7220458984375 292.5357971191406
749.365966796875 307.0194396972656
621.2473754882812 155.61219787597656
634.0988159179688 174.1862335205078
646.5220947265625 192.14788818359375
658.616455078125 209.57139587402344
670.389892578125 226.5662841796875
681.7745971679688 243.05917358398438
692.8383178710938 259.12158203125
703.6558227539062 274.6581726074219
714.1822509765625 289.8125915527344
724.3106079101562 304.5827331542969
734.1599731445312 318.8500671386719
603.4691772460938 169.30618286132812
616.556884765625 187.56411743164062
629.3388061523438 205.38531494140625
641.6360473632812 222.63204956054688
653.6732788085938 239.4398956298828
665.341552734375 255.72604370117188
676.6697998046875 271.6215515136719
687.6723022460938 287.10626220703125
698.4547729492188 302.1343688964844
708.7515869140625 316.62451171875
718.8060913085938 330.8260192871094
585.640380859375 182.98048400878906
599.1153564453125 201.12460327148438
612.0372924804688 218.6468048095703
624.652099609375 235.7089080810547
636.9275512695312 252.4041748046875
648.7911987304688 268.49749755859375
660.4367065429688 284.2593994140625
671.6864624023438 299.50872802734375
682.6201782226562 314.34808349609375
693.280029296875 328.755126953125
703.5529174804688 342.73345947265625
567.9000854492188 196.66514587402344
581.5629272460938 214.60906982421875
594.7731323242188 231.9696807861328
607.6648559570312 248.87489318847656
620.2337036132812 265.3396911621094
632.36328125 281.3228759765625
644.17333984375 296.77294921875
655.6377563476562 311.9028015136719
666.8084106445312 326.6082763671875
677.65576171875 340.798583984375
688.2654418945312 354.67999267578125
550.2100219726562 210.41905212402344
564.1373901367188 228.17330932617188
577.5940551757812 245.38357543945312
590.71337890625 262.0853271484375
603.47314453125 278.33978271484375
615.8159790039062 294.11285400390625
627.9208374023438 309.4320068359375
639.6105346679688 324.3891296386719
651.0507202148438 338.8061828613281
662.1272583007812 352.9231262207031
672.8204956054688 366.58770751953125