1 720 1333
556.2349853515625 240.68170166015625
566.6852416992188 239.65396118164062
577.535888671875 238.59861755371094
588.8372802734375 237.53482055664062
600.5264282226562 236.43905639648438
612.724853515625 235.2978515625
625.4518432617188 234.05819702148438
638.6234130859375 232.7375946044922
652.3937377929688 231.5058135986328
666.7200317382812 230.21835327148438
681.6522216796875 228.73233032226562
559.052001953125 257.3251647949219
569.3472290039062 256.54608154296875
580.3455200195312 255.72703552246094
591.4761352539062 255.07806396484375
603.276611328125 254.26531982421875
615.370361328125 253.4268035888672
628.08154296875 252.53036499023438
641.2280883789062 251.65676879882812
654.8787231445312 250.723876953125
669.251220703125 249.80880737304688
684.1734008789062 248.82537841796875
561.6184692382812 273.5833435058594
572.1419067382812 273.26190185546875
582.8211059570312 272.71856689453125
594.1907348632812 272.3277893066406
605.763671875 271.8393859863281
617.9511108398438 271.401611328125
630.5601806640625 270.8605041503906
643.7059326171875 270.4285888671875
657.3801879882812 269.8583984375
671.6126708984375 269.41680908203125
686.4932250976562 268.745849609375
564.384765625 289.7442932128906
574.676025390625 289.6844177246094
585.5674438476562 289.55963134765625
596.6930541992188 289.5118103027344
608.45263671875 289.35076904296875
620.498291015625 289.31640625
633.1271362304688 289.0703125
646.2279663085938 288.84979248046875
659.78173828125 288.7099609375
673.9968872070312 288.5881652832031
688.8209838867188 288.5157775878906
566.897216796875 305.801025390625
577.3817749023438 305.9676208496094
588.17333984375 306.2826232910156
599.3484497070312 306.3848876953125
610.94091796875 306.5849914550781
623.0390625 306.67218017578125
635.5872192382812 307.02508544921875
648.5973510742188 307.2598876953125
662.2469482421875 307.43499755859375
676.418212890625 307.6436462402344
691.2017211914062 307.8679504394531
569.5743408203125 321.67718505859375
579.9539794921875 322.2674865722656
590.6720581054688 322.5875244140625
601.8480224609375 323.25323486328125
613.4537963867188 323.54736328125
625.5741577148438 324.24774169921875
638.0735473632812 324.6216125488281
651.1246948242188 325.35174560546875
664.5918579101562 325.8440856933594
678.6915283203125 326.4811096191406
693.4511108398438 327.1907043457031
572.22705078125 337.4671325683594
582.4425048828125 338.1662902832031
593.3150634765625 338.88580322265625
604.376953125 339.6022033691406
616.0248413085938 340.52142333984375
627.9590454101562 341.3424377441406
640.5419921875 342.2887268066406
653.4913940429688 343.1649169921875
667.0469360351562 344.0592956542969
681.0728149414062 345.0011901855469
695.670166015625 345.9873962402344
574.6074829101562 352.89508056640625
585.1471557617188 353.9687805175781
595.6714477539062 354.9071350097656
606.94140625 356.1403503417969
618.4419555664062 357.1957092285156
630.4964599609375 358.3653564453125
642.9599609375 359.50152587890625
655.9025268554688 360.6701354980469
669.3761596679688 361.9421691894531
683.426025390625 363.308837890625
697.9967041015625 364.62005615234375