1 720 1333
654.7944946289062 239.5145721435547
674.2752075195312 238.49560546875
693.5383911132812 237.47129821777344
712.7605590820312 236.50448608398438
732.11865234375 235.50692749023438
751.2962646484375 234.57427978515625
770.389404296875 233.615234375
789.426513671875 232.66246032714844
808.4503784179688 231.7352752685547
827.3536987304688 230.84104919433594
846.211181640625 230.02243041992188
655.950927734375 258.86138916015625
675.3416748046875 257.8245544433594
694.5843505859375 256.8017883300781
713.8095092773438 255.78810119628906
733.1434326171875 254.80540466308594
752.2890625 253.86032104492188
771.3333129882812 252.8953094482422
790.4071655273438 251.9877166748047
809.3316650390625 251.1045379638672
828.2659301757812 250.19412231445312
846.9788818359375 249.2871551513672
657.1105346679688 278.35009765625
676.3967895507812 277.353271484375
695.622802734375 276.2673034667969
714.854248046875 275.2861328125
734.1328735351562 274.2528991699219
753.2587280273438 273.2723388671875
772.3399658203125 272.2673645019531
791.3092651367188 271.3064880371094
810.3110961914062 270.3271179199219
829.0713500976562 269.3689270019531
847.7948608398438 268.4139099121094
658.2201538085938 297.65032958984375
677.464111328125 296.5835266113281
696.6497192382812 295.54254150390625
715.9283447265625 294.50567626953125
735.14892578125 293.476318359375
754.2747802734375 292.5008544921875
773.3035888671875 291.4747009277344
792.2872924804688 290.4721374511719
811.1815185546875 289.4734802246094
829.8866577148438 288.4775085449219
848.6455688476562 287.4920654296875
659.3519897460938 317.0660705566406
678.5147094726562 315.914794921875
697.6998901367188 314.77069091796875
716.9329223632812 313.74456787109375
736.1338500976562 312.6736145019531
755.2326049804688 311.6656799316406
774.242919921875 310.6039123535156
793.1470947265625 309.5843200683594
812.0234985351562 308.5510559082031
830.7481079101562 307.5680236816406
849.5177612304688 306.52972412109375
660.4061889648438 336.3550109863281
679.5812377929688 335.26763916015625
698.7404174804688 334.1441955566406
717.9284057617188 333.0644226074219
737.1439208984375 331.904052734375
756.1603393554688 330.81024169921875
775.156494140625 329.726318359375
793.9912719726562 328.6993713378906
812.8369140625 327.64166259765625
831.601806640625 326.58929443359375
850.3470458984375 325.5628662109375
661.4816284179688 355.5256652832031
680.643310546875 354.43853759765625
699.7847900390625 353.34197998046875
718.9441528320312 352.2510681152344
738.094482421875 351.1302795410156
757.1011352539062 349.93548583984375
775.9882202148438 348.8293151855469
794.8648681640625 347.7229919433594
813.6519775390625 346.66497802734375
832.4411010742188 345.5899353027344
851.1285400390625 344.5210266113281
662.5830688476562 374.5999755859375
681.6903686523438 373.5174255371094
700.8174438476562 372.44598388671875
719.9462890625 371.3080749511719
739.0066528320312 370.2350158691406
757.9296264648438 369.0604553222656
776.8372802734375 367.8145751953125
795.682373046875 366.71673583984375
814.5142211914062 365.6181945800781
833.2184448242188 364.5006103515625
851.7276000976562 363.44488525390625