1 720 1333
543.6293334960938 59.33614730834961
565.2549438476562 55.498435974121094
586.7005004882812 51.74748611450195
608.173095703125 48.090206146240234
629.4148559570312 44.42113494873047
650.5701904296875 40.7868537902832
671.6305541992188 37.26377868652344
692.5982666015625 33.64716339111328
713.449951171875 30.190282821655273
734.1956176757812 26.742143630981445
754.6964721679688 23.414091110229492
547.0588989257812 76.72889709472656
568.8285522460938 72.8382339477539
590.5623168945312 69.06544494628906
612.225341796875 65.28060150146484
633.6809692382812 61.525272369384766
655.1090698242188 57.77960205078125
676.4141845703125 54.19198226928711
697.539306640625 50.52742385864258
718.5501098632812 46.90734100341797
739.4808349609375 43.422462463378906
760.2946166992188 39.93402862548828
550.538330078125 94.5868911743164
572.5883178710938 90.61731719970703
594.5261840820312 86.69950866699219
616.3894653320312 82.7840347290039
638.1253662109375 78.99683380126953
659.6734619140625 75.22537994384766
681.2456665039062 71.4275131225586
702.5562744140625 67.70116424560547
723.7780151367188 64.03633117675781
744.9197998046875 60.453121185302734
765.9061279296875 56.87416458129883
554.1362915039062 112.78579711914062
576.40576171875 108.74343872070312
598.5465087890625 104.73038482666016
620.5940551757812 100.76985931396484
642.5647583007812 96.83595275878906
664.4188232421875 92.96064758300781
686.17431640625 89.15106201171875
707.7007446289062 85.35198211669922
729.2283325195312 81.4974136352539
750.5213623046875 77.84693908691406
771.6874389648438 74.23882293701172
557.7406005859375 131.48570251464844
580.3201293945312 127.33196258544922
602.6490478515625 123.21298217773438
624.9881591796875 119.14529418945312
647.2191772460938 115.12886047363281
669.2547607421875 111.15819549560547
691.2275390625 107.20509338378906
712.98779296875 103.3267593383789
734.6425170898438 99.42786407470703
756.2413940429688 95.6166763305664
777.5696411132812 91.9306411743164
561.5105590820312 150.52462768554688
584.2910766601562 146.29837036132812
606.882080078125 142.06573486328125
629.4569091796875 137.85360717773438
651.8516845703125 133.75311279296875
674.1762084960938 129.6925048828125
696.3395385742188 125.6412353515625
718.3567504882812 121.65103149414062
740.2838134765625 117.65869140625
762.0509643554688 113.85729217529297
783.610107421875 110.08342742919922
565.3443603515625 170.00758361816406
588.3411254882812 165.61105346679688
611.24609375 161.32537841796875
633.9907836914062 157.06442260742188
656.624755859375 152.8328399658203
679.2197265625 148.6634521484375
701.5902709960938 144.571533203125
723.8259887695312 140.51292419433594
745.9949951171875 136.46963500976562
767.95263671875 132.5172576904297
789.7398681640625 128.5931396484375
569.2237548828125 189.93359375
592.4729614257812 185.46006774902344
615.60498046875 181.0064239501953
638.6317138671875 176.6581268310547
661.551513671875 172.37030029296875
684.3611450195312 168.1507110595703
706.9989624023438 163.89385986328125
729.492431640625 159.7414093017578
751.810791015625 155.64418029785156
773.9989624023438 151.61703491210938
796.048583984375 147.5981903076172