1 720 1333
580.4725341796875 228.75709533691406
594.21923828125 228.36947631835938
608.3899536132812 227.74404907226562
623.0343017578125 227.37213134765625
638.2589721679688 226.728515625
653.933837890625 226.33836364746094
670.2512817382812 225.6538543701172
687.0733642578125 225.25009155273438
704.4776611328125 224.5785675048828
722.5628662109375 223.99916076660156
741.2972412109375 223.44732666015625
586.2550048828125 245.0478057861328
599.8021240234375 244.76431274414062
613.8635864257812 244.5740203857422
628.48486328125 244.44866943359375
643.5116577148438 244.2250518798828
659.123291015625 243.9386749267578
675.2061157226562 243.6614990234375
691.7906494140625 243.49334716796875
709.0774536132812 243.35606384277344
726.876953125 243.0946502685547
745.3650512695312 242.75624084472656
591.8336791992188 260.8049011230469
605.3646240234375 260.8190612792969
619.3274536132812 260.8736267089844
633.714111328125 261.0282897949219
648.6392211914062 261.14337158203125
664.0894775390625 261.207275390625
679.9783935546875 261.29376220703125
696.4396362304688 261.37701416015625
713.4678955078125 261.44482421875
731.1529541015625 261.5139465332031
749.3563842773438 261.5949401855469
597.3379516601562 276.2903747558594
610.6931762695312 276.5346374511719
624.548095703125 276.7798156738281
638.8685302734375 277.264892578125
653.5798950195312 277.5151672363281
668.8186645507812 277.8127136230469
684.630126953125 278.3153991699219
700.8950805664062 278.6069641113281
717.71044921875 279.0858154296875
735.2275390625 279.4410705566406
753.2250366210938 279.79656982421875
602.6373291015625 291.33294677734375
615.9174194335938 291.7199401855469
629.6519165039062 292.38128662109375
643.7848510742188 292.85101318359375
658.46630859375 293.48712158203125
673.5620727539062 294.2095031738281
689.1697998046875 294.6731262207031
705.3033447265625 295.4263610839844
721.8910522460938 296.1713562011719
739.1430053710938 296.6956787109375
756.8782348632812 297.493896484375
607.8036499023438 305.8316955566406
621.0272827148438 306.59014892578125
634.6136474609375 307.45941162109375
648.654052734375 308.3179016113281
663.1869506835938 309.0870666503906
678.1741943359375 309.86785888671875
693.539794921875 310.74462890625
709.486328125 311.6762390136719
725.9015502929688 312.6390075683594
742.8875732421875 313.57568359375
760.4949340820312 314.5851135253906
612.8580322265625 320.1803894042969
625.9557495117188 321.1827392578125
639.4805297851562 322.1593017578125
653.37939453125 323.1711120605469
667.7362670898438 324.27471923828125
682.5319213867188 325.3203125
697.81201171875 326.40716552734375
713.5753784179688 327.5249328613281
729.8364868164062 328.6730041503906
746.6506958007812 329.8794250488281
764.0414428710938 331.2231140136719
617.7373657226562 334.0330505371094
630.7526245117188 335.2658386230469
644.1805419921875 336.3908996582031
657.9447631835938 337.61810302734375
672.2067260742188 338.8384094238281
686.8451538085938 340.2629699707031
701.9771118164062 341.51202392578125
717.5881958007812 342.83929443359375
733.64794921875 344.3361511230469
750.3109741210938 345.6372985839844
767.418212890625 347.2316589355469