1 720 1333
754.4127807617188 55.32615661621094
748.4058227539062 80.07477569580078
742.4776611328125 104.57656860351562
736.5277099609375 128.85423278808594
730.6817016601562 152.94418334960938
724.9193115234375 176.7056427001953
719.2371215820312 200.32257080078125
713.5480346679688 223.5888214111328
707.9716186523438 246.66380310058594
702.4129028320312 269.5191345214844
696.8685302734375 292.13409423828125
730.9028930664062 49.15128707885742
725.1185913085938 73.96391296386719
719.2664184570312 98.58727264404297
713.4568481445312 123.03038024902344
707.6673583984375 147.2139434814453
702.0517578125 171.06138610839844
696.4444580078125 194.69125366210938
690.802490234375 218.14405822753906
685.383056640625 241.3105926513672
679.865966796875 264.2694091796875
674.4889526367188 286.9219970703125
707.439453125 42.91447067260742
701.5914916992188 67.83197784423828
695.8438110351562 92.56977844238281
690.1882934570312 117.13892364501953
684.5169067382812 141.39137268066406
678.9468383789062 165.3634490966797
673.4533081054688 189.1328887939453
668.0377807617188 212.60205078125
662.5841674804688 235.84011840820312
657.2661743164062 258.9346008300781
651.9548950195312 281.72393798828125
683.6162109375 36.6324462890625
678.0191650390625 61.710140228271484
672.3687744140625 86.57048034667969
666.7310791015625 111.22779846191406
661.2767333984375 135.54086303710938
655.7311401367188 159.6360626220703
650.3896484375 183.50743103027344
644.9816284179688 207.15367126464844
639.6737670898438 230.48422241210938
634.4629516601562 253.6099395751953
629.2879028320312 276.5391845703125
659.7861328125 30.47939682006836
654.249755859375 55.59651565551758
648.681640625 80.56046295166016
643.2509155273438 105.25467681884766
637.7578125 129.71017456054688
632.4412231445312 153.91384887695312
627.1696166992188 177.8955078125
621.8764038085938 201.59889221191406
616.6371459960938 225.1061248779297
611.5310668945312 248.3436279296875
606.46728515625 271.3437194824219
635.7537841796875 24.27060890197754
630.3501586914062 49.48941421508789
624.8635864257812 74.52310943603516
619.5244140625 99.35060119628906
614.2504272460938 123.86506652832031
608.9324340820312 148.2156219482422
603.7453002929688 172.31903076171875
598.6033325195312 196.1327667236328
593.5380859375 219.6500701904297
588.5158081054688 243.0286102294922
583.535888671875 266.1270751953125
611.6450805664062 17.98486328125
606.306396484375 43.36543273925781
600.9686279296875 68.47528076171875
595.6686401367188 93.39425659179688
590.5177612304688 118.05411529541016
585.3866577148438 142.48886108398438
580.3189086914062 166.63050842285156
575.3231811523438 190.5851287841797
570.3465576171875 214.267822265625
565.4505615234375 237.6648406982422
560.5811157226562 260.8108215332031
587.4115600585938 11.751710891723633
582.1536254882812 37.200557708740234
576.8865356445312 62.44548797607422
571.7614135742188 87.45361328125
566.6654663085938 112.24269104003906
561.6705322265625 136.69129943847656
556.7123413085938 161.0386962890625
551.8107299804688 185.05250549316406
547.0081787109375 208.78347778320312
542.2545776367188 232.35638427734375
537.5390625 255.59957885742188