1 720 1333
529.0155639648438 72.60688781738281
546.7911376953125 88.56321716308594
564.0653686523438 104.00704956054688
580.6981811523438 119.00313568115234
596.8341674804688 133.4961700439453
612.5001831054688 147.54319763183594
627.6475219726562 161.1573944091797
642.39306640625 174.38510131835938
656.6383666992188 187.20135498046875
670.4630126953125 199.5751495361328
683.8156127929688 211.628662109375
514.9957275390625 90.77845764160156
532.8509521484375 106.34613037109375
550.2775268554688 121.42204284667969
567.0523681640625 135.96310424804688
583.3447265625 150.19943237304688
599.047607421875 163.7490997314453
614.3563842773438 177.127685546875
629.2000732421875 189.93507385253906
643.5296630859375 202.47923278808594
657.5100708007812 214.58726501464844
671.0175170898438 226.36788940429688
501.1823425292969 108.70881652832031
519.210693359375 123.87715911865234
536.6007690429688 138.56317138671875
553.5150756835938 152.79652404785156
569.8417358398438 166.5491943359375
585.7266845703125 179.87840270996094
601.1691284179688 192.82901000976562
616.1018676757812 205.43731689453125
630.5816040039062 217.61167907714844
644.612548828125 229.4532012939453
658.34423828125 240.93923950195312
487.4873352050781 126.50765991210938
505.6001281738281 141.27919006347656
523.21533203125 155.55667114257812
540.2014770507812 169.41720581054688
556.6171264648438 182.8253173828125
572.59521484375 195.8190460205078
588.1424560546875 208.4740447998047
603.2032470703125 220.7030487060547
617.7493896484375 232.6017608642578
631.9116821289062 244.18898010253906
645.66796875 255.4053192138672
474.0654602050781 143.97930908203125
492.3035888671875 158.43162536621094
509.90264892578125 172.32330322265625
527.0275268554688 185.79849243164062
543.573974609375 198.89202880859375
559.6293334960938 211.59408569335938
575.282958984375 223.9070587158203
590.4002075195312 235.81329345703125
605.131591796875 247.5025634765625
619.3857421875 258.69659423828125
633.2884521484375 269.6753234863281
460.74456787109375 161.32044982910156
479.1016845703125 175.35813903808594
496.7895202636719 188.87451171875
514.0596923828125 202.07681274414062
530.6603393554688 214.77386474609375
546.8193359375 227.20989990234375
562.534912109375 239.20144653320312
577.738525390625 250.82057189941406
592.5597534179688 262.19842529296875
606.9177856445312 273.2021179199219
620.8783569335938 283.8076171875
447.70263671875 178.36668395996094
466.1781005859375 192.06021118164062
483.92462158203125 205.28164672851562
501.25811767578125 218.1139678955078
518.00390625 230.51124572753906
534.2478637695312 242.5616455078125
549.998291015625 254.3080291748047
565.3478393554688 265.5946044921875
580.2401123046875 276.67333984375
594.6351318359375 287.4068298339844
608.7015991210938 297.81500244140625
434.8641052246094 195.272216796875
453.356201171875 208.53733825683594
471.2880554199219 221.42730712890625
488.5911865234375 233.90155029296875
505.4525146484375 246.0415496826172
521.7639770507812 257.7453918457031
537.5990600585938 269.2182312011719
553.0087890625 280.2976379394531
567.9856567382812 291.0218811035156
582.5278930664062 301.4699401855469
596.6569213867188 311.6178283691406