1 720 1333
623.1653442382812 401.5193176269531
643.6090698242188 403.695068359375
664.4713134765625 405.9255676269531
685.446533203125 408.1867370605469
706.7019653320312 410.4487609863281
728.236572265625 412.6201477050781
749.8251342773438 414.8482971191406
771.65625 417.2291259765625
793.7794799804688 419.44415283203125
816.0750122070312 421.6812438964844
838.5614624023438 424.0626525878906
622.575927734375 420.82940673828125
642.9983520507812 423.20208740234375
663.5217895507812 425.4476318359375
684.400634765625 427.7662048339844
705.3777465820312 430.1146240234375
726.6002807617188 432.4692077636719
748.0579223632812 434.70172119140625
769.6271362304688 437.1409912109375
791.4716186523438 439.46478271484375
813.5347290039062 441.7745361328125
835.7469482421875 444.208984375
622.2437133789062 439.77215576171875
642.3386840820312 442.2290344238281
662.6091918945312 444.58349609375
683.2838745117188 446.9759521484375
704.0543212890625 449.4084167480469
725.0541381835938 451.77069091796875
746.2681274414062 454.2316589355469
767.614501953125 456.6058044433594
789.3037719726562 459.1204528808594
811.112060546875 461.5089416503906
833.1427001953125 463.96514892578125
621.6790771484375 458.43304443359375
641.6279296875 460.8336181640625
661.7169799804688 463.3363037109375
682.2256469726562 465.80224609375
702.6519775390625 468.30029296875
723.4985961914062 470.7091369628906
744.4717407226562 473.2937316894531
765.6251831054688 475.7227478027344
787.056396484375 478.33349609375
808.6487426757812 480.7422180175781
830.4287719726562 483.34783935546875
621.3348388671875 476.56488037109375
640.9666137695312 479.1861877441406
660.9220581054688 481.64862060546875
681.1104125976562 484.2326354980469
701.4385375976562 486.6999816894531
721.9342041015625 489.3526916503906
742.7236938476562 491.8788757324219
763.6669311523438 494.4877014160156
784.8416748046875 497.13946533203125
806.2557373046875 499.6595153808594
827.7840576171875 502.3368225097656
620.78369140625 494.44140625
640.4193115234375 497.0932922363281
660.1110229492188 499.6259460449219
679.9841918945312 502.301513671875
700.2410888671875 504.8729248046875
720.5176391601562 507.513916015625
741.0791015625 510.2042236328125
761.7794799804688 512.7774658203125
782.6982421875 515.5043334960938
803.8870849609375 518.2001953125
825.2879638671875 520.8468017578125
620.4744262695312 511.8751220703125
639.7017822265625 514.5643310546875
659.3026733398438 517.2974853515625
679.0123291015625 519.924560546875
698.92822265625 522.612548828125
719.076904296875 525.3649291992188
739.4231567382812 528.0892333984375
759.8829345703125 530.72216796875
780.6484375 533.517578125
801.5599975585938 536.27978515625
822.7109985351562 539.0498046875
620.011474609375 529.0524291992188
639.1900024414062 531.760009765625
658.4698486328125 534.5414428710938
677.9409790039062 537.33251953125
697.6804809570312 540.0546875
717.613037109375 542.7611083984375
737.710693359375 545.5696411132812
758.1580200195312 548.3999633789062
778.5958251953125 551.2061767578125
799.3837280273438 553.909912109375
820.2738647460938 556.7280883789062