1 720 1333
744.4434204101562 203.19607543945312
762.7982177734375 198.91647338867188
780.6752319335938 194.81610107421875
798.072021484375 190.83059692382812
814.8501586914062 187.0557861328125
831.3086547851562 183.327880859375
847.2305908203125 179.62742614746094
862.6318969726562 176.1319122314453
877.6625366210938 172.63282775878906
892.3483276367188 169.33164978027344
906.5327758789062 166.10604858398438
747.7015991210938 225.85137939453125
765.9483642578125 221.39964294433594
783.575927734375 217.0372772216797
800.691162109375 212.7273406982422
817.4149169921875 208.6242218017578
833.552734375 204.62734985351562
849.3646240234375 200.71080017089844
864.6282348632812 196.9364013671875
879.5718383789062 193.30007934570312
894.072998046875 189.62881469726562
908.1905517578125 186.20858764648438
751.048583984375 248.2281036376953
769.0303955078125 243.4495086669922
786.443115234375 238.7588653564453
803.447021484375 234.30845642089844
819.8551025390625 229.898193359375
835.8714599609375 225.6385040283203
851.48779296875 221.49815368652344
866.67333984375 217.4656524658203
881.455322265625 213.5179443359375
895.7020874023438 209.67279052734375
909.6792602539062 206.00392150878906
754.2865600585938 270.2095031738281
772.0432739257812 265.1606750488281
789.3314819335938 260.25030517578125
806.0457153320312 255.46697998046875
822.3677978515625 250.79913330078125
838.2200927734375 246.32981872558594
853.5718383789062 241.9088897705078
868.5913696289062 237.6300048828125
883.3196411132812 233.48501586914062
897.4763793945312 229.44129943847656
911.3363647460938 225.4747314453125
757.3900146484375 291.7081604003906
774.9781494140625 286.4301452636719
792.05712890625 281.30780029296875
808.6102905273438 276.2920837402344
824.6956176757812 271.40399169921875
840.412353515625 266.5924377441406
855.6331176757812 261.9825134277344
870.5396728515625 257.4995422363281
885.073486328125 253.15574645996094
899.109375 248.81593322753906
912.7239990234375 244.65931701660156
760.5045776367188 312.90374755859375
777.8419189453125 307.38629150390625
794.68798828125 301.9429931640625
811.134765625 296.6671447753906
827.1321411132812 291.5717468261719
842.545654296875 286.6083068847656
857.6436157226562 281.7392272949219
872.4234008789062 277.05084228515625
886.7332153320312 272.4438171386719
900.6339111328125 267.9498291015625
914.30419921875 263.5605163574219
763.4873657226562 333.7236328125
780.7021484375 327.9160461425781
797.3853759765625 322.3333435058594
813.5787963867188 316.78399658203125
829.3739013671875 311.4502258300781
844.717529296875 306.28948974609375
859.6141357421875 301.2229309082031
874.2965087890625 296.2633972167969
888.4183959960938 291.45751953125
902.2720336914062 286.7171936035156
915.6138305664062 282.1864929199219
766.5110473632812 354.2117919921875
783.4847412109375 348.187744140625
800.0081176757812 342.2735595703125
815.99609375 336.5601806640625
831.5709838867188 330.9742126464844
846.7012329101562 325.5821838378906
861.546630859375 320.3108825683594
875.8836059570312 315.2013854980469
890.0453491210938 310.1605529785156
903.568603515625 305.3114929199219
916.9503173828125 300.46026611328125