1 720 1333
381.1653137207031 12.758227348327637
416.6655578613281 24.977651596069336
449.6356506347656 36.40126037597656
480.37591552734375 47.08417892456055
508.92059326171875 57.07648468017578
535.5134887695312 66.46075439453125
560.4171752929688 75.26932525634766
583.6671752929688 83.47021484375
605.5592651367188 91.29212188720703
626.0443115234375 98.55233764648438
645.3226928710938 105.46098327636719
377.03436279296875 51.573814392089844
412.41180419921875 62.26470184326172
445.28961181640625 72.19346618652344
475.8172912597656 81.4984359741211
504.3445129394531 90.25556945800781
530.8621826171875 98.42041015625
555.6810913085938 106.11593627929688
578.9766235351562 113.31206512451172
600.80908203125 120.06575775146484
621.3390502929688 126.44508361816406
640.5938720703125 132.4370880126953
373.1850280761719 89.64530944824219
408.3797302246094 98.743896484375
441.0303955078125 107.35747528076172
471.5125732421875 115.38176727294922
499.880615234375 122.79418182373047
526.4168090820312 129.8142547607422
551.1759643554688 136.42706298828125
574.39453125 142.57237243652344
596.2401123046875 148.39833068847656
616.6627197265625 153.80393981933594
635.9295654296875 159.02743530273438
369.4261169433594 127.02837371826172
404.443115234375 134.66482543945312
436.97613525390625 141.84048461914062
467.3140563964844 148.57598876953125
495.5676574707031 154.86053466796875
521.9263916015625 160.71725463867188
546.6280517578125 166.29327392578125
569.837158203125 171.42457580566406
591.6299438476562 176.32318115234375
612.1214599609375 180.8434600830078
631.3992309570312 185.25692749023438
365.8017883300781 163.62171936035156
400.6678161621094 169.8852081298828
433.04833984375 175.69456481933594
463.22711181640625 181.2171630859375
491.36883544921875 186.3327178955078
517.623291015625 191.1076202392578
542.2977905273438 195.54690551757812
565.430419921875 199.77626037597656
587.1908569335938 203.71795654296875
607.5744018554688 207.48150634765625
626.8109130859375 211.04322814941406
362.4825744628906 199.51995849609375
397.0811767578125 204.40086364746094
429.31494140625 208.9206085205078
459.280517578125 213.23487854003906
487.2608947753906 217.21820068359375
513.3896484375 220.85462951660156
537.9290161132812 224.3859100341797
561.010986328125 227.63755798339844
582.7152709960938 230.76577758789062
603.1337280273438 233.6529541015625
622.419189453125 236.47024536132812
359.3083190917969 234.54391479492188
393.59765625 238.15061950683594
425.5423278808594 241.4525146484375
455.40704345703125 244.56614685058594
483.2512512207031 247.47784423828125
509.28314208984375 250.22677612304688
533.66650390625 252.6563262939453
556.6614379882812 255.14920043945312
578.335205078125 257.4041748046875
598.68212890625 259.4942626953125
617.9312744140625 261.51104736328125
356.23345947265625 268.82415771484375
390.3269958496094 271.193359375
422.0332336425781 273.3813171386719
451.6169128417969 275.35235595703125
479.35638427734375 277.2337341308594
505.23681640625 278.8764343261719
529.544921875 280.5338439941406
552.4186401367188 282.1009216308594
574.013427734375 283.5169982910156
594.3128662109375 284.8206787109375
613.5032348632812 286.2304992675781