1 720 1333
456.7550354003906 158.72500610351562
468.2260437011719 164.06851196289062
479.7545166015625 169.45936584472656
491.82037353515625 175.06622314453125
504.1927490234375 180.78199768066406
516.8975219726562 186.67385864257812
529.9666748046875 192.75216674804688
543.4530639648438 199.07049560546875
557.3070068359375 205.4932098388672
571.5964965820312 212.2061004638672
586.3826293945312 219.11428833007812
447.40460205078125 173.77867126464844
458.4879150390625 179.28404235839844
470.2021484375 184.9375457763672
481.9602355957031 190.68580627441406
494.3110046386719 196.69387817382812
506.7253723144531 202.81796264648438
519.7051391601562 209.2223663330078
533.0701904296875 215.6737823486328
546.74658203125 222.40711975097656
560.9505004882812 229.3802490234375
575.6141967773438 236.5108184814453
437.7283935546875 188.8026885986328
448.92730712890625 194.57591247558594
460.3004150390625 200.4456024169922
472.15771484375 206.45474243164062
484.1950378417969 212.64833068847656
496.6488037109375 219.07586669921875
509.45928955078125 225.6339874267578
522.6485595703125 232.40907287597656
536.2715454101562 239.39028930664062
550.3497924804688 246.59808349609375
564.7340698242188 254.01138305664062
428.2193298339844 203.99172973632812
439.2474060058594 209.87673950195312
450.5394592285156 215.9902801513672
462.150634765625 222.29104614257812
474.1982116699219 228.66510009765625
486.43646240234375 235.3797607421875
499.2048034667969 242.2024383544922
512.2278442382812 249.22901916503906
525.6575317382812 256.4351501464844
539.5664672851562 263.85858154296875
553.9470825195312 271.634765625
418.571044921875 219.1424560546875
429.4830627441406 225.29541015625
440.66204833984375 231.57940673828125
452.21954345703125 238.10049438476562
464.0973815917969 244.76361083984375
476.30621337890625 251.65260314941406
488.761962890625 258.7247009277344
501.7498779296875 266.0488586425781
515.0719604492188 273.53564453125
528.8380737304688 281.3497619628906
543.0291748046875 289.3554992675781
408.8740234375 234.3787078857422
419.7362976074219 240.6638641357422
430.7120361328125 247.2533416748047
442.2478332519531 253.98643493652344
453.95654296875 260.87451171875
466.0445861816406 268.09564208984375
478.46331787109375 275.40081787109375
491.3244934082031 282.9224548339844
504.4725341796875 290.7208251953125
518.136962890625 298.75286865234375
532.1773681640625 307.1388244628906
399.36065673828125 249.57899475097656
409.88641357421875 256.1991271972656
420.9117126464844 262.9337463378906
432.2616882324219 269.8849182128906
443.82293701171875 277.12103271484375
455.7569274902344 284.4652099609375
468.1734313964844 292.1457214355469
480.7756652832031 299.9213562011719
493.8463134765625 307.95697021484375
507.34759521484375 316.3637390136719
521.3185424804688 324.9197692871094
389.55218505859375 264.8338317871094
400.2314758300781 271.651611328125
411.00506591796875 278.64947509765625
422.2606201171875 285.92626953125
433.6640625 293.3504943847656
445.5309143066406 301.03607177734375
457.735107421875 308.8315124511719
470.36981201171875 316.97796630859375
483.27655029296875 325.3631591796875
496.6210021972656 333.9342346191406
510.4241638183594 342.8029479980469