1 720 1333
610.6492919921875 226.8957061767578
629.03076171875 225.1810760498047
647.4769287109375 223.39813232421875
665.9259643554688 221.5596466064453
684.4747314453125 219.76947021484375
703.1019287109375 218.0673065185547
721.6693115234375 216.3019561767578
740.3961181640625 214.51531982421875
759.0952758789062 212.72618103027344
777.6837768554688 211.02377319335938
796.46826171875 209.29493713378906
613.230224609375 243.5203094482422
631.3074340820312 241.74240112304688
649.3929443359375 240.1117401123047
667.5647583007812 238.39889526367188
685.7977905273438 236.61341857910156
704.142822265625 234.9123992919922
722.434814453125 233.3112335205078
740.7186889648438 231.5583953857422
759.2125244140625 229.81362915039062
777.5556030273438 228.22540283203125
795.92578125 226.4702911376953
615.6300048828125 259.5765380859375
633.407470703125 257.87969970703125
651.3169555664062 256.304443359375
669.2417602539062 254.5929412841797
687.197998046875 252.93807983398438
705.1561279296875 251.35108947753906
723.1805419921875 249.63282775878906
741.23388671875 248.08680725097656
759.2920532226562 246.45240783691406
777.387939453125 244.70252990722656
795.5099487304688 243.1726837158203
618.0308837890625 275.22344970703125
635.5205688476562 273.56744384765625
653.0819091796875 271.9688415527344
670.6754760742188 270.4228210449219
688.4202880859375 268.7428894042969
706.1444091796875 267.25323486328125
723.750732421875 265.5902099609375
741.6076049804688 264.0624694824219
759.4163818359375 262.4798278808594
777.24365234375 260.805419921875
795.0467529296875 259.3011474609375
620.3513793945312 290.3433532714844
637.5441284179688 288.7072448730469
654.8382568359375 287.2685546875
672.2495727539062 285.6238708496094
689.5877075195312 284.1808776855469
707.0614624023438 282.5607604980469
724.4898071289062 281.1081848144531
741.9345703125 279.520751953125
759.5093994140625 278.00433349609375
777.0435791015625 276.4580993652344
794.5183715820312 274.81591796875
622.5694580078125 304.9466857910156
639.55419921875 303.486572265625
656.547119140625 301.9727783203125
673.6141967773438 300.513427734375
690.7310791015625 299.0189514160156
707.876708984375 297.51422119140625
725.1605834960938 296.0443420410156
742.400146484375 294.53155517578125
759.5653076171875 293.07208251953125
776.7764892578125 291.5229797363281
794.148193359375 290.0343017578125
624.7215576171875 319.2159729003906
641.4521484375 317.693603515625
658.2691650390625 316.3736267089844
675.067138671875 314.821044921875
691.87060546875 313.4402160644531
708.755859375 311.9886779785156
725.70556640625 310.5345458984375
742.6158447265625 309.11224365234375
759.6260375976562 307.576904296875
776.571533203125 306.18701171875
793.62158203125 304.6222839355469
626.8032836914062 332.9485168457031
643.3499755859375 331.5789794921875
659.7820434570312 330.2903747558594
676.4173583984375 328.7760314941406
693.0352172851562 327.4462890625
709.6275024414062 326.01055908203125
726.388916015625 324.5369873046875
743.0266723632812 323.21453857421875
759.6607055664062 321.6708068847656
776.4529418945312 320.30596923828125
793.2076416015625 318.7696838378906