1 720 1333
648.7867431640625 475.7103576660156
667.0250854492188 476.5147399902344
685.1357421875 477.3311767578125
703.2196655273438 477.9613952636719
721.2102661132812 478.65802001953125
739.2488403320312 479.3981018066406
757.2176513671875 480.0307312011719
775.1564331054688 480.6335144042969
792.9915161132812 481.3588562011719
810.8290405273438 481.9241027832031
828.6468505859375 482.5673522949219
648.302001953125 493.1643371582031
666.5813598632812 493.7885437011719
685.013427734375 494.56707763671875
703.369140625 495.36895751953125
721.6285400390625 496.0370178222656
739.8279418945312 496.6629943847656
758.2449340820312 497.4002380371094
776.407470703125 498.0030517578125
794.5264282226562 498.58941650390625
812.6364135742188 499.35955810546875
830.7449340820312 499.8985900878906
647.5839233398438 510.9595031738281
666.3470458984375 511.63385009765625
684.8630981445312 512.4464721679688
703.5508422851562 513.1893310546875
722.1726684570312 513.7647705078125
740.62548828125 514.5222778320312
759.238525390625 515.2693481445312
777.646728515625 515.7880249023438
796.1729736328125 516.4815673828125
814.5640258789062 517.204833984375
832.8724975585938 517.7110595703125
646.9464111328125 529.4059448242188
665.8564453125 530.1925659179688
684.7716064453125 530.781982421875
703.7010498046875 531.5474853515625
722.5712280273438 532.3427124023438
741.472412109375 532.9061279296875
760.3359985351562 533.6060180664062
779.0934448242188 534.3534545898438
797.7470703125 534.8753662109375
816.4908447265625 535.578125
835.2349853515625 536.3046875
646.3499145507812 548.3485717773438
665.5252685546875 549.0726318359375
684.6868286132812 549.6926879882812
703.9346313476562 550.5037841796875
723.2122802734375 551.2940673828125
742.3643798828125 551.8923950195312
761.4027709960938 552.5769653320312
780.4725341796875 553.3274536132812
799.4761962890625 553.8718872070312
818.5164184570312 554.56591796875
837.4625244140625 555.2928466796875
645.573974609375 567.7975463867188
665.2090454101562 568.603515625
684.6444091796875 569.4122314453125
704.2650146484375 570.188720703125
723.6363525390625 570.7789306640625
743.15283203125 571.5253295898438
762.5319213867188 572.2887573242188
781.8291625976562 572.7986450195312
801.3369140625 573.5504760742188
820.5226440429688 574.2714233398438
839.7728881835938 574.7415161132812
644.8243408203125 588.1406860351562
664.7175903320312 588.79248046875
684.5560913085938 589.5504150390625
704.4573364257812 590.34375
724.3054809570312 591.0668334960938
743.9570922851562 591.692138671875
763.6678466796875 592.4468383789062
783.4398803710938 593.1331176757812
803.0729370117188 593.67724609375
822.6314086914062 594.425048828125
842.2509765625 595.0330810546875
644.2305908203125 608.8629150390625
664.3975219726562 609.624755859375
684.510986328125 610.466552734375
704.6550903320312 611.2477416992188
724.7642211914062 611.91455078125
744.837158203125 612.6161499023438
764.91748046875 613.3866577148438
784.9229125976562 614.0675048828125
804.8834838867188 614.619873046875
824.7468872070312 615.3754272460938
844.653564453125 615.852294921875