1 720 1333
500.5848693847656 244.42771911621094
512.1273193359375 249.31756591796875
523.9321899414062 254.31301879882812
536.3111572265625 259.5364074707031
549.021728515625 264.8894958496094
562.292724609375 270.52252197265625
575.9361572265625 276.34649658203125
590.2412719726562 282.3857116699219
604.959228515625 288.591796875
620.4058227539062 295.15338134765625
636.4192504882812 301.8346862792969
498.0380554199219 262.24755859375
509.3587646484375 267.3544921875
521.1004028320312 272.6128845214844
533.2234497070312 278.12579345703125
545.76806640625 283.76556396484375
558.783447265625 289.64935302734375
572.3812255859375 295.73992919921875
586.3535766601562 302.12518310546875
600.8911743164062 308.6401672363281
616.0862426757812 315.4835205078125
631.8412475585938 322.579345703125
495.4784851074219 279.6685791015625
506.63287353515625 285.10467529296875
518.2471923828125 290.6048889160156
530.2493286132812 296.40625
542.5582275390625 302.33489990234375
555.46826171875 308.4848937988281
568.7310791015625 314.8353271484375
582.5813598632812 321.484619140625
596.8555908203125 328.369873046875
611.8573608398438 335.5035400390625
627.4007568359375 342.8486328125
493.0106201171875 296.9805603027344
503.9526062011719 302.508544921875
515.4688720703125 308.40234375
527.2151489257812 314.3633117675781
539.4878540039062 320.54205322265625
552.1326293945312 326.9305114746094
565.2969360351562 333.6131896972656
578.8152465820312 340.5014953613281
593.0162963867188 347.6629943847656
607.65869140625 355.067626953125
623.0061645507812 362.77557373046875
490.4919128417969 313.77301025390625
501.46453857421875 319.727294921875
512.6132202148438 325.6956787109375
524.3508911132812 331.93621826171875
536.380126953125 338.431396484375
548.865966796875 345.1369323730469
561.7669677734375 351.98626708984375
575.2962646484375 359.2369689941406
589.1907958984375 366.57476806640625
603.66650390625 374.3287658691406
618.6524658203125 382.2654113769531
488.1741638183594 330.5213317871094
498.79522705078125 336.54705810546875
509.99127197265625 342.7772216796875
521.4404296875 349.299072265625
533.4449462890625 356.00927734375
545.6770629882812 362.859619140625
558.5003662109375 370.08447265625
571.6832275390625 377.4577941894531
585.4490966796875 385.1986083984375
599.6797485351562 393.0920104980469
614.5186767578125 401.3326416015625
485.6796569824219 346.8203125
496.3929443359375 353.193115234375
507.3297119140625 359.56707763671875
518.6771850585938 366.3159484863281
530.4619140625 373.23089599609375
542.6058959960938 380.3349609375
555.2706909179688 387.74334716796875
568.333740234375 395.4080505371094
581.7945556640625 403.3087463378906
595.8419189453125 411.47509765625
610.4974975585938 419.9450378417969
483.39410400390625 362.92633056640625
493.8376159667969 369.4169616699219
504.68212890625 376.08001708984375
515.9920043945312 383.02880859375
527.55126953125 390.0892028808594
539.6155395507812 397.5133972167969
552.0892333984375 405.0780029296875
565.0003662109375 412.9118957519531
578.333740234375 421.0799560546875
592.24853515625 429.4742126464844
606.5375366210938 438.188720703125