1 720 1333
625.4212036132812 448.6645202636719
640.4329223632812 454.4275207519531
655.7438354492188 460.22979736328125
671.4703369140625 466.160888671875
687.4702758789062 472.2138366699219
703.79833984375 478.3817138671875
720.5614624023438 484.6045227050781
737.6287841796875 491.0736389160156
755.0980224609375 497.54559326171875
772.9209594726562 504.2927551269531
791.2378540039062 511.1329040527344
617.5975341796875 463.6313171386719
632.66015625 469.5626220703125
648.172119140625 475.6200866699219
663.8734130859375 481.762451171875
680.0745239257812 488.1408386230469
696.4939575195312 494.5187683105469
713.3573608398438 501.08978271484375
730.5343017578125 507.6932373046875
748.18212890625 514.54833984375
766.1533203125 521.5275268554688
784.5743408203125 528.65087890625
609.5938720703125 478.9111633300781
624.7538452148438 485.11932373046875
640.3045043945312 491.4273376464844
656.2275390625 497.8003845214844
672.4130859375 504.3775329589844
688.9811401367188 511.0614318847656
705.9102172851562 517.829345703125
723.3130493164062 524.7998657226562
741.0050048828125 531.8734130859375
759.1713256835938 539.2509765625
777.7083740234375 546.6334228515625
601.4690551757812 494.5448303222656
616.6884765625 500.90472412109375
632.3274536132812 507.5068054199219
648.2561645507812 514.25
664.5806274414062 521.0087890625
681.2965087890625 527.9629516601562
698.3571166992188 535.1083374023438
715.7730102539062 542.3585815429688
733.6575317382812 549.7113647460938
751.9700317382812 557.3727416992188
770.6715698242188 565.1195678710938
593.104736328125 510.50506591796875
608.4312744140625 517.1932983398438
624.1220703125 523.9857788085938
640.2008666992188 530.9281005859375
656.5730590820312 538.0162963867188
673.3782348632812 545.333251953125
690.568359375 552.6685791015625
708.1819458007812 560.3161010742188
726.214599609375 568.0093383789062
744.610595703125 575.8926391601562
763.4942626953125 584.04931640625
584.5599975585938 526.7432250976562
599.9415893554688 533.6890258789062
615.7205810546875 540.7655029296875
631.8310546875 548.071533203125
648.4138793945312 555.4837646484375
665.3163452148438 563.0517578125
682.6294555664062 570.718994140625
700.3703002929688 578.6112060546875
718.5055541992188 586.6687622070312
737.090576171875 594.9758911132812
756.1442260742188 603.4615478515625
575.7353515625 543.4642333984375
591.3382568359375 550.665283203125
607.168701171875 558.09912109375
623.4431762695312 565.6155395507812
640.0017700195312 573.3555297851562
657.0067138671875 581.23095703125
674.4558715820312 589.2908325195312
692.3590087890625 597.5081787109375
710.5845336914062 605.8587036132812
729.37744140625 614.5490112304688
748.5078735351562 623.3604736328125
566.7888793945312 560.5159912109375
582.4188232421875 568.0497436523438
598.4033813476562 575.7057495117188
614.6882934570312 583.5557250976562
631.4703979492188 591.6166381835938
648.5466918945312 599.80810546875
666.141845703125 608.2728881835938
684.1588134765625 616.7930297851562
702.53759765625 625.5835571289062
721.4205932617188 634.5680541992188
740.7379150390625 643.708984375