1 720 1333
498.47235107421875 116.55240631103516
522.8282470703125 111.85051727294922
546.4474487304688 107.42424774169922
569.2871704101562 103.13516235351562
591.3729248046875 98.963623046875
612.6798095703125 95.04129791259766
633.3817749023438 91.20072174072266
653.4078979492188 87.47323608398438
672.7396240234375 83.87564849853516
691.5404663085938 80.50179290771484
709.7037963867188 77.24737548828125
507.33563232421875 142.0979766845703
531.4669189453125 136.9855194091797
554.8018188476562 132.1747589111328
577.4297485351562 127.43964385986328
599.3240356445312 122.84123229980469
620.429931640625 118.55514526367188
640.9087524414062 114.36611938476562
660.72802734375 110.30826568603516
679.9844970703125 106.38729095458984
698.5700073242188 102.62371826171875
716.617919921875 99.0201416015625
516.1071166992188 167.41879272460938
540.0238647460938 161.90126037597656
563.1389770507812 156.61599731445312
585.5184326171875 151.53074645996094
607.2020874023438 146.59695434570312
628.1558837890625 141.87762451171875
648.4467163085938 137.34326171875
668.1727294921875 132.88540649414062
687.1893920898438 128.64317321777344
705.6015625 124.61621856689453
723.4276123046875 120.65383911132812
524.8209838867188 192.57411193847656
548.48486328125 186.6515655517578
571.4392700195312 180.9729766845703
593.5701904296875 175.5352020263672
615.1090087890625 170.26303100585938
635.7720336914062 165.18739318847656
655.95556640625 160.25856018066406
675.44091796875 155.4906768798828
694.3792724609375 150.8394775390625
712.5532836914062 146.50987243652344
730.3001098632812 142.2814483642578
533.471923828125 217.5460205078125
556.9691772460938 211.30104064941406
579.6044311523438 205.2081756591797
601.601318359375 199.31857299804688
622.8112182617188 193.6497802734375
643.4847412109375 188.2283172607422
663.3956909179688 182.87652587890625
682.7137451171875 177.82582092285156
701.42626953125 172.9350128173828
719.5224609375 168.26332092285156
736.9728393554688 163.6579132080078
542.1565551757812 242.38101196289062
565.3512573242188 235.610107421875
587.8132934570312 229.23941040039062
609.5343627929688 222.9123992919922
630.6386108398438 216.87596130371094
651.04052734375 211.1402587890625
670.7932739257812 205.51681518554688
689.9110107421875 200.09292602539062
708.4838256835938 194.8268585205078
726.3729858398438 189.80435180664062
743.720947265625 184.91552734375
550.6309204101562 266.9599609375
573.6349487304688 259.8380126953125
595.8717041015625 253.00196838378906
617.4683837890625 246.4152374267578
638.364013671875 240.0297393798828
658.5501098632812 233.8571319580078
678.1488647460938 227.87625122070312
697.1161499023438 222.22569274902344
715.4198608398438 216.62240600585938
733.2338256835938 211.31005859375
750.4005126953125 206.1483612060547
559.1902465820312 291.38543701171875
581.8995971679688 283.8714599609375
603.9176025390625 276.6422119140625
625.3534545898438 269.69183349609375
646.0300903320312 262.9733581542969
666.06396484375 256.49334716796875
685.4352416992188 250.2607421875
704.233642578125 244.16049194335938
722.36767578125 238.32449340820312
739.8727416992188 232.60951232910156
756.8841552734375 227.1925811767578