1 720 1333
488.9434814453125 285.3358459472656
500.7768249511719 294.829833984375
513.0497436523438 304.7698059082031
525.3048706054688 314.64459228515625
537.8238525390625 324.8369445800781
550.5740356445312 335.0907287597656
563.588134765625 345.53692626953125
576.7398681640625 356.1710510253906
590.2302856445312 366.96307373046875
603.8735961914062 377.8363037109375
617.7631225585938 388.93719482421875
486.7710266113281 297.8912048339844
498.5872497558594 307.63568115234375
510.4223937988281 317.2846984863281
522.5172729492188 327.25335693359375
534.7534790039062 337.2161865234375
547.3326416015625 347.44281005859375
559.98388671875 357.71856689453125
572.8700561523438 368.3039855957031
586.051513671875 378.9669494628906
599.4558715820312 389.7461242675781
613.0135498046875 400.6885986328125
484.8441467285156 310.3440856933594
496.31842041015625 319.7109069824219
507.97393798828125 329.4664611816406
519.7496948242188 339.22869873046875
531.8095703125 349.2400207519531
544.1240234375 359.326904296875
556.5472412109375 369.56365966796875
569.2103271484375 379.96044921875
582.0607299804688 390.5498046875
595.1116333007812 401.2359313964844
608.4247436523438 412.0993957519531
482.7949523925781 322.1329345703125
494.2051086425781 331.6067810058594
505.553955078125 341.1660461425781
517.2523193359375 350.8766784667969
529.0368041992188 360.7314147949219
541.020263671875 370.7657470703125
553.2445068359375 380.92559814453125
565.552001953125 391.249267578125
578.167724609375 401.66571044921875
590.9583740234375 412.3155822753906
603.9487915039062 422.9860534667969
481.0898132324219 333.66009521484375
492.099609375 342.98052978515625
503.3305969238281 352.5062561035156
514.6328735351562 362.14312744140625
526.298095703125 371.880126953125
537.9923095703125 381.7728271484375
549.9341430664062 391.8592224121094
562.125 402.10443115234375
574.4215087890625 412.46234130859375
586.9800415039062 422.873046875
599.6915283203125 433.4840087890625
479.236083984375 344.67681884765625
490.04937744140625 354.0398254394531
501.0343933105469 363.4032897949219
512.29931640625 372.9896240234375
523.590087890625 382.6299743652344
535.1802978515625 392.50030517578125
546.822998046875 402.45220947265625
558.7417602539062 412.5426330566406
570.7994995117188 422.7677001953125
583.1724243164062 433.2024841308594
595.5900268554688 443.59002685546875
477.45184326171875 355.474609375
488.12078857421875 364.6253967285156
498.9170837402344 373.9827575683594
509.8597106933594 383.4497985839844
521.12060546875 393.10943603515625
532.4315795898438 402.7678527832031
543.9069213867188 412.6416931152344
555.544921875 422.61358642578125
567.4194946289062 432.7474670410156
579.461181640625 442.9848327636719
591.67041015625 453.38043212890625
475.691650390625 365.7750549316406
486.2439270019531 374.9495849609375
496.77410888671875 384.235107421875
507.6105651855469 393.599853515625
518.578857421875 403.10345458984375
529.6995239257812 412.7012023925781
541.01708984375 422.490234375
552.4977416992188 432.363525390625
564.15283203125 442.38897705078125
575.9541015625 452.46710205078125
587.8837890625 462.6808776855469