1 720 1333
552.1565551757812 374.0135803222656
564.8114013671875 379.24127197265625
578.3458251953125 384.7043151855469
592.1080322265625 390.409423828125
606.4957885742188 396.3033142089844
621.4041748046875 402.3713684082031
636.9677734375 408.6660461425781
653.0775146484375 415.29364013671875
669.8104248046875 422.12554931640625
687.3626098632812 429.1741027832031
705.5072631835938 436.4819641113281
551.4483032226562 391.3350524902344
564.2473754882812 396.88995361328125
577.404052734375 402.605224609375
591.0887451171875 408.5804748535156
605.3156127929688 414.7090148925781
620.0258178710938 421.1509094238281
635.3720703125 427.7051696777344
651.3374633789062 434.5801696777344
667.781494140625 441.69281005859375
685.0765991210938 449.1556396484375
702.9776000976562 456.699462890625
550.7921752929688 408.457763671875
563.4090576171875 414.2122497558594
576.483154296875 420.2743225097656
589.9769897460938 426.4283752441406
604.1123046875 432.8046569824219
618.580078125 439.4565734863281
633.7257690429688 446.4002990722656
649.4801025390625 453.5018615722656
665.7803344726562 460.9102478027344
682.7635498046875 468.5696716308594
700.4913940429688 476.52642822265625
550.269775390625 425.2259216308594
562.6327514648438 431.27667236328125
575.5509033203125 437.4349060058594
588.9937744140625 443.9010314941406
602.8050537109375 450.5762939453125
617.3132934570312 457.49627685546875
632.2919921875 464.6260986328125
647.6801147460938 472.0588684082031
663.8087768554688 479.6971740722656
680.631103515625 487.6458740234375
698.1109619140625 495.8525085449219
549.57568359375 441.62109375
561.9109497070312 447.9085998535156
574.6567993164062 454.36956787109375
587.9236450195312 461.03546142578125
601.679931640625 467.93511962890625
615.8746948242188 475.12677001953125
630.672119140625 482.5016174316406
645.9873046875 490.17230224609375
661.888427734375 498.1170654296875
678.481689453125 506.31201171875
695.6494140625 514.7672119140625
549.0264282226562 457.7838134765625
561.2614135742188 464.30322265625
573.8214721679688 470.9447937011719
586.9766845703125 477.8206787109375
600.537109375 484.95684814453125
614.5856323242188 492.3640441894531
629.284423828125 499.9896545410156
644.3915405273438 507.8762512207031
660.0474243164062 516.0875854492188
676.408203125 524.5321655273438
693.3727416992188 533.3180541992188
548.451416015625 473.65069580078125
560.49365234375 480.3426513671875
573.0335693359375 487.2282409667969
585.9517211914062 494.3412170410156
599.4564819335938 501.6617431640625
613.365478515625 509.2521667480469
627.7215576171875 517.1171875
642.6681518554688 525.226318359375
658.2836303710938 533.63720703125
674.3720092773438 542.3568725585938
691.119873046875 551.3923950195312
547.7454223632812 489.2417297363281
559.7159423828125 496.1457824707031
572.2310791015625 503.2112731933594
585.0411987304688 510.4815368652344
598.3792114257812 518.065673828125
612.130126953125 525.7891235351562
626.3966674804688 533.8510131835938
641.2254638671875 542.2291870117188
656.495849609375 550.8170166015625
672.4552001953125 559.7440795898438
688.8845825195312 568.9537353515625