1 720 1333
704.9822998046875 295.7083435058594
716.5817260742188 298.3998718261719
728.54296875 301.2335205078125
740.9651489257812 304.1236267089844
753.8228149414062 307.1558837890625
767.2740478515625 310.2884216308594
781.1488037109375 313.4954833984375
795.5540771484375 316.8120422363281
810.5013427734375 320.36004638671875
826.1971435546875 323.9960021972656
842.42041015625 327.760986328125
697.672607421875 309.25823974609375
709.1483764648438 312.2353210449219
721.0882568359375 315.2605895996094
733.4027099609375 318.4426574707031
746.279296875 321.6981506347656
759.4788208007812 325.19195556640625
773.344970703125 328.6746826171875
787.6005249023438 332.3927001953125
802.5200805664062 336.19122314453125
818.0559692382812 340.20751953125
834.2672729492188 344.3338623046875
690.2810668945312 322.8301696777344
701.682861328125 326.0867614746094
713.4503784179688 329.4298095703125
725.7616577148438 332.8019104003906
738.4561767578125 336.4502258300781
751.6392822265625 340.1954345703125
765.3893432617188 344.0725402832031
779.6151123046875 348.0334167480469
794.4332885742188 352.19921875
809.8563842773438 356.50848388671875
825.9644165039062 361.0732727050781
682.7732543945312 336.6233825683594
694.0487670898438 340.1633605957031
705.854736328125 343.65704345703125
717.9612426757812 347.4672546386719
730.6348266601562 351.3399353027344
743.69287109375 355.3788146972656
757.403564453125 359.5243835449219
771.5136108398438 363.8196105957031
786.2547607421875 368.3848876953125
801.5577392578125 373.0954895019531
817.5775146484375 377.9228820800781
675.2402954101562 350.4869079589844
686.46923828125 354.25543212890625
698.0991821289062 358.1813659667969
710.2142333984375 362.1724548339844
722.6704711914062 366.3539123535156
735.7394409179688 370.65362548828125
749.2776489257812 375.2077941894531
763.3814086914062 379.8066711425781
777.8911743164062 384.66021728515625
793.2432861328125 389.74090576171875
809.1383666992188 395.0819396972656
667.5941162109375 364.49609375
678.7139282226562 368.4918212890625
690.3280029296875 372.640869140625
702.31884765625 377.0423889160156
714.7130126953125 381.45953369140625
727.59814453125 386.1743469238281
741.1347045898438 390.9842834472656
755.0620727539062 396.0196838378906
769.5686645507812 401.2258605957031
784.6819458007812 406.6359558105469
800.5353393554688 412.36273193359375
659.9374389648438 378.5673828125
670.9635009765625 382.832275390625
682.4266357421875 387.37371826171875
694.3427124023438 391.9464416503906
706.658203125 396.73150634765625
719.50830078125 401.7221984863281
732.7818603515625 406.87750244140625
746.6741333007812 412.3168029785156
761.12841796875 417.861328125
776.2249755859375 423.695556640625
791.8335571289062 429.76873779296875
652.1887817382812 392.72833251953125
663.1626586914062 397.3721923828125
674.4530639648438 402.1256408691406
686.3175048828125 407.07366943359375
698.4889526367188 412.1946105957031
711.2500610351562 417.4805603027344
724.4891967773438 423.00714111328125
738.3031005859375 428.7275695800781
752.6024169921875 434.6690368652344
767.5269775390625 440.92376708984375
783.173583984375 447.4363098144531