1 720 1333
310.4806823730469 77.2562255859375
335.5555419921875 78.27139282226562
360.4848937988281 79.21392822265625
385.21710205078125 80.31468963623047
409.515869140625 81.32218170166016
433.62713623046875 82.41278839111328
457.53643798828125 83.50825500488281
481.2026672363281 84.55592346191406
504.4905090332031 85.65151977539062
527.5382690429688 86.88147735595703
550.3856201171875 88.12763214111328
310.0231628417969 99.83467864990234
335.28631591796875 100.71272277832031
360.2831115722656 101.60565185546875
384.9681091308594 102.52985382080078
409.50616455078125 103.52024841308594
433.6711730957031 104.45703125
457.6561584472656 105.46405792236328
481.4202880859375 106.45838165283203
504.7651062011719 107.44750213623047
527.9383544921875 108.47120666503906
550.7416381835938 109.50958251953125
309.5260925292969 122.76309204101562
334.8727722167969 123.53144836425781
359.99267578125 124.37683868408203
384.80682373046875 125.1142807006836
409.46868896484375 125.82334899902344
433.74755859375 126.66028594970703
457.83148193359375 127.54747009277344
481.625244140625 128.44618225097656
505.2587890625 129.32205200195312
528.4258422851562 130.25787353515625
551.36669921875 131.0974578857422
309.2590026855469 145.8153839111328
334.5742492675781 146.50567626953125
359.8053283691406 147.14955139160156
384.693603515625 147.7051544189453
409.4808044433594 148.4906005859375
433.8415222167969 149.2410430908203
458.0897216796875 149.8440704345703
481.88226318359375 150.560791015625
505.5186767578125 151.36611938476562
528.7518920898438 152.1145477294922
551.77734375 152.76416015625
308.6977844238281 169.2673797607422
334.3979797363281 169.60247802734375
359.60638427734375 170.24867248535156
384.6516418457031 170.6534423828125
409.5084533691406 171.3163299560547
434.0329284667969 171.72596740722656
458.3136291503906 172.43052673339844
482.2687072753906 172.92849731445312
505.812255859375 173.5147705078125
529.318603515625 174.2185821533203
552.3826293945312 174.65805053710938
308.5023193359375 192.63429260253906
334.1510009765625 193.0659637451172
359.5343017578125 193.42562866210938
384.6179504394531 193.7215118408203
409.569091796875 194.3026123046875
434.2206115722656 194.6024932861328
458.5163269042969 195.11692810058594
482.5020446777344 195.48475646972656
506.3243713378906 195.8612518310547
529.6254272460938 196.40785217285156
552.788330078125 196.7516326904297
308.1737060546875 216.4116973876953
333.8457946777344 216.50527954101562
359.4178466796875 216.7528533935547
384.6429748535156 217.11473083496094
409.6052551269531 217.38380432128906
434.4093322753906 217.59786987304688
458.6624450683594 217.87066650390625
482.78912353515625 218.27590942382812
506.5918273925781 218.49107360839844
530.2305297851562 218.70501708984375
553.40234375 219.0983123779297
307.7776184082031 240.2434844970703
333.6900634765625 240.3516845703125
359.353759765625 240.41932678222656
384.6300354003906 240.48062133789062
409.7355041503906 240.60948181152344
434.488525390625 240.71109008789062
459.0023193359375 240.90060424804688
483.2004699707031 241.1226806640625
507.0575866699219 241.2342529296875
530.57373046875 241.4034881591797
553.892578125 241.50885009765625