1 720 1333
540.2308959960938 358.1820373535156
564.456787109375 356.4370422363281
588.1781616210938 354.6642150878906
611.3284301757812 353.06671142578125
633.843994140625 351.4160461425781
655.9038696289062 349.6905212402344
677.4292602539062 348.1936950683594
698.4077758789062 346.5517578125
718.7774047851562 345.08563232421875
738.632568359375 343.4599304199219
758.0361938476562 341.8872375488281
538.3577880859375 373.9342956542969
561.9199829101562 372.19317626953125
585.0650634765625 370.356201171875
607.6100463867188 368.5203552246094
629.6489868164062 366.699462890625
651.2373046875 365.03155517578125
672.2599487304688 363.3399658203125
692.7321166992188 361.5534973144531
712.75830078125 359.9295349121094
732.2816162109375 358.33343505859375
751.27490234375 356.5864562988281
536.572509765625 388.92999267578125
559.5913696289062 387.0691223144531
582.1512451171875 385.18231201171875
604.1935424804688 383.2969970703125
625.6754760742188 381.39508056640625
646.686767578125 379.51251220703125
667.3095703125 377.67242431640625
687.4381713867188 375.91363525390625
707.05517578125 374.25238037109375
726.1905517578125 372.4349060058594
744.7582397460938 370.62091064453125
534.8917846679688 403.2185363769531
557.390869140625 401.2405700683594
579.373779296875 399.2477722167969
600.841064453125 397.2742614746094
621.8765869140625 395.3302917480469
642.4882202148438 393.3934020996094
662.6039428710938 391.4642639160156
682.33642578125 389.58154296875
701.5487060546875 387.6972351074219
720.3179931640625 385.8748474121094
738.5980224609375 384.0461120605469
533.3889770507812 416.6607971191406
555.291748046875 414.5909118652344
576.697509765625 412.5448913574219
597.7070922851562 410.5218811035156
618.3483276367188 408.5299072265625
638.4564819335938 406.5212097167969
658.19970703125 404.55303955078125
677.4534912109375 402.58349609375
696.3280639648438 400.6651306152344
714.6786499023438 398.6694641113281
732.66357421875 396.7492980957031
531.868896484375 429.5161437988281
553.306640625 427.42193603515625
574.2509765625 425.2908630371094
594.762939453125 423.2410888671875
614.8484497070312 421.17041015625
634.5830688476562 419.0775146484375
653.8706665039062 416.9911193847656
672.7716674804688 415.0611877441406
691.29541015625 413.0793762207031
709.4025268554688 411.0079040527344
727.0027465820312 409.0550537109375
530.5180053710938 441.69903564453125
551.4035034179688 439.5181884765625
571.8414916992188 437.3874816894531
591.917236328125 435.296875
611.6530151367188 433.1627502441406
630.9080810546875 430.9672546386719
649.80224609375 428.8542175292969
668.3538208007812 426.7481384277344
686.47412109375 424.715087890625
704.2053833007812 422.6504211425781
721.5609741210938 420.6146545410156
529.228271484375 453.3628234863281
549.5736083984375 451.1966247558594
569.6013793945312 448.8797302246094
589.302490234375 446.7186279296875
608.540771484375 444.5570068359375
627.4442749023438 442.4250183105469
645.914306640625 440.27423095703125
664.1367797851562 438.0950012207031
681.8048706054688 435.96832275390625
699.2764892578125 433.79327392578125
716.2822265625 431.7060241699219