1 720 1333
540.802490234375 227.40211486816406
556.5122680664062 227.2792510986328
572.7233276367188 227.10353088378906
589.6618041992188 226.86497497558594
607.3397216796875 226.70626831054688
625.5927734375 226.5951690673828
644.636962890625 226.5093536376953
664.5318603515625 226.39892578125
685.2571411132812 226.3433837890625
706.7589111328125 226.25607299804688
729.344970703125 226.18048095703125
541.9747924804688 248.4633026123047
557.5045776367188 248.60987854003906
573.65625 248.90032958984375
590.5130615234375 249.27232360839844
608.0431518554688 249.47706604003906
626.2587890625 249.73265075683594
645.2456665039062 250.18275451660156
664.827880859375 250.49363708496094
685.4456787109375 250.83961486816406
706.7997436523438 251.3747100830078
729.2374877929688 251.71156311035156
543.07666015625 269.3320617675781
558.5205688476562 269.8055419921875
574.57861328125 270.5212707519531
591.3732299804688 271.2521667480469
608.6480102539062 271.8471984863281
626.7385864257812 272.63323974609375
645.5802001953125 273.4814453125
665.2598266601562 274.3752136230469
685.578369140625 275.23309326171875
706.8399658203125 276.1870422363281
729.0677490234375 277.1512145996094
544.1939697265625 289.7978515625
559.48583984375 290.79327392578125
575.5127563476562 291.8302917480469
592.1373901367188 292.95977783203125
609.4382934570312 294.1736755371094
627.3887329101562 295.33050537109375
646.1154174804688 296.5050048828125
665.48974609375 297.74200439453125
685.7047119140625 299.21453857421875
706.8175659179688 300.5581970214844
728.827880859375 302.12481689453125
545.237060546875 310.2447814941406
560.5289916992188 311.5446472167969
576.4010620117188 312.9325256347656
592.8746948242188 314.4657287597656
610.0610961914062 315.9736022949219
627.880859375 317.5587158203125
646.4931640625 319.31146240234375
665.76318359375 320.9477233886719
685.8128662109375 322.75726318359375
706.8493041992188 324.6536560058594
728.5874633789062 326.60504150390625
546.328857421875 330.27764892578125
561.4735107421875 331.9540710449219
577.3533325195312 333.75592041015625
593.6212768554688 335.6031188964844
610.6956787109375 337.5325622558594
628.4690551757812 339.57257080078125
646.9258422851562 341.6278076171875
666.158203125 343.7916259765625
686.0940551757812 346.1385803222656
706.7874755859375 348.4448547363281
728.5101318359375 350.8252868652344
547.3280029296875 350.0770568847656
562.4530029296875 352.1546936035156
578.1704711914062 354.3507995605469
594.4664306640625 356.5228576660156
611.4359130859375 358.8101501464844
629.0751342773438 361.3014221191406
647.4153442382812 363.71258544921875
666.4652099609375 366.3399963378906
686.2730102539062 369.01947021484375
706.8216552734375 371.7549743652344
728.330810546875 374.6446228027344
548.365966796875 369.58984375
563.4259643554688 372.04156494140625
578.9796752929688 374.53424072265625
595.27490234375 377.1930847167969
612.151123046875 379.798828125
629.5806274414062 382.6064147949219
647.73388671875 385.4714660644531
666.6708984375 388.4387512207031
686.4539794921875 391.5197448730469
706.8048095703125 394.67132568359375
728.151123046875 398.01641845703125