1 720 1333
733.9501953125 471.0202331542969
735.8335571289062 477.82354736328125
737.7447509765625 485.05560302734375
739.7745361328125 492.5032958984375
741.8344116210938 500.3500671386719
744.0877685546875 508.3982849121094
746.3745727539062 516.7859497070312
748.6837768554688 525.59912109375
751.2633666992188 534.7693481445312
753.7626342773438 544.5222778320312
756.4847412109375 554.574951171875
721.2391967773438 471.4322509765625
722.7232666015625 478.4032287597656
724.463623046875 485.49468994140625
726.2080078125 492.8991394042969
728.02734375 500.7105407714844
729.8524780273438 508.77276611328125
731.8109741210938 517.3325805664062
733.9066162109375 526.1862182617188
736.0712890625 535.3784790039062
738.3492431640625 544.9556274414062
740.644287109375 555.1629638671875
708.1953125 471.6888122558594
709.6314697265625 478.66888427734375
711.0824584960938 485.8234558105469
712.5465698242188 493.41265869140625
714.1144409179688 501.1861267089844
715.66162109375 509.3260192871094
717.3583984375 517.6404418945312
719.1022338867188 526.5272216796875
720.9200439453125 535.69921875
722.7741088867188 545.5076293945312
724.7882080078125 555.5947875976562
695.4415283203125 472.2938232421875
696.4837036132812 479.1166076660156
697.6446533203125 486.3522644042969
698.827392578125 493.6853332519531
700.1334228515625 501.5474853515625
701.4667358398438 509.59912109375
702.77587890625 518.2410888671875
704.2893676757812 526.9681396484375
705.6991577148438 536.2978515625
707.3222045898438 545.8980102539062
708.9002075195312 556.1319580078125
682.4198608398438 472.48577880859375
683.3761596679688 479.4870910644531
684.2677001953125 486.6138916015625
685.2545776367188 494.2598876953125
686.217529296875 501.9111022949219
687.244384765625 510.17047119140625
688.2872314453125 518.5293579101562
689.3896484375 527.4453125
690.544677734375 536.6348266601562
691.7111206054688 546.3824462890625
693.0072021484375 556.5374755859375
669.5648193359375 472.85589599609375
670.2136840820312 479.6641845703125
670.7574462890625 486.9983215332031
671.4923706054688 494.4886779785156
672.2412109375 502.3916931152344
672.8899536132812 510.44439697265625
673.6340942382812 518.956298828125
674.452392578125 527.7317504882812
675.3294677734375 537.0798950195312
676.2015380859375 546.7435302734375
677.138427734375 556.9444580078125
656.5319213867188 473.2386169433594
657.0296630859375 480.2362060546875
657.3807983398438 487.422119140625
657.7091674804688 494.86236572265625
658.2546997070312 502.6755065917969
658.5850219726562 510.7918701171875
659.1364135742188 519.4376220703125
659.5505981445312 528.3326416015625
660.0935668945312 537.5211181640625
660.535888671875 547.3421630859375
661.1632080078125 557.4841918945312
643.6825561523438 473.4967346191406
643.7098388671875 480.4541931152344
643.8538818359375 487.6378173828125
644.068359375 495.253662109375
644.2662963867188 503.0267333984375
644.392822265625 511.283935546875
644.4727783203125 519.673828125
644.6050415039062 528.6406860351562
644.7447509765625 538.0014038085938
645.0186767578125 547.6517333984375
645.231689453125 557.9217529296875