1 720 1333
604.85595703125 422.3039855957031
613.5 430.3867492675781
622.4066772460938 438.7890930175781
631.6626586914062 447.5473937988281
641.3016357421875 456.5916748046875
651.3140258789062 466.0218505859375
661.5958251953125 475.7245178222656
672.4453125 485.8973388671875
683.5707397460938 496.40313720703125
695.3355102539062 507.4076232910156
707.4653930664062 518.782958984375
593.3814086914062 433.7021789550781
601.7418212890625 442.1483459472656
610.5140380859375 450.72247314453125
619.5888671875 459.7388916015625
629.046875 469.1482238769531
638.7567749023438 478.7477111816406
648.981689453125 488.82086181640625
659.5112915039062 499.2773742675781
670.517822265625 510.1344299316406
681.935302734375 521.427734375
693.9281616210938 533.2781982421875
581.752197265625 445.3098449707031
589.9818725585938 453.8274230957031
598.5372924804688 462.7853698730469
607.4534301757812 472.085693359375
616.6336669921875 481.66009521484375
626.275146484375 491.6250305175781
636.2333984375 502.0078430175781
646.526611328125 512.7182006835938
657.3175048828125 523.92529296875
668.5348510742188 535.5919189453125
680.2866821289062 547.735595703125
570.03857421875 456.81842041015625
578.1212158203125 465.7289123535156
586.4544677734375 474.8881530761719
595.2096557617188 484.45361328125
604.1937255859375 494.37127685546875
613.5381469726562 504.5858154296875
623.3165893554688 515.2818603515625
633.4418334960938 526.3601684570312
643.9368896484375 537.804443359375
654.94482421875 549.8529663085938
666.4844360351562 562.4617919921875
558.308837890625 468.55419921875
566.1619873046875 477.6474304199219
574.3451538085938 487.1252136230469
582.736328125 496.8921203613281
591.5885009765625 507.1108093261719
600.7139892578125 517.6265258789062
610.3241577148438 528.6011352539062
620.2525024414062 540.0125122070312
630.5206909179688 551.8853149414062
641.3358154296875 564.3072509765625
652.5493774414062 577.2796630859375
546.4014892578125 480.3307189941406
554.1048583984375 489.6551208496094
562.027099609375 499.3984375
570.3637084960938 509.4771423339844
578.904052734375 519.91455078125
587.8587036132812 530.7687377929688
597.2312622070312 542.113037109375
606.8279418945312 553.820068359375
616.9307250976562 566.084228515625
627.5068359375 578.81103515625
638.4884033203125 592.1951904296875
534.435791015625 492.2103576660156
541.8616333007812 501.7425537109375
549.661376953125 511.7215881347656
557.73046875 522.1390380859375
566.2257690429688 532.8711547851562
574.8536376953125 544.0681762695312
584.0012817382812 555.6624755859375
593.4573364257812 567.72314453125
603.3346557617188 580.3960571289062
613.5936279296875 593.5159912109375
624.3739624023438 607.250244140625
522.3739624023438 504.10174560546875
529.6234130859375 513.9542236328125
537.26708984375 524.2291870117188
545.1267700195312 534.8167114257812
553.3369140625 545.9151611328125
561.8002319335938 557.4492797851562
570.6704711914062 569.3809204101562
579.93896484375 581.821533203125
589.543212890625 594.7644653320312
599.6170654296875 608.3430786132812
610.1494140625 622.43701171875