1 720 1333
683.2269287109375 233.9472198486328
693.4436645507812 243.75633239746094
703.1912231445312 253.19630432128906
712.370361328125 262.02685546875
721.0797729492188 270.47418212890625
729.3430786132812 278.4466247558594
737.22802734375 286.1488037109375
744.6583862304688 293.3247375488281
751.776611328125 300.33209228515625
758.5485229492188 306.8171081542969
765.0341796875 313.2113952636719
671.6531372070312 252.8574676513672
682.3374633789062 262.3455505371094
692.323974609375 271.201904296875
701.7698974609375 279.5850830078125
710.7576293945312 287.53948974609375
719.3736572265625 295.22772216796875
727.462158203125 302.3912353515625
735.2431030273438 309.32440185546875
742.5502319335938 315.80413818359375
749.5160522460938 322.1091613769531
756.2418212890625 328.0877380371094
660.225830078125 272.0191345214844
671.1947021484375 280.805419921875
681.4747924804688 289.2799377441406
691.2963256835938 297.2372131347656
700.5548095703125 304.7317199707031
709.378173828125 311.8961486816406
717.7085571289062 318.7154235839844
725.6632080078125 325.2605285644531
733.3447875976562 331.471435546875
740.499755859375 337.346923828125
747.400634765625 342.977783203125
648.6698608398438 291.1394958496094
659.959716796875 299.4807434082031
670.59228515625 307.3702697753906
680.6757202148438 314.8230895996094
690.29736328125 321.95086669921875
699.3717651367188 328.69500732421875
707.9437866210938 335.152099609375
716.2102661132812 341.2900695800781
724.0406494140625 347.1216125488281
731.4752807617188 352.6387023925781
738.5396118164062 357.89208984375
637.2450561523438 310.3221740722656
648.7579345703125 318.13037109375
659.7186279296875 325.5135803222656
670.17919921875 332.5432434082031
679.96337890625 339.22979736328125
689.3711547851562 345.5094299316406
698.2516479492188 351.5390319824219
706.6351318359375 357.28973388671875
714.7101440429688 362.7027587890625
722.3878173828125 367.87786865234375
729.6752319335938 372.8451843261719
625.7049560546875 329.48956298828125
637.6431274414062 336.74603271484375
648.9020385742188 343.67510986328125
659.55517578125 350.28082275390625
669.6622924804688 356.45770263671875
679.3270263671875 362.37127685546875
688.4631958007812 367.9325256347656
697.1572265625 373.3300476074219
705.430419921875 378.3914489746094
713.29541015625 383.2588195800781
720.7628173828125 387.7837829589844
614.3316650390625 348.68359375
626.5200805664062 355.47479248046875
638.1019287109375 361.8597717285156
649.0383911132812 367.9284362792969
659.4217529296875 373.69342041015625
669.2787475585938 379.2120056152344
678.6133422851562 384.3688049316406
687.55908203125 389.3078918457031
696.0693359375 394.0514221191406
704.17333984375 398.4754638671875
711.8527221679688 402.7257995605469
602.8517456054688 367.8656311035156
615.4078979492188 374.196533203125
627.29736328125 380.0819396972656
638.4898681640625 385.6247863769531
649.1697387695312 390.93963623046875
659.26416015625 395.9769592285156
668.8027954101562 400.7076110839844
677.9498291015625 405.32940673828125
686.673583984375 409.5853271484375
694.9561157226562 413.6975402832031
702.8551025390625 417.58966064453125