1 720 1333
558.4095458984375 134.29318237304688
569.8463745117188 147.42552185058594
581.4235229492188 160.60305786132812
592.9462280273438 173.77578735351562
604.5267944335938 187.1314697265625
616.1849975585938 200.36476135253906
627.7578735351562 213.65379333496094
639.4462280273438 227.0107879638672
651.17529296875 240.39747619628906
662.8029174804688 253.7519073486328
674.5765380859375 267.2608642578125
546.4044189453125 146.9964141845703
557.7647705078125 160.10057067871094
569.2471313476562 173.19273376464844
580.6361083984375 186.3324737548828
592.187744140625 199.4548797607422
603.6328125 212.63331604003906
615.1973266601562 225.84132385253906
626.689208984375 239.13975524902344
638.3385009765625 252.40615844726562
649.9229125976562 265.68988037109375
661.5631713867188 279.1015625
534.5818481445312 159.55032348632812
545.8240356445312 172.52537536621094
557.2424926757812 185.5410614013672
568.535888671875 198.57485961914062
579.9284057617188 211.66262817382812
591.3468627929688 224.72386169433594
602.7074584960938 237.87022399902344
614.245361328125 251.06881713867188
625.662353515625 264.2711486816406
637.2268676757812 277.4756774902344
648.7206420898438 290.7312316894531
522.9100341796875 171.93226623535156
534.1610717773438 184.82833862304688
545.3733520507812 197.71495056152344
556.5858154296875 210.68804931640625
567.8433227539062 223.69842529296875
579.2131958007812 236.67605590820312
590.489501953125 249.7533416748047
601.8137817382812 262.81610107421875
613.2659912109375 275.95416259765625
624.649658203125 289.1216125488281
636.1427001953125 302.3166809082031
511.4768371582031 184.19126892089844
522.5635375976562 196.94613647460938
533.6633911132812 209.77767944335938
544.8150024414062 222.6597137451172
556.0540161132812 235.58145141601562
567.2308959960938 248.5164031982422
578.4429931640625 261.4586181640625
589.6616821289062 274.46905517578125
600.9549560546875 287.49530029296875
612.34033203125 300.5489196777344
623.6271362304688 313.6235046386719
500.2268981933594 196.22047424316406
511.2262878417969 208.91085815429688
522.2317504882812 221.62200927734375
533.2948608398438 234.458251953125
544.3811645507812 247.3403778076172
555.4484252929688 260.15234375
566.5448608398438 273.0377197265625
577.7034301757812 285.8875732421875
588.8778076171875 298.83270263671875
600.1679077148438 311.78680419921875
611.4181518554688 324.8285217285156
489.09161376953125 208.0619354248047
499.94073486328125 220.65753173828125
510.8825378417969 233.41539001464844
521.79443359375 246.12359619140625
532.8248291015625 258.8087463378906
543.8165283203125 271.5789489746094
554.8717041015625 284.4001159667969
565.9395141601562 297.25286865234375
577.0745849609375 310.080322265625
588.235107421875 322.9930114746094
599.3692626953125 335.7982482910156
478.146240234375 219.71603393554688
488.88494873046875 232.33460998535156
499.7239685058594 244.89308166503906
510.6177978515625 257.5482177734375
521.5311279296875 270.2563171386719
532.4510498046875 282.8445739746094
543.4268798828125 295.5916442871094
554.412109375 308.3498229980469
565.4081420898438 321.1481018066406
576.4732666015625 333.8556823730469
587.5162353515625 346.690673828125