1 720 1333
675.8760986328125 202.38047790527344
690.025146484375 205.40133666992188
703.7771606445312 208.40562438964844
717.320556640625 211.29429626464844
730.4814453125 214.18148803710938
743.37744140625 216.91285705566406
755.9317016601562 219.69017028808594
768.2654418945312 222.4095001220703
780.3108520507812 225.06126403808594
792.064697265625 227.5901641845703
803.513916015625 230.18614196777344
673.4251098632812 218.6555938720703
687.5302734375 221.51206970214844
701.3362426757812 224.3134765625
714.7796630859375 227.0921630859375
728.022705078125 229.71414184570312
740.841796875 232.374755859375
753.4459228515625 234.8989715576172
765.6946411132812 237.4617919921875
777.7913818359375 239.89413452148438
789.5311889648438 242.3459014892578
801.0679931640625 244.6973876953125
670.8862915039062 234.90069580078125
685.0716552734375 237.56687927246094
698.7950439453125 240.17869567871094
712.3699951171875 242.70330810546875
725.50146484375 245.24273681640625
738.4059448242188 247.65530395507812
750.9431762695312 250.11376953125
763.3193969726562 252.44256591796875
775.3509521484375 254.72621154785156
787.10498046875 257.0377197265625
798.5580444335938 259.2611999511719
668.4816284179688 251.11984252929688
682.5736694335938 253.55014038085938
696.4010620117188 256.0093994140625
709.8388671875 258.36407470703125
723.0792846679688 260.6761169433594
735.9154052734375 262.9404602050781
748.5281372070312 265.2051696777344
760.7653198242188 267.3761291503906
772.871337890625 269.53424072265625
784.5745849609375 271.6090393066406
796.1477661132812 273.65704345703125
666.0490112304688 267.2486572265625
680.2001342773438 269.49468994140625
693.9669189453125 271.6763610839844
707.47021484375 273.90985107421875
720.5907592773438 276.0870056152344
733.4987182617188 278.2112121582031
746.0751342773438 280.24072265625
758.4259643554688 282.2786865234375
770.3936157226562 284.2685852050781
782.1985473632812 286.205322265625
793.6224365234375 288.0431823730469
663.6058349609375 283.29949951171875
677.71142578125 285.3707275390625
691.5380249023438 287.4421691894531
704.9899291992188 289.4544677734375
718.2323608398438 291.4145812988281
731.059814453125 293.3255615234375
743.605712890625 295.2467041015625
755.8964233398438 297.0574035644531
768.0128784179688 298.8406982421875
779.6632690429688 300.6333923339844
791.2435913085938 302.38287353515625
661.2656860351562 299.2904357910156
675.3855590820312 301.22210693359375
689.1395874023438 303.0438232421875
702.6099853515625 304.82952880859375
715.730712890625 306.62994384765625
728.61083984375 308.4320373535156
741.2031860351562 310.12237548828125
753.4996948242188 311.7838439941406
765.4793090820312 313.4496154785156
777.3073120117188 315.0760498046875
788.6817016601562 316.6014709472656
658.8548583984375 315.2221984863281
672.9736328125 316.8427734375
686.7070922851562 318.57208251953125
700.2041015625 320.28472900390625
713.3748779296875 321.8344421386719
726.1796264648438 323.451171875
738.720947265625 324.98199462890625
751.0272827148438 326.46917724609375
763.08447265625 327.95684814453125
774.7062377929688 329.4103088378906
786.27197265625 330.7664489746094