1 720 1333
612.67626953125 213.29940795898438
623.7056884765625 214.55279541015625
635.29248046875 215.89321899414062
647.1947631835938 217.39093017578125
659.47900390625 218.82461547851562
672.3867797851562 220.45156860351562
685.63525390625 222.10757446289062
699.5316772460938 223.7389678955078
713.9125366210938 225.544921875
729.0453491210938 227.44442749023438
744.6566772460938 229.40977478027344
611.9259033203125 229.81797790527344
622.865966796875 231.45594787597656
634.3357543945312 233.14749145507812
646.090087890625 234.8002471923828
658.40234375 236.66256713867188
671.1057739257812 238.54090881347656
684.3628540039062 240.54722595214844
698.0469970703125 242.6020050048828
712.3751220703125 244.74522399902344
727.2361450195312 247.0287322998047
742.6845703125 249.38475036621094
611.22021484375 246.2532958984375
622.0558471679688 248.14596557617188
633.3507080078125 250.07814025878906
645.0614013671875 252.15760803222656
657.2193603515625 254.25375366210938
669.74609375 256.4899597167969
682.8578491210938 258.73431396484375
696.5162353515625 261.2156982421875
710.6189575195312 263.6750793457031
725.4346313476562 266.32073974609375
740.7069702148438 269.069091796875
610.4149780273438 262.4293518066406
621.2304077148438 264.5989990234375
632.4358520507812 266.85888671875
643.9344482421875 269.2415466308594
656.0603637695312 271.6282043457031
668.5051879882812 274.198974609375
681.5540771484375 276.7750244140625
694.9996948242188 279.52777099609375
709.0435180664062 282.4016418457031
723.5960083007812 285.36932373046875
738.7958984375 288.45977783203125
609.5714721679688 278.47222900390625
620.3972778320312 280.8682556152344
631.4124145507812 283.42779541015625
642.9463500976562 286.0888366699219
654.85302734375 288.73748779296875
667.3707275390625 291.6218566894531
680.1844482421875 294.5652160644531
693.5197143554688 297.5971374511719
707.4002075195312 300.8335876464844
721.818115234375 304.1495361328125
736.8457641601562 307.5848083496094
608.7745361328125 294.3143005371094
619.4526977539062 296.99359130859375
630.52490234375 299.79486083984375
641.8482055664062 302.6802978515625
653.7540893554688 305.7319030761719
666.0411376953125 308.81488037109375
678.7400512695312 312.1399841308594
692.0147094726562 315.518310546875
705.7599487304688 319.034423828125
720.1259155273438 322.65203857421875
735.0306396484375 326.4994812011719
608.1104736328125 309.9414978027344
618.6148681640625 312.9036560058594
629.5330810546875 315.93841552734375
640.8711547851562 319.2162170410156
652.5868530273438 322.4676208496094
664.7947387695312 325.8833923339844
677.4609375 329.44268798828125
690.5755615234375 333.125244140625
704.2599487304688 336.93267822265625
718.4271240234375 340.8783874511719
733.198486328125 345.0602111816406
607.3438720703125 325.4031677246094
617.7410278320312 328.6007080078125
628.5852661132812 331.934326171875
639.82275390625 335.4308166503906
651.5238647460938 338.9795837402344
663.5892944335938 342.6282653808594
676.2295532226562 346.4878234863281
689.2543334960938 350.4992370605469
702.6636962890625 354.5647277832031
716.7385864257812 358.862060546875
731.3800659179688 363.3621520996094