1 720 1333
733.9271240234375 470.9962463378906
735.8687744140625 477.8160095214844
737.7482299804688 485.0650939941406
739.7759399414062 492.4667053222656
741.873291015625 500.3364562988281
744.0997924804688 508.3848571777344
746.3768310546875 516.7706298828125
748.683349609375 525.6080322265625
751.2364501953125 534.7658081054688
753.7413940429688 544.5236206054688
756.4833984375 554.5642700195312
721.2684936523438 471.411376953125
722.7534790039062 478.3902587890625
724.4609985351562 485.5114440917969
726.2039794921875 492.9486083984375
728.0404663085938 500.6745910644531
729.8834228515625 508.8079528808594
731.8155517578125 517.3469848632812
733.9114379882812 526.1824340820312
736.0613403320312 535.348388671875
738.3642578125 544.9603271484375
740.6298217773438 555.1539306640625
708.19189453125 471.65869140625
709.620849609375 478.64471435546875
711.0722045898438 485.8079528808594
712.5187377929688 493.4078369140625
714.0740356445312 501.17999267578125
715.65087890625 509.3045959472656
717.3724365234375 517.6549682617188
719.0941162109375 526.54150390625
720.8948974609375 535.6945190429688
722.7681274414062 545.4857788085938
724.784423828125 555.5938720703125
695.4313354492188 472.27203369140625
696.493408203125 479.10302734375
697.6538696289062 486.3387451171875
698.8388671875 493.6729431152344
700.1461791992188 501.5442199707031
701.4534912109375 509.6223449707031
702.7682495117188 518.2728881835938
704.2763671875 526.9528198242188
705.6947021484375 536.2745971679688
707.3412475585938 545.8677978515625
708.8901977539062 556.1243896484375
682.4159545898438 472.4832763671875
683.3670654296875 479.4790344238281
684.2996826171875 486.6078796386719
685.2409057617188 494.2334899902344
686.182861328125 501.9461975097656
687.2659301757812 510.13653564453125
688.3049926757812 518.5176391601562
689.386962890625 527.4639282226562
690.5562744140625 536.6337280273438
691.7189331054688 546.4052124023438
693.0700073242188 556.5156860351562
669.5958251953125 472.8390808105469
670.1846313476562 479.66357421875
670.7733154296875 487.0171203613281
671.5069580078125 494.5010681152344
672.2675170898438 502.3962707519531
672.8505249023438 510.45416259765625
673.6356201171875 518.9043579101562
674.4721069335938 527.7091674804688
675.3410034179688 537.0864868164062
676.209228515625 546.7413940429688
677.1595458984375 556.9511108398438
656.5354614257812 473.26947021484375
657.0035400390625 480.240478515625
657.3838500976562 487.4185485839844
657.7368774414062 494.82940673828125
658.2666015625 502.6632385253906
658.5885620117188 510.8060607910156
659.150634765625 519.4146118164062
659.5463256835938 528.3341674804688
660.114013671875 537.5185546875
660.551513671875 547.3178100585938
661.1686401367188 557.4534912109375
643.6922607421875 473.48150634765625
643.6996459960938 480.4391784667969
643.8646850585938 487.63604736328125
644.0729370117188 495.2218322753906
644.2761840820312 503.0304260253906
644.377197265625 511.28106689453125
644.495361328125 519.6758422851562
644.6165771484375 528.6220703125
644.7413330078125 537.9647216796875
645.039794921875 547.64794921875
645.2520751953125 557.9376831054688