1 720 1333
520.7578125 161.8407440185547
534.7582397460938 159.32113647460938
549.3109130859375 156.72865295410156
564.4242553710938 154.0035400390625
580.126220703125 151.2723846435547
596.406982421875 148.33241271972656
613.3547973632812 145.37049865722656
630.927734375 142.26068115234375
649.2685546875 139.03858947753906
668.4140014648438 135.6951904296875
688.3319091796875 132.31581115722656
518.381591796875 180.7678680419922
532.354736328125 178.5894317626953
546.8602294921875 176.30715942382812
561.8741455078125 173.9992218017578
577.619140625 171.48301696777344
593.8546752929688 168.9899444580078
610.8396606445312 166.40802001953125
628.4424438476562 163.6986541748047
646.7991333007812 160.85372924804688
665.9423828125 158.05528259277344
685.9224243164062 155.08609008789062
515.90087890625 199.74989318847656
529.8168334960938 197.9242401123047
544.4059448242188 196.0414581298828
559.4617309570312 193.95516967773438
575.1444091796875 191.9734649658203
591.4391479492188 189.7567901611328
608.3754272460938 187.61204528808594
626.0155639648438 185.32215881347656
644.3469848632812 182.90890502929688
663.5431518554688 180.5014190673828
683.461181640625 178.03456115722656
513.4028930664062 218.9469757080078
527.4234008789062 217.435791015625
541.808349609375 215.77093505859375
556.9411010742188 214.24490356445312
572.5919189453125 212.4853973388672
588.8286743164062 210.7398223876953
605.8182983398438 208.92593383789062
623.48681640625 207.12600708007812
641.8118896484375 205.19607543945312
661.0108642578125 203.23056030273438
681.0330810546875 201.16566467285156
510.95233154296875 238.22447204589844
524.791015625 237.01638793945312
539.396728515625 235.73974609375
554.4000854492188 234.50450134277344
570.1361694335938 233.2771453857422
586.353271484375 231.7947540283203
603.3327026367188 230.4501495361328
620.9210815429688 229.015380859375
639.3331909179688 227.5195770263672
658.5391235351562 225.94520568847656
678.5382080078125 224.4550018310547
508.4348449707031 257.56719970703125
522.3815307617188 256.6795654296875
536.7454223632812 255.7864227294922
551.8359375 254.99310302734375
567.5134887695312 254.0974578857422
583.746337890625 253.14036560058594
600.6915283203125 252.18307495117188
618.421875 251.13002014160156
636.739990234375 250.09677124023438
656.03662109375 248.9791717529297
676.1510620117188 247.8474578857422
505.9019775390625 277.0710754394531
519.7612915039062 276.53228759765625
534.3124389648438 276.0971984863281
549.3319702148438 275.5466613769531
564.9203491210938 275.0599060058594
581.2525634765625 274.5156555175781
598.26416015625 273.8804016113281
615.7982177734375 273.4042053222656
634.3216552734375 272.6993408203125
653.4883422851562 272.2981872558594
673.5714721679688 271.5910949707031
503.4064025878906 296.5922546386719
517.2922973632812 296.49371337890625
531.6716918945312 296.42724609375
546.6931762695312 296.3246154785156
562.38818359375 296.2177429199219
578.63818359375 296.0316467285156
595.6118774414062 295.8648681640625
613.3582763671875 295.72149658203125
631.7255249023438 295.632080078125
651.0653076171875 295.5801696777344
671.1630249023438 295.5082092285156