1 720 1333
711.577880859375 473.43511962890625
727.495849609375 470.78948974609375
743.0921020507812 468.29742431640625
758.375732421875 465.7182312011719
773.3491821289062 463.2704772949219
788.0693359375 460.8414611816406
802.4688720703125 458.43206787109375
816.6935424804688 456.1444091796875
830.5516967773438 453.72174072265625
844.3027954101562 451.47906494140625
857.6431884765625 449.2596130371094
717.3555297851562 489.2474365234375
733.4231567382812 486.43206787109375
749.1705932617188 483.64404296875
764.5856323242188 481.0061950683594
779.7399291992188 478.41510009765625
794.5892944335938 475.717529296875
809.2488403320312 473.23724365234375
823.5223999023438 470.6052551269531
837.5830688476562 468.17901611328125
851.3976440429688 465.6628112792969
864.9248046875 463.3316955566406
723.2451782226562 505.50732421875
739.4923095703125 502.5333251953125
755.4345703125 499.59051513671875
771.1384887695312 496.70086669921875
786.3944702148438 493.83758544921875
801.4368286132812 491.12249755859375
816.173828125 488.3523864746094
830.6163330078125 485.6305847167969
844.787841796875 482.93194580078125
858.7317504882812 480.3999328613281
872.4219360351562 477.7789001464844
729.381591796875 522.3635864257812
745.78466796875 519.2061157226562
761.9177856445312 516.0512084960938
777.6737060546875 512.89794921875
793.266357421875 509.8758850097656
808.4190673828125 506.8848571777344
823.3447265625 503.91839599609375
837.9237060546875 501.0989990234375
852.3309936523438 498.2187805175781
866.37548828125 495.4488525390625
880.1197509765625 492.66888427734375
735.6299438476562 539.6820678710938
752.3607177734375 536.3026733398438
768.5987548828125 532.9026489257812
784.6173095703125 529.6187133789062
800.295654296875 526.4116821289062
815.6399536132812 523.2675170898438
830.6481323242188 520.0853271484375
845.4547729492188 516.9380493164062
859.9404907226562 513.9470825195312
874.1407470703125 510.94476318359375
888.0750122070312 508.0873718261719
742.24267578125 557.5980224609375
759.0635375976562 553.912841796875
775.5831909179688 550.4261474609375
791.6599731445312 546.8455810546875
807.5960693359375 543.4291381835938
823.0932006835938 539.9990234375
838.3286743164062 536.6300048828125
853.2775268554688 533.3890991210938
867.8223876953125 530.157470703125
882.1602172851562 526.9320068359375
896.1944580078125 523.8098754882812
748.9387817382812 576.1644897460938
766.0715942382812 572.2774047851562
782.6968383789062 568.431396484375
799.108154296875 564.6338500976562
815.1102294921875 560.9472045898438
830.7479248046875 557.3936767578125
846.1649780273438 553.7664184570312
861.2276611328125 550.3006591796875
875.9292602539062 546.8076171875
890.401123046875 543.4481201171875
904.5460815429688 540.1806030273438
755.97412109375 595.3070068359375
773.27734375 591.1171264648438
790.16650390625 587.0221557617188
806.6669921875 583.0523071289062
822.8482666015625 579.1460571289062
838.7025756835938 575.3026123046875
854.24560546875 571.4478149414062
869.4326171875 567.6859130859375
884.31103515625 564.0197143554688
898.8211669921875 560.477294921875
913.1173706054688 556.8985595703125