1 720 1333
421.3966369628906 308.2362365722656
439.392333984375 315.0804138183594
457.629150390625 322.0781555175781
476.24383544921875 329.1370544433594
494.9527282714844 336.2744140625
514.0941772460938 343.4734191894531
533.4775390625 350.7958679199219
553.0585327148438 358.24920654296875
572.9951171875 365.743408203125
593.3034057617188 373.3709716796875
613.7559204101562 381.01953125
422.7421875 324.8495788574219
440.4809875488281 331.7548522949219
458.404296875 338.67779541015625
476.5039978027344 345.698974609375
494.9040222167969 352.82171630859375
513.5450439453125 360.0406494140625
532.4727172851562 367.3518371582031
551.685791015625 374.727294921875
571.2476196289062 382.29248046875
591.0179443359375 389.7752685546875
611.0639038085938 397.4299621582031
424.2722473144531 340.9219055175781
441.4900817871094 347.7331237792969
459.0926513671875 354.6690368652344
476.764892578125 361.6570129394531
494.7971496582031 368.7534484863281
513.1561279296875 375.9370422363281
531.5773315429688 383.2359924316406
550.4393920898438 390.58306884765625
569.4911499023438 398.0651550292969
588.7871704101562 405.53546142578125
608.4651489257812 413.1716613769531
425.5227966308594 356.384033203125
442.5029602050781 363.2073669433594
459.6470947265625 370.07220458984375
477.1796875 377.0103759765625
494.7054138183594 384.0867614746094
512.6156005859375 391.23858642578125
530.74462890625 398.46722412109375
549.26416015625 405.7441101074219
567.772216796875 413.2276306152344
586.7713623046875 420.63421630859375
605.9403686523438 428.19580078125
426.8035888671875 371.2035217285156
443.4924011230469 377.9653015136719
460.3907775878906 384.76458740234375
477.4603576660156 391.7327575683594
494.6990966796875 398.7370910644531
512.3057250976562 405.8399658203125
530.0269165039062 413.1027526855469
548.037109375 420.366943359375
566.33642578125 427.686767578125
584.7811279296875 435.12060546875
603.6023559570312 442.5539245605469
428.15869140625 385.4385070800781
444.45233154296875 392.2370300292969
460.9306640625 398.9876708984375
477.6534729003906 405.868896484375
494.6380920410156 412.82733154296875
511.8267822265625 419.9233703613281
529.325439453125 427.12750244140625
546.8954467773438 434.31719970703125
564.7622680664062 441.60693359375
582.9500122070312 448.97125244140625
601.3255615234375 456.3764343261719
429.3711853027344 399.2327880859375
445.3822021484375 405.85333251953125
461.55853271484375 412.64654541015625
477.97491455078125 419.4993591308594
494.619384765625 426.4666442871094
511.5077819824219 433.47882080078125
528.5836181640625 440.5665283203125
545.8756103515625 447.6850891113281
563.4381103515625 454.9692687988281
581.20556640625 462.2565002441406
599.2196044921875 469.5480041503906
430.4978942871094 412.41143798828125
446.2806091308594 419.12451171875
462.2090759277344 425.8063659667969
478.32635498046875 432.63201904296875
494.56866455078125 439.5117492675781
511.2319641113281 446.4833679199219
527.8790283203125 453.47406005859375
544.878173828125 460.56719970703125
562.1271362304688 467.6938171386719
579.53076171875 474.8906555175781
597.1580810546875 482.20037841796875