1 720 1333
764.2610473632812 263.1360778808594
782.1883544921875 264.7684326171875
800.485595703125 266.5872802734375
819.2661743164062 268.46746826171875
838.445556640625 270.3938293457031
858.1531372070312 272.3192443847656
878.291259765625 274.2953186035156
898.928466796875 276.2407531738281
920.1693115234375 278.277099609375
941.7814331054688 280.38531494140625
964.0655517578125 282.4803771972656
758.9014892578125 275.1267395019531
777.1229248046875 277.0021057128906
795.6854858398438 278.97930908203125
814.6795043945312 280.99365234375
834.239501953125 283.1401672363281
854.1764526367188 285.2581481933594
874.6414184570312 287.363037109375
895.6417846679688 289.51300048828125
917.2774047851562 291.6783752441406
939.3204956054688 294.06060791015625
961.885986328125 296.40576171875
753.433349609375 287.5020446777344
771.8251342773438 289.57110595703125
790.7210693359375 291.7178955078125
810.0509643554688 293.99078369140625
829.8051147460938 296.29644775390625
850.1439819335938 298.5671691894531
870.8768920898438 300.8717041015625
892.3058471679688 303.341552734375
914.216064453125 305.6893005371094
936.6351318359375 308.2967834472656
959.709228515625 310.7978515625
747.7151489257812 300.4111328125
766.4383544921875 302.64166259765625
785.5506591796875 305.0588684082031
805.1581420898438 307.4702453613281
825.3007202148438 309.9168701171875
845.8246459960938 312.44415283203125
867.0267944335938 315.0069885253906
888.6777954101562 317.6008605957031
911.048828125 320.2974853515625
933.8825073242188 323.1067810058594
957.4044799804688 325.9237976074219
741.8150634765625 313.68719482421875
760.7596435546875 316.23681640625
780.234130859375 318.75537109375
800.12890625 321.4402770996094
820.49365234375 324.1390380859375
841.4641723632812 326.83502197265625
862.9354858398438 329.6153259277344
885.0548706054688 332.541259765625
907.68896484375 335.4499816894531
931.059814453125 338.5027160644531
954.946044921875 341.5962829589844
735.679931640625 327.5645751953125
754.8921508789062 330.3255615234375
774.6195678710938 333.1197204589844
794.8098754882812 335.9093933105469
815.5698852539062 338.82733154296875
836.8338623046875 341.7956237792969
858.69677734375 344.879150390625
881.21630859375 348.0399169921875
904.2962646484375 351.27655029296875
928.0281372070312 354.566162109375
952.42919921875 358.021240234375
729.3590698242188 341.92669677734375
748.8102416992188 344.8127136230469
768.8093872070312 347.8899230957031
789.387451171875 351.017822265625
810.4278564453125 354.2142639160156
832.075439453125 357.4454345703125
854.3296508789062 360.7641906738281
877.2122802734375 364.260498046875
900.6456298828125 367.69903564453125
924.8359985351562 371.39495849609375
949.6962280273438 375.1376037597656
722.6851196289062 356.76031494140625
742.5181274414062 359.98321533203125
762.7771606445312 363.2907409667969
783.62548828125 366.6249694824219
805.08056640625 370.1431579589844
827.0900268554688 373.66021728515625
849.663330078125 377.3661804199219
872.935546875 381.1092224121094
896.8705444335938 384.9439697265625
921.5368041992188 388.9017028808594
946.8637084960938 393.0142517089844