1 720 1333
615.6317749023438 186.0376434326172
636.9627075195312 181.1678466796875
658.1201782226562 176.3607940673828
679.0987548828125 171.58216857910156
699.8284301757812 166.88954162597656
720.5068969726562 162.35443115234375
740.857177734375 157.7259979248047
761.2396850585938 153.2471466064453
781.3041381835938 148.69468688964844
801.2459716796875 144.2863006591797
820.8541259765625 139.89129638671875
621.217041015625 207.3056182861328
642.426025390625 202.35757446289062
663.5623779296875 197.4585723876953
684.5082397460938 192.62503051757812
705.3516845703125 187.8159942626953
725.854736328125 183.21017456054688
746.359130859375 178.49351501464844
766.5393676757812 173.8766632080078
786.6448974609375 169.35321044921875
806.4846801757812 164.77540588378906
826.2811279296875 160.32861328125
626.6075439453125 228.54171752929688
647.9179077148438 223.52345275878906
669.0261840820312 218.56964111328125
689.998046875 213.64010620117188
710.69970703125 208.80230712890625
731.3757934570312 204.0597381591797
751.6890869140625 199.33843994140625
771.9658203125 194.58766174316406
792.0242919921875 189.9287109375
811.8601684570312 185.377197265625
831.5069580078125 180.7765655517578
632.1619873046875 249.87362670898438
653.3995361328125 244.7535400390625
674.5126342773438 239.6856689453125
695.4328002929688 234.7351531982422
716.2353515625 229.78268432617188
736.7030639648438 224.8977508544922
757.2042236328125 220.1501007080078
777.37548828125 215.349853515625
797.4274291992188 210.5704345703125
817.2115478515625 205.90963745117188
836.818603515625 201.3203887939453
637.6272583007812 271.2952575683594
658.8674926757812 266.06024169921875
679.9828491210938 260.876220703125
700.844482421875 255.78265380859375
721.6143188476562 250.7963104248047
742.2219848632812 245.84774780273438
762.551513671875 240.90240478515625
782.7326049804688 236.10183715820312
802.7310791015625 231.2973175048828
822.5018920898438 226.48558044433594
842.1572265625 221.7354278564453
643.1777954101562 292.6044921875
664.453125 287.3677673339844
685.5068969726562 282.14447021484375
706.407470703125 276.941650390625
727.1336059570312 271.81982421875
747.594482421875 266.7828674316406
767.8941650390625 261.7819519042969
788.1259155273438 256.81292724609375
808.0989379882812 251.9187774658203
827.8173828125 247.1485137939453
847.4420166015625 242.29344177246094
648.6713256835938 314.0343017578125
669.8828735351562 308.63568115234375
691.0072631835938 303.3835754394531
711.839599609375 298.1579895019531
732.5355834960938 292.8894958496094
753.0 287.7436828613281
773.343505859375 282.6468505859375
793.4368896484375 277.604736328125
813.4022216796875 272.6298828125
833.1292114257812 267.6412048339844
852.637939453125 262.7708740234375
654.2599487304688 335.4541931152344
675.4578857421875 330.01080322265625
696.4545288085938 324.5912170410156
717.3751220703125 319.3049011230469
737.9395141601562 313.9559326171875
758.4308471679688 308.70367431640625
778.6558837890625 303.5320129394531
798.7349243164062 298.4393310546875
818.62548828125 293.3639221191406
838.3980712890625 288.318115234375
857.8068237304688 283.33807373046875