1 720 1333
680.801025390625 200.54916381835938
696.001708984375 203.72366333007812
710.8876953125 206.90635681152344
725.6091918945312 210.09225463867188
740.142822265625 213.24559020996094
754.4257202148438 216.32447814941406
768.5093383789062 219.35386657714844
782.4319458007812 222.35986328125
796.1301879882812 225.330078125
809.5828857421875 228.2638702392578
822.8322143554688 231.15658569335938
677.7185668945312 216.645263671875
692.8228149414062 219.73858642578125
707.6864624023438 222.79872131347656
722.4139404296875 225.8372344970703
736.8622436523438 228.84561157226562
751.1781616210938 231.79197692871094
765.242431640625 234.7306365966797
779.091796875 237.6327667236328
792.7250366210938 240.47898864746094
806.2263793945312 243.35267639160156
819.4876708984375 246.1659698486328
674.640625 232.64805603027344
689.6864624023438 235.6413116455078
704.5599365234375 238.587158203125
719.2567749023438 241.51593017578125
733.6416015625 244.40530395507812
747.88525390625 247.27210998535156
761.89599609375 250.08285522460938
775.7548217773438 252.81309509277344
789.435302734375 255.5734100341797
802.827880859375 258.3083190917969
816.1016235351562 260.9636535644531
671.5781860351562 248.58837890625
686.5906982421875 251.45106506347656
701.4445190429688 254.30332946777344
716.0941772460938 257.1188659667969
730.4860229492188 259.8426208496094
744.6581420898438 262.58941650390625
758.6718139648438 265.3243408203125
772.4998779296875 267.9456787109375
786.1482543945312 270.6021728515625
799.468505859375 273.19903564453125
812.7031860351562 275.7151184082031
668.540771484375 264.4051818847656
683.5444946289062 267.18609619140625
698.3602905273438 269.8315734863281
712.89794921875 272.5303955078125
727.3358154296875 275.22381591796875
741.4967651367188 277.81292724609375
755.4564208984375 280.395263671875
769.3054809570312 282.91326904296875
782.7649536132812 285.4463806152344
796.2191772460938 287.96527099609375
809.3487548828125 290.4262390136719
665.5321044921875 280.10467529296875
680.4983520507812 282.6849060058594
695.2853393554688 285.3273620605469
709.7560424804688 287.84161376953125
724.203857421875 290.4356994628906
738.3046875 292.8794860839844
752.2640380859375 295.4143981933594
766.0025024414062 297.7886047363281
779.5474853515625 300.2829895019531
792.8335571289062 302.5958251953125
806.0696411132812 304.9227600097656
662.51708984375 295.6582946777344
677.46875 298.2282409667969
692.2212524414062 300.6451110839844
706.6968994140625 303.13555908203125
721.02685546875 305.5267333984375
735.1819458007812 307.90313720703125
749.0317993164062 310.3141174316406
762.7314453125 312.5945739746094
776.2766723632812 314.909912109375
789.5658569335938 317.212646484375
802.690185546875 319.40167236328125
659.5475463867188 311.1745300292969
674.4850463867188 313.5317687988281
689.191650390625 315.8954772949219
703.6141357421875 318.2846374511719
717.9015502929688 320.53680419921875
731.997314453125 322.7999572753906
745.8333740234375 325.0917663574219
759.5169677734375 327.2920837402344
772.9888916015625 329.467529296875
786.2892456054688 331.6080627441406
799.39697265625 333.6988525390625