1 720 1333
511.1429138183594 83.16539001464844
515.4144287109375 98.64447021484375
519.7765502929688 114.34353637695312
524.3182983398438 130.2944793701172
528.7653198242188 146.41026306152344
533.3640747070312 162.71994018554688
538.0814208984375 179.2564239501953
542.6597900390625 196.07164001464844
547.4498901367188 212.9397735595703
552.3605346679688 230.2057647705078
557.251953125 247.57540893554688
496.86212158203125 92.07879638671875
501.1290588378906 107.36894989013672
505.37481689453125 123.03770446777344
509.64593505859375 138.7433624267578
514.0817260742188 154.80104064941406
518.4976806640625 170.96922302246094
523.0001220703125 187.43016052246094
527.5597534179688 204.05824279785156
532.1509399414062 220.8229522705078
536.8113403320312 238.00863647460938
541.6131591796875 255.25601196289062
482.9978942871094 100.63973236083984
487.0810852050781 115.98152160644531
491.260986328125 131.4200439453125
495.3836975097656 147.21531677246094
499.59393310546875 163.02459716796875
503.9128723144531 179.13946533203125
508.3188171386719 195.4369354248047
512.6517333984375 211.8880157470703
517.1742553710938 228.61871337890625
521.6834106445312 245.55194091796875
526.3391723632812 262.69482421875
469.39111328125 109.26090240478516
473.33746337890625 124.35842895507812
477.3139343261719 139.771484375
481.3691101074219 155.3231201171875
485.4988098144531 171.15171813964844
489.6328125 187.11480712890625
493.8801574707031 203.2781982421875
498.1625671386719 219.60516357421875
502.4885559082031 236.23033142089844
506.8755187988281 253.07049560546875
511.3899841308594 270.042236328125
456.0142517089844 117.51239776611328
459.7535705566406 132.62994384765625
463.6711120605469 147.84445190429688
467.6296691894531 163.38662719726562
471.6003112792969 179.07298278808594
475.6596374511719 194.82615661621094
479.701416015625 210.95849609375
483.92694091796875 227.1998291015625
488.13946533203125 243.6295928955078
492.439697265625 260.3355712890625
496.75018310546875 277.22869873046875
442.82830810546875 125.74974060058594
446.5794372558594 140.6715545654297
450.3879699707031 155.83880615234375
454.2207946777344 171.25421142578125
458.1366271972656 186.70982360839844
461.9776611328125 202.52508544921875
466.00286865234375 218.45620727539062
469.9324645996094 234.599609375
474.08197021484375 250.8816375732422
478.278564453125 267.4703674316406
482.4772033691406 284.24859619140625
430.098876953125 133.71343994140625
433.605712890625 148.64990234375
437.3323669433594 163.6680450439453
441.07708740234375 178.89019775390625
444.7375183105469 194.4406280517578
448.6160888671875 209.98995971679688
452.4787292480469 225.8485565185547
456.42987060546875 241.81297302246094
460.3840026855469 258.07818603515625
464.42437744140625 274.4664611816406
468.5369873046875 291.09967041015625
417.50396728515625 141.55117797851562
421.0122985839844 156.4169464111328
424.534912109375 171.3122100830078
428.136474609375 186.53408813476562
431.77203369140625 201.76028442382812
435.49298095703125 217.41683959960938
439.3050231933594 233.06781005859375
443.1307373046875 248.9601287841797
446.9764404296875 265.0537109375
450.9306335449219 281.3520202636719
454.88739013671875 297.7937927246094