1 720 1333
434.1563720703125 66.6637191772461
448.3279724121094 72.34007263183594
462.6616516113281 78.06835174560547
477.295654296875 83.87590026855469
492.06689453125 89.76634979248047
506.9917907714844 95.77811431884766
522.177734375 101.9258041381836
537.5008544921875 108.11717224121094
553.0347290039062 114.36946105957031
568.7964477539062 120.70341491699219
584.7138061523438 127.2065658569336
424.7249450683594 80.3028793334961
438.9134216308594 86.01168823242188
453.3782958984375 91.87504577636719
467.9288024902344 97.81143951416016
482.72479248046875 103.86996459960938
497.6897277832031 110.02529907226562
512.8963012695312 116.27245330810547
528.3441772460938 122.51718139648438
543.8695068359375 128.84288024902344
559.676513671875 135.40696716308594
575.6832885742188 141.966552734375
415.2893981933594 94.03225708007812
429.4873962402344 99.8585205078125
443.88189697265625 105.84054565429688
458.53167724609375 111.95679473876953
473.3695983886719 118.16357421875
488.3739318847656 124.4303970336914
503.5989685058594 130.69044494628906
518.9923706054688 137.17478942871094
534.6202392578125 143.60910034179688
550.4735107421875 150.30313110351562
566.5277709960938 156.9656219482422
405.6571960449219 107.87222290039062
419.9169006347656 113.89550018310547
434.36212158203125 120.09081268310547
449.0028991699219 126.29135131835938
463.8367004394531 132.537109375
478.8488464355469 138.93679809570312
494.16766357421875 145.4318389892578
509.5909423828125 151.94192504882812
525.27587890625 158.587158203125
541.1505126953125 165.3893585205078
557.2149047851562 172.24842834472656
395.9564514160156 121.9987564086914
410.2532043457031 128.17816162109375
424.6586608886719 134.3975830078125
439.3955383300781 140.7158966064453
454.285400390625 147.1874542236328
469.34930419921875 153.6407470703125
484.5602111816406 160.28721618652344
500.1010437011719 166.95018005371094
515.7392578125 173.68951416015625
531.6505737304688 180.6132049560547
547.770263671875 187.60458374023438
386.1985168457031 136.31141662597656
400.4373779296875 142.52633666992188
414.9214782714844 148.88836669921875
429.5889587402344 155.3763427734375
444.539306640625 161.93492126464844
459.59356689453125 168.5782470703125
474.897705078125 175.37269592285156
490.4384765625 182.20486450195312
506.1871337890625 189.1224365234375
522.0960693359375 196.15972900390625
538.2566528320312 203.31637573242188
376.2738952636719 150.6709747314453
390.54034423828125 157.13037109375
405.0568542480469 163.59381103515625
419.7321472167969 170.22813415527344
434.6800537109375 176.87428283691406
449.8246154785156 183.68836975097656
465.21588134765625 190.59945678710938
480.691162109375 197.56285095214844
496.4500732421875 204.63296508789062
512.4456176757812 211.81295776367188
528.589599609375 219.15878295898438
366.2837219238281 165.3445587158203
380.5317687988281 171.81544494628906
395.10906982421875 178.5027313232422
409.7502746582031 185.27394104003906
424.7420959472656 192.1354217529297
439.88128662109375 199.05247497558594
455.3273010253906 206.11761474609375
470.8233337402344 213.2469024658203
486.63006591796875 220.4731903076172
502.66888427734375 227.75241088867188
518.8636474609375 235.26319885253906