1 720 1333
638.3776245117188 225.32447814941406
661.2584228515625 222.46636962890625
684.2366943359375 219.62501525878906
707.3319702148438 216.77052307128906
730.51611328125 214.04592895507812
753.724609375 211.28012084960938
777.2135009765625 208.43519592285156
800.5830688476562 205.5925750732422
824.2213745117188 202.78330993652344
847.681884765625 199.9502716064453
871.471923828125 197.2165069580078
641.3256225585938 248.3028564453125
663.9976196289062 245.51380920410156
686.7693481445312 242.72752380371094
709.6759643554688 240.10830688476562
732.7111206054688 237.36874389648438
755.7350463867188 234.63401794433594
778.9727172851562 231.84629821777344
802.3202514648438 229.20310974121094
825.5790405273438 226.4571075439453
849.0076293945312 223.6500701904297
872.4683227539062 220.88021850585938
644.1954956054688 270.853271484375
666.6907348632812 268.2783508300781
689.3717041015625 265.5431823730469
712.130126953125 262.89300537109375
734.9008178710938 260.32830810546875
757.7657470703125 257.62933349609375
780.7432861328125 254.96298217773438
803.8126831054688 252.3834686279297
826.9988403320312 249.64175415039062
850.2841186523438 247.0145721435547
873.5048828125 244.31675720214844
647.0496215820312 293.27227783203125
669.409423828125 290.64288330078125
691.8214721679688 288.09661865234375
714.4354248046875 285.4779968261719
737.09375 282.87554931640625
759.7099609375 280.37445068359375
782.556640625 277.71588134765625
805.4606323242188 275.2134094238281
828.420654296875 272.5700988769531
851.4048461914062 269.9358215332031
874.4784545898438 267.3504638671875
649.7847900390625 315.2284240722656
672.0416870117188 312.6507263183594
694.3385009765625 310.18402099609375
716.6815795898438 307.6503601074219
739.197998046875 305.2189025878906
761.6553344726562 302.6454772949219
784.3578491210938 300.1614685058594
806.9669799804688 297.5807189941406
829.6610107421875 295.0953063964844
852.5223999023438 292.5172424316406
875.4558715820312 289.9377746582031
652.5831909179688 336.77740478515625
674.5910034179688 334.44427490234375
696.7100830078125 331.942138671875
718.85888671875 329.5129699707031
741.2843627929688 327.10760498046875
763.529052734375 324.63323974609375
785.931884765625 322.2176818847656
808.44287109375 319.6684265136719
831.0184326171875 317.28375244140625
853.5888671875 314.6864318847656
876.3890991210938 312.2550354003906
655.3185424804688 358.11676025390625
677.1702880859375 355.7044372558594
699.0974731445312 353.40582275390625
721.1627197265625 351.0280456542969
743.2340087890625 348.607177734375
765.3878784179688 346.2908630371094
787.5430297851562 343.81671142578125
809.8180541992188 341.430908203125
832.3001708984375 338.9945983886719
854.6544189453125 336.5299377441406
877.2020263671875 334.1108093261719
657.9606323242188 379.0039978027344
679.5764770507812 376.6915283203125
701.4149780273438 374.4952392578125
723.284912109375 372.1679382324219
745.2142333984375 369.77386474609375
767.156005859375 367.4737548828125
789.1931762695312 365.1604309082031
811.2617797851562 362.6976013183594
833.4657592773438 360.3844299316406
855.6090087890625 357.94683837890625
877.9746704101562 355.5476379394531