1 720 1333
775.6722412109375 202.87258911132812
786.6937255859375 210.27679443359375
797.4483642578125 217.4547119140625
807.7863159179688 224.44383239746094
817.8951416015625 231.27822875976562
827.7091064453125 237.82044982910156
837.2866821289062 244.34866333007812
846.55810546875 250.5685577392578
855.6045532226562 256.6597900390625
864.4107055664062 262.6588134765625
872.84765625 268.4492492675781
770.5416259765625 218.193115234375
781.648681640625 225.35142517089844
792.5045776367188 232.35166931152344
802.9871826171875 239.1402587890625
813.2435302734375 245.74432373046875
823.1004638671875 252.23553466796875
832.6596069335938 258.4576721191406
842.1339111328125 264.55731201171875
851.2940673828125 270.5378723144531
860.050537109375 276.3170471191406
868.6731567382812 281.9873352050781
765.4286499023438 233.50477600097656
776.6305541992188 240.47743225097656
787.5438232421875 247.30828857421875
798.2211303710938 253.93539428710938
808.4420776367188 260.36846923828125
818.4545288085938 266.6037902832031
828.1949462890625 272.6790466308594
837.6365356445312 278.64788818359375
846.7574462890625 284.3864440917969
855.7288208007812 290.0971374511719
864.4021606445312 295.4945983886719
760.287841796875 248.96861267089844
771.5696411132812 255.72377014160156
782.568603515625 262.37054443359375
793.3272705078125 268.7416076660156
803.640869140625 275.0509338378906
813.709716796875 281.1086120605469
823.5733032226562 287.0714416503906
833.1375122070312 292.716796875
842.4552001953125 298.4518127441406
851.4117431640625 303.7995910644531
860.1793212890625 309.2063903808594
755.0678100585938 264.492431640625
766.49853515625 271.1089782714844
777.5877685546875 277.48138427734375
788.4407348632812 283.7224426269531
798.8609619140625 289.7399597167969
809.110107421875 295.6937561035156
818.94970703125 301.3824157714844
828.5770263671875 307.0305480957031
837.92724609375 312.3947448730469
847.0615844726562 317.7026672363281
855.836669921875 322.79193115234375
749.82421875 280.1905517578125
761.4346923828125 286.51837158203125
772.6097412109375 292.6960754394531
783.5010375976562 298.7162780761719
794.1311645507812 304.6703186035156
804.3394165039062 310.34228515625
814.364990234375 315.9402770996094
824.0052490234375 321.27655029296875
833.5068969726562 326.5936584472656
842.5972900390625 331.58966064453125
851.5673828125 336.660888671875
744.5891723632812 295.834716796875
756.3116455078125 302.1312561035156
767.558837890625 308.0303649902344
778.6095581054688 313.9193420410156
789.2728881835938 319.56829833984375
799.5728149414062 325.1432189941406
809.6065063476562 330.39947509765625
819.447998046875 335.68609619140625
828.9402465820312 340.6640625
838.2244873046875 345.6534423828125
847.2206420898438 350.4432373046875
739.3969116210938 311.73248291015625
751.152587890625 317.6557312011719
762.5628662109375 323.4969787597656
773.5983276367188 329.1172180175781
784.4102783203125 334.6101379394531
794.7883911132812 339.84075927734375
804.881591796875 345.1037902832031
814.742919921875 350.06658935546875
824.3926391601562 354.98516845703125
833.6664428710938 359.66888427734375
842.6442260742188 364.3238830566406