1 720 1333
270.213623046875 131.22755432128906
286.28582763671875 126.70372009277344
302.6434326171875 122.2586898803711
319.2552490234375 117.6692886352539
336.1177978515625 113.14189147949219
353.1133117675781 108.48934173583984
370.4053649902344 103.77577209472656
387.8638916015625 99.15280151367188
405.61767578125 94.37480163574219
423.5852966308594 89.56441497802734
441.7798767089844 84.71658325195312
277.22900390625 150.41845703125
293.2618408203125 146.10304260253906
309.46954345703125 141.71107482910156
325.98272705078125 137.38792419433594
342.6809997558594 132.93711853027344
359.6395568847656 128.48544311523438
376.80328369140625 123.97276306152344
394.25616455078125 119.40354919433594
411.7537841796875 114.79855346679688
429.6584777832031 110.25047302246094
447.7539978027344 105.54478454589844
284.1638488769531 169.3266143798828
300.1109313964844 165.2095184326172
316.23577880859375 160.9101104736328
332.6156921386719 156.71536254882812
349.2920227050781 152.47171020507812
366.1450500488281 148.1713409423828
383.1888122558594 143.77401733398438
400.4559631347656 139.44065856933594
417.9148864746094 135.0253448486328
435.6536560058594 130.5550994873047
453.6441345214844 126.06905364990234
290.96942138671875 187.97288513183594
306.7823181152344 183.92648315429688
322.9006042480469 179.90878295898438
339.2258605957031 175.80462646484375
355.7023620605469 171.68759155273438
372.4681091308594 167.5302276611328
389.4766845703125 163.3974609375
406.5885314941406 159.1861572265625
423.94293212890625 154.84034729003906
441.5926513671875 150.5592498779297
459.4595947265625 146.27017211914062
297.72607421875 206.31405639648438
313.5107727050781 202.48098754882812
329.4781494140625 198.51681518554688
345.6858215332031 194.60833740234375
362.1435852050781 190.61595153808594
378.7196350097656 186.622802734375
395.57232666015625 182.5878143310547
412.6493225097656 178.5359344482422
429.90380859375 174.43226623535156
447.45648193359375 170.2845458984375
465.1927795410156 166.07345581054688
304.42919921875 224.39295959472656
320.106689453125 220.59413146972656
336.0626220703125 216.87918090820312
352.1192321777344 213.1253662109375
368.4625244140625 209.32798767089844
384.92901611328125 205.43505859375
401.6894226074219 201.5633544921875
418.63336181640625 197.60353088378906
435.76080322265625 193.64097595214844
453.21942138671875 189.60009765625
470.7693786621094 185.5880584716797
311.022216796875 242.13409423828125
326.60235595703125 238.5464630126953
342.4225769042969 234.91064453125
358.4580383300781 231.33853149414062
374.6332092285156 227.61654663085938
391.1373596191406 223.89234924316406
407.7214660644531 220.18907165527344
424.5781555175781 216.3865203857422
441.5953369140625 212.54061889648438
458.85455322265625 208.65060424804688
476.34442138671875 204.7062530517578
317.5357666015625 259.6199951171875
333.0152587890625 256.2166748046875
348.7413024902344 252.69578552246094
364.6365051269531 249.27696228027344
380.8102722167969 245.66482543945312
397.1770935058594 242.0920867919922
413.6712341308594 238.48587036132812
430.4283142089844 234.7672882080078
447.3886413574219 231.1190185546875
464.49853515625 227.37567138671875
481.8143310546875 223.5621337890625