1 720 1333
311.3821716308594 237.98794555664062
324.9424133300781 233.36837768554688
339.0632629394531 228.5601348876953
353.5643615722656 223.6515350341797
368.64044189453125 218.5746307373047
384.3768005371094 213.39797973632812
400.5406188964844 207.88023376464844
417.39093017578125 202.3170623779297
434.7149658203125 196.42616271972656
452.849365234375 190.50961303710938
471.7029113769531 184.2315673828125
312.3260498046875 258.875244140625
325.8699645996094 254.5619354248047
340.0566711425781 250.17568969726562
354.60418701171875 245.55343627929688
369.7464294433594 240.8054656982422
385.5334167480469 235.92478942871094
401.7520446777344 230.8941192626953
418.6283874511719 225.6192169189453
436.2228698730469 220.28033447265625
454.43310546875 214.59747314453125
473.3229064941406 208.81544494628906
313.2815856933594 279.9087219238281
326.8403625488281 275.9577941894531
341.13006591796875 271.8217468261719
355.7049560546875 267.625244140625
371.0101318359375 263.2920837402344
386.6681213378906 258.7161560058594
403.151123046875 254.05780029296875
420.042236328125 249.2625732421875
437.60064697265625 244.1814727783203
455.8301696777344 239.03880310058594
474.8705749511719 233.59811401367188
314.2148742675781 301.1795654296875
327.83050537109375 297.5016784667969
342.1512451171875 293.735595703125
356.80206298828125 289.86083984375
372.1888427734375 285.84161376953125
387.91180419921875 281.6684265136719
404.4136047363281 277.4505310058594
421.4270324707031 272.9638671875
439.0574951171875 268.39337158203125
457.4580993652344 263.58349609375
476.48828125 258.64263916015625
315.1846923828125 322.48089599609375
328.8736572265625 319.2153625488281
343.22100830078125 315.76531982421875
357.9875183105469 312.2970886230469
373.3739318847656 308.6353454589844
389.2662353515625 304.8470458984375
405.6758728027344 300.9571228027344
422.7483215332031 296.93975830078125
440.5044250488281 292.73138427734375
458.9975891113281 288.4555358886719
478.25750732421875 283.94317626953125
316.1543273925781 343.93804931640625
329.8739013671875 341.0212707519531
344.3465576171875 337.93023681640625
359.19732666015625 334.81549072265625
374.554443359375 331.5867004394531
390.5148010253906 328.2582092285156
407.1184387207031 324.7153015136719
424.3181457519531 321.14422607421875
442.0968322753906 317.3949279785156
460.56854248046875 313.5018310546875
479.8377990722656 309.47442626953125
317.2046813964844 365.5633544921875
331.1012878417969 362.973388671875
345.42694091796875 360.3380432128906
360.41119384765625 357.5406188964844
375.7525634765625 354.68182373046875
391.81378173828125 351.7174072265625
408.4817810058594 348.6656799316406
425.71868896484375 345.4786071777344
443.62548828125 342.2008361816406
462.3589782714844 338.7303161621094
481.6036682128906 335.2131042480469
318.26556396484375 387.3327331542969
332.1394348144531 385.0763854980469
346.557861328125 382.7556457519531
361.5378723144531 380.4141540527344
377.18218994140625 377.9430236816406
393.2799377441406 375.41815185546875
410.0052490234375 372.7123718261719
427.3590087890625 370.015625
445.37957763671875 367.2005310058594
464.1440734863281 364.21453857421875
483.54840087890625 361.1522521972656