1 720 1333
686.7127075195312 228.0039825439453
702.0537109375 225.00125122070312
716.8856811523438 222.10777282714844
731.361328125 219.3201141357422
745.4039306640625 216.57615661621094
759.0385131835938 213.90475463867188
772.36962890625 211.37142944335938
785.3181762695312 208.80030822753906
797.8807983398438 206.4307098388672
810.1641235351562 204.01841735839844
822.0704345703125 201.67745971679688
690.2110595703125 246.63954162597656
705.4075927734375 243.4508056640625
720.156494140625 240.31602478027344
734.4871826171875 237.27294921875
748.4280395507812 234.32119750976562
761.9572143554688 231.4435577392578
775.1907348632812 228.59255981445312
788.0344848632812 225.8883056640625
800.5584716796875 223.2661590576172
812.6682739257812 220.66998291015625
824.5592651367188 218.18624877929688
693.643798828125 265.23321533203125
708.6881713867188 261.69964599609375
723.3834838867188 258.3626403808594
737.5670776367188 255.08506774902344
751.42822265625 251.8708953857422
764.864013671875 248.75357055664062
777.9781494140625 245.751708984375
790.730224609375 242.79647827148438
803.2129516601562 239.95761108398438
815.3318481445312 237.23220825195312
827.0641479492188 234.512451171875
697.0610961914062 283.5658874511719
711.9805908203125 279.82867431640625
726.5731201171875 276.2714538574219
740.6314086914062 272.7193603515625
754.4389038085938 269.3337707519531
767.7405395507812 266.0566711425781
780.745361328125 262.7522277832031
793.4656372070312 259.6158752441406
805.7977294921875 256.5458068847656
817.7593994140625 253.59140014648438
829.4909057617188 250.66685485839844
700.4366455078125 301.7585754394531
715.3023681640625 297.77398681640625
729.669677734375 293.948486328125
743.7182006835938 290.287841796875
757.3833618164062 286.5889892578125
770.6261596679688 283.11358642578125
783.536865234375 279.6224365234375
796.1934204101562 276.3062744140625
808.41748046875 273.03961181640625
820.3198852539062 269.8087463378906
831.8790283203125 266.7344970703125
703.7323608398438 319.8010559082031
718.5175170898438 315.605712890625
732.8058471679688 311.5630187988281
746.6952514648438 307.5994567871094
760.2922973632812 303.74078369140625
773.4583129882812 300.0259094238281
786.33251953125 296.3760070800781
798.7134399414062 292.7913818359375
810.9577026367188 289.3858642578125
822.7013549804688 285.9969177246094
834.3330078125 282.6628723144531
707.1022338867188 337.6836853027344
721.732177734375 333.31201171875
735.85595703125 328.9910888671875
749.705322265625 324.7740173339844
763.1728515625 320.7183532714844
776.2645263671875 316.7565002441406
788.9417114257812 312.9103088378906
801.412109375 309.2240295410156
813.4452514648438 305.52691650390625
825.2152099609375 301.9518737792969
836.61669921875 298.51611328125
710.3935546875 355.3974609375
724.8290405273438 350.7176818847656
739.0067749023438 346.241455078125
752.6160278320312 341.832763671875
766.0342407226562 337.5728759765625
778.9146728515625 333.43621826171875
791.5944213867188 329.3809814453125
803.8635864257812 325.4337463378906
815.8815307617188 321.5516357421875
827.4755249023438 317.8160400390625
838.89111328125 314.2029724121094