1 720 1333
587.2084350585938 208.92507934570312
601.8341064453125 221.8353271484375
616.22802734375 234.5043487548828
630.2243041992188 246.8150177001953
643.8453979492188 258.8948669433594
657.2822875976562 270.67919921875
670.3584594726562 282.2733154296875
683.1383056640625 293.5173645019531
695.5978393554688 304.5689392089844
707.7343139648438 315.33929443359375
719.6578369140625 325.7833251953125
574.4447021484375 221.5236358642578
589.0252075195312 234.1890106201172
603.32763671875 246.45375061035156
617.3037719726562 258.5105895996094
630.918212890625 270.324951171875
644.3102416992188 281.7914123535156
657.3697509765625 293.10003662109375
670.1331787109375 304.16143798828125
682.5626831054688 314.8887023925781
694.7396850585938 325.44744873046875
706.6436157226562 335.67138671875
562.0393676757812 233.76007080078125
576.5585327148438 246.1306915283203
590.7608642578125 258.1509704589844
604.6820678710938 269.8540954589844
618.3382568359375 281.42584228515625
631.6243286132812 292.6410217285156
644.6412963867188 303.65655517578125
657.4208984375 314.474853515625
669.8650512695312 325.06427001953125
682.0568237304688 335.3339538574219
693.9531860351562 345.3819580078125
549.9644165039062 245.71824645996094
564.4505615234375 257.74066162109375
578.6017456054688 269.5039367675781
592.4598388671875 280.9878845214844
606.03076171875 292.2880554199219
619.3309936523438 303.2969970703125
632.331298828125 314.0284729003906
645.0432739257812 324.5642395019531
657.467041015625 334.8471984863281
669.6024780273438 344.93597412109375
681.540771484375 354.714111328125
538.3058471679688 257.4114685058594
552.63525390625 269.1533508300781
566.7576293945312 280.568603515625
580.5669555664062 291.7738342285156
594.1165161132812 302.7804260253906
607.3342895507812 313.5485534667969
620.297607421875 324.1233215332031
632.956298828125 334.42401123046875
645.41259765625 344.5098571777344
657.537353515625 354.3526611328125
669.44970703125 363.9441833496094
526.8696899414062 268.6964416503906
541.2418823242188 280.23175048828125
555.2554931640625 291.40814208984375
568.9597778320312 302.4114685058594
582.43994140625 313.14691162109375
595.5950927734375 323.6063537597656
608.5396728515625 333.887451171875
621.2157592773438 344.0163879394531
633.56103515625 353.8330383300781
645.6879272460938 363.4974365234375
657.5680541992188 372.85150146484375
515.8206176757812 279.7437744140625
530.0770263671875 290.9491271972656
544.0111083984375 301.8823547363281
557.6676635742188 312.62200927734375
571.1148681640625 323.1859130859375
584.24609375 333.4259338378906
597.1240844726562 343.4879150390625
609.6986694335938 353.35577392578125
622.0786743164062 362.98065185546875
634.224609375 372.420166015625
646.0362548828125 381.59906005859375
505.0932922363281 290.53936767578125
519.2489624023438 301.4908142089844
533.1083374023438 312.2138366699219
546.7011108398438 322.63836669921875
560.0979614257812 332.92474365234375
573.1849365234375 342.9736328125
585.9706420898438 352.76361083984375
598.5291137695312 362.457275390625
610.8363037109375 371.8232421875
622.90869140625 381.11767578125
634.7410888671875 390.11090087890625