1 720 1333
615.4612426757812 240.67478942871094
634.8037109375 237.55633544921875
654.0894165039062 234.47421264648438
673.1212158203125 231.42982482910156
691.8345336914062 228.42019653320312
710.4830932617188 225.43360900878906
728.8630981445312 222.4678955078125
747.1380004882812 219.57907104492188
765.1071166992188 216.72596740722656
782.7635498046875 213.83729553222656
800.4393920898438 211.0319366455078
616.6729125976562 256.8658752441406
635.6800537109375 253.71803283691406
654.50537109375 250.62864685058594
673.206298828125 247.586181640625
691.5629272460938 244.56967163085938
709.7503662109375 241.58082580566406
727.7590942382812 238.63650512695312
745.6190795898438 235.71278381347656
763.385498046875 232.8443603515625
780.7283325195312 229.9947052001953
798.0260009765625 227.19760131835938
617.9298095703125 272.4617614746094
636.5447387695312 269.3401184082031
655.0230102539062 266.2261962890625
673.2899169921875 263.1806335449219
691.368408203125 260.1427307128906
709.2269287109375 257.1972961425781
726.8364868164062 254.2209930419922
744.4176025390625 251.3021240234375
761.6717529296875 248.39529418945312
778.73388671875 245.5071563720703
795.6656494140625 242.639892578125
619.196044921875 287.4066467285156
637.390625 284.2974548339844
655.4441528320312 281.2182922363281
673.3491821289062 278.1502685546875
691.103271484375 275.1117248535156
708.5521850585938 272.1388244628906
725.8499755859375 269.1926574707031
743.1635131835938 266.23614501953125
760.1441040039062 263.3678894042969
776.823974609375 260.456787109375
793.4796752929688 257.5753173828125
620.3242797851562 301.74859619140625
638.186279296875 298.6103210449219
655.7811889648438 295.56390380859375
673.4182739257812 292.5008239746094
690.7323608398438 289.47747802734375
707.9310913085938 286.4941101074219
725.0580444335938 283.5296936035156
741.8040771484375 280.58599853515625
758.5505981445312 277.6852111816406
775.024658203125 274.7818908691406
791.3704833984375 271.9163513183594
621.3693237304688 315.5686340332031
638.8630981445312 312.49560546875
656.3170166015625 309.4137268066406
673.5069580078125 306.37322998046875
690.5051879882812 303.35028076171875
707.4467163085938 300.3447570800781
724.1909790039062 297.388427734375
740.6419067382812 294.4513854980469
757.0868530273438 291.54833984375
773.317626953125 288.6051025390625
789.3115234375 285.7455749511719
622.4696655273438 328.8645935058594
639.616455078125 325.7757873535156
656.58935546875 322.7077941894531
673.5345458984375 319.65106201171875
690.3817138671875 316.62969970703125
706.8038330078125 313.6614685058594
723.3112182617188 310.6885986328125
739.4987182617188 307.7326354980469
755.5827026367188 304.8124084472656
771.4724731445312 301.8997802734375
787.284912109375 299.07208251953125
623.47607421875 341.6777648925781
640.3622436523438 338.61273193359375
657.1066284179688 335.5688171386719
673.6080932617188 332.54644775390625
690.101806640625 329.5115051269531
706.3870849609375 326.50439453125
722.465087890625 323.5313720703125
738.4207763671875 320.5694274902344
754.1967163085938 317.63421630859375
769.8048095703125 314.69000244140625
785.2960815429688 311.7949523925781