1 720 1333
709.1686401367188 35.09297180175781
727.2942504882812 56.696197509765625
743.7575073242188 76.5923843383789
758.9761962890625 94.81891632080078
772.9057006835938 111.69749450683594
785.7359619140625 127.28924560546875
797.655517578125 141.72674560546875
808.7171020507812 155.21434020996094
819.1015014648438 167.66087341308594
828.5498657226562 179.40869140625
837.4696655273438 190.29022216796875
696.5848388671875 69.73644256591797
715.404296875 90.0108413696289
732.4522094726562 108.48435974121094
748.19189453125 125.520263671875
762.5321655273438 141.17941284179688
775.7998046875 155.61631774902344
788.1878051757812 169.12921142578125
799.5728759765625 181.55953979492188
810.29638671875 193.2249298095703
820.0902099609375 204.01181030273438
829.3267822265625 214.251708984375
684.116455078125 104.73011016845703
703.4447631835938 123.44725799560547
721.1045532226562 140.55259704589844
737.3133544921875 156.30694580078125
752.2088012695312 170.70530700683594
765.8501586914062 184.17770385742188
778.5984497070312 196.50901794433594
790.4448852539062 208.0978240966797
801.4301147460938 218.71920776367188
811.5773315429688 228.8445281982422
821.051025390625 238.12802124023438
671.5125732421875 139.9034423828125
691.4842529296875 157.06564331054688
709.67431640625 172.719970703125
726.4231567382812 187.19285583496094
741.748779296875 200.46011352539062
755.9091796875 212.65965270996094
769.0982055664062 224.1448211669922
781.2556762695312 234.58876037597656
792.6110229492188 244.60791015625
803.052490234375 253.60438537597656
812.7750854492188 262.282958984375
658.8696899414062 175.25831604003906
679.51513671875 190.79910278320312
698.321044921875 205.0785675048828
715.5263671875 218.20204162597656
731.3745727539062 230.2373809814453
745.9507446289062 241.4305877685547
759.4542846679688 251.6548614501953
772.056884765625 261.376220703125
783.6783447265625 270.25030517578125
794.4954223632812 278.677001953125
804.5150146484375 286.3595275878906
646.304443359375 210.71820068359375
667.4985961914062 224.68482971191406
686.8217163085938 237.5596160888672
704.5543823242188 249.3118896484375
720.8923950195312 260.2593078613281
735.8615112304688 270.20208740234375
749.8121948242188 279.505859375
762.7105712890625 288.0838928222656
774.73291015625 296.19207763671875
785.8511962890625 303.56463623046875
796.2728881835938 310.5975646972656
633.5460815429688 246.3657684326172
655.440673828125 258.80377197265625
675.364990234375 270.1696472167969
693.6167602539062 280.660400390625
710.3910522460938 290.2380065917969
725.7957153320312 299.1309814453125
740.1170043945312 307.3585510253906
753.408203125 314.9395751953125
765.711181640625 322.0487365722656
777.1307983398438 328.626953125
787.8424072265625 334.8271789550781
620.843994140625 282.2786865234375
643.386474609375 293.0251159667969
663.804443359375 302.99658203125
682.640380859375 312.01727294921875
699.7547607421875 320.4259033203125
715.6881713867188 328.1824035644531
730.330078125 335.2522277832031
744.0074462890625 341.8720397949219
756.5560913085938 348.025634765625
768.3847045898438 353.75177001953125
779.2713012695312 359.1085510253906