1 720 1333
378.4704284667969 347.05645751953125
410.8869934082031 333.2315673828125
441.62310791015625 320.0221252441406
470.7781982421875 307.5290222167969
498.5277099609375 295.60888671875
524.8739624023438 284.3531799316406
550.0253295898438 273.5185546875
574.0078735351562 263.3395690917969
596.8654174804688 253.52232360839844
618.6318969726562 244.27186584472656
639.5052490234375 235.36407470703125
388.231201171875 374.1593933105469
419.4071960449219 360.0184631347656
448.93316650390625 346.5715637207031
477.1268310546875 333.7568664550781
503.8531799316406 321.6063537597656
529.4207763671875 310.0287170410156
553.7261962890625 298.90057373046875
577.0855102539062 288.383056640625
599.3654174804688 278.31585693359375
620.5344848632812 268.6142272949219
640.7938842773438 259.4678039550781
397.3416748046875 399.5926208496094
427.4157409667969 385.29534912109375
455.874267578125 371.6220397949219
483.12335205078125 358.60833740234375
509.02398681640625 346.2471923828125
533.6904907226562 334.3934326171875
557.3917846679688 323.013916015625
579.98828125 312.2392883300781
601.6339721679688 301.8486633300781
622.368408203125 291.9228820800781
642.2257080078125 282.4161376953125
406.0074462890625 423.56768798828125
434.93914794921875 409.1329040527344
462.5227966308594 395.3294677734375
488.7472229003906 382.1658935546875
513.8627319335938 369.5470275878906
537.8151245117188 357.48480224609375
560.7359619140625 345.99078369140625
582.7642822265625 334.90985107421875
603.8800048828125 324.38287353515625
624.1038208007812 314.1986999511719
643.3984375 304.4597473144531
414.24090576171875 446.1572265625
442.1741638183594 431.55230712890625
468.72003173828125 417.6326904296875
494.2496337890625 404.35943603515625
518.5357666015625 391.605224609375
541.7832641601562 379.42791748046875
564.1561889648438 367.6835021972656
585.512939453125 356.5126037597656
606.1246337890625 345.7097473144531
625.6611328125 335.3975830078125
644.55419921875 325.4455261230469
421.9192810058594 467.45294189453125
448.9441833496094 452.7884216308594
474.6990661621094 438.7868957519531
499.40325927734375 425.411376953125
522.957275390625 412.5593566894531
545.5670776367188 400.29541015625
567.2759399414062 388.4400329589844
588.1221923828125 377.09283447265625
608.1818237304688 366.17852783203125
627.321044921875 355.6053466796875
645.6474609375 345.51055908203125
429.31231689453125 487.561767578125
455.4381103515625 472.86090087890625
480.4325256347656 458.80328369140625
504.3559875488281 445.36444091796875
527.261474609375 432.4456787109375
549.2061767578125 420.062255859375
570.3203125 408.1065673828125
590.53857421875 396.61602783203125
610.075439453125 385.5611572265625
628.68798828125 374.8958740234375
646.6994018554688 364.6234436035156
436.3077697753906 506.601806640625
461.60699462890625 491.9280090332031
485.7779846191406 477.81512451171875
509.0864562988281 464.36163330078125
531.3328247070312 451.3372497558594
552.595703125 438.8397521972656
573.1939697265625 426.787841796875
592.8607788085938 415.2807922363281
611.853515625 404.1414489746094
630.1871948242188 393.3382263183594
647.6494750976562 382.9342041015625