1 720 1333
851.6843872070312 214.52706909179688
869.6949462890625 219.42491149902344
887.7136840820312 224.31951904296875
905.829833984375 229.24830627441406
924.1124267578125 234.18882751464844
942.2839965820312 239.1636505126953
960.4429931640625 244.07394409179688
978.7127685546875 249.19366455078125
996.8990478515625 253.9899444580078
1015.2786865234375 259.1793518066406
1033.4561767578125 264.22491455078125
850.262939453125 226.6795196533203
868.5348510742188 231.64303588867188
886.88232421875 236.6800994873047
905.3605346679688 241.69915771484375
923.7482299804688 246.75694274902344
942.3065795898438 251.8029327392578
960.7691650390625 256.9350891113281
979.3941650390625 261.9432067871094
997.937255859375 267.193359375
1016.5106201171875 272.2937316894531
1035.016357421875 277.4023132324219
848.60595703125 239.31471252441406
867.3052978515625 244.42425537109375
885.9193115234375 249.51632690429688
904.6737060546875 254.64903259277344
923.51611328125 259.7845153808594
942.35302734375 265.0104675292969
961.1791381835938 270.17437744140625
980.0738525390625 275.4306640625
998.958251953125 280.531494140625
1017.7462158203125 285.78729248046875
1036.6368408203125 291.1773681640625
847.0120849609375 252.38218688964844
865.941650390625 257.5468444824219
884.9920654296875 262.7837219238281
904.0897216796875 268.1114501953125
923.2266845703125 273.3830871582031
942.3707275390625 278.61114501953125
961.5340576171875 283.96923828125
980.705810546875 289.2657775878906
999.9862060546875 294.55645751953125
1019.2791137695312 299.9406433105469
1038.3515625 305.3106384277344
845.3645629882812 265.80352783203125
864.5833740234375 271.246826171875
883.9414672851562 276.55157470703125
903.4481201171875 281.960693359375
922.789794921875 287.35955810546875
942.42626953125 292.77587890625
961.851318359375 298.20367431640625
981.4647827148438 303.5846862792969
1001.0813598632812 309.04644775390625
1020.5537109375 314.54437255859375
1040.153564453125 320.12066650390625
843.589599609375 279.8618469238281
863.2980346679688 285.36810302734375
882.9357299804688 290.81536865234375
902.6319580078125 296.3933410644531
922.5200805664062 301.908935546875
942.3831176757812 307.4430236816406
962.3260498046875 313.01495361328125
982.2706298828125 318.541748046875
1002.1805419921875 324.1269836425781
1022.0469970703125 329.69464111328125
1041.8934326171875 335.3945617675781
841.7421875 294.4244689941406
861.7333374023438 300.0494384765625
881.7929077148438 305.63177490234375
901.947021484375 311.3387451171875
922.2180786132812 316.9470520019531
942.41943359375 322.6771240234375
962.6135864257812 328.3967590332031
982.8783569335938 334.104248046875
1003.2835693359375 339.7254638671875
1023.5082397460938 345.5071105957031
1043.685302734375 351.3036804199219
839.8784790039062 309.5096740722656
860.3209228515625 315.2860412597656
880.6744995117188 321.0363464355469
901.2866821289062 326.80279541015625
921.7020874023438 332.6455383300781
942.393798828125 338.46356201171875
962.946533203125 344.3592834472656
983.5830688476562 350.1611328125
1004.372314453125 356.078369140625
1024.9224853515625 361.891845703125
1045.559326171875 367.7300720214844