1 720 1333
715.1857299804688 406.969482421875
734.451904296875 403.49359130859375
753.3983154296875 400.1079406738281
771.7468872070312 396.76861572265625
789.8272705078125 393.4839782714844
807.52392578125 390.35675048828125
824.7252807617188 387.2273254394531
841.613525390625 384.15020751953125
858.2711791992188 381.1617431640625
874.352783203125 378.21514892578125
890.163818359375 375.34967041015625
715.242431640625 426.71026611328125
734.4263916015625 423.0906982421875
753.1336669921875 419.51190185546875
771.4014282226562 416.0315856933594
789.2741088867188 412.58123779296875
806.7193603515625 409.20611572265625
823.7376708984375 405.8924560546875
840.5833740234375 402.66021728515625
856.9527587890625 399.5339660644531
873.0020751953125 396.4519348144531
888.6039428710938 393.3863220214844
715.3504028320312 446.0966796875
734.3414916992188 442.3014221191406
752.7431030273438 438.5473937988281
770.8950805664062 434.82122802734375
788.6099853515625 431.3023986816406
805.8970336914062 427.73095703125
822.98486328125 424.2835388183594
839.5552368164062 420.86358642578125
855.75439453125 417.5906982421875
871.64013671875 414.344970703125
887.32568359375 411.16131591796875
715.4138793945312 465.0846252441406
734.2494506835938 461.1153564453125
752.5167236328125 457.22418212890625
770.4901733398438 453.3751220703125
788.0698852539062 449.6026306152344
805.2481689453125 445.8919982910156
822.0703125 442.35137939453125
838.5107421875 438.7409973144531
854.5932006835938 435.360107421875
870.44287109375 431.8725280761719
885.7719116210938 428.5579528808594
715.5234375 483.5849609375
734.1237182617188 479.4777526855469
752.343994140625 475.43743896484375
770.0971069335938 471.4701843261719
787.49560546875 467.55560302734375
804.4688720703125 463.75762939453125
821.23681640625 459.9920349121094
837.5185546875 456.33746337890625
853.5655517578125 452.6781005859375
869.1770629882812 449.225341796875
884.4781494140625 445.6719055175781
715.5801391601562 501.7472839355469
734.0348510742188 497.530029296875
751.9971923828125 493.35546875
769.631103515625 489.2608642578125
786.8509521484375 485.24261474609375
803.7176513671875 481.2767333984375
820.3748168945312 477.3610534667969
836.5122680664062 473.5313415527344
852.4190673828125 469.78851318359375
867.8836059570312 466.1675109863281
883.1410522460938 462.5230712890625
715.706787109375 519.5755004882812
733.889892578125 515.242919921875
751.6961059570312 510.8469543457031
769.2584838867188 506.6201171875
786.3943481445312 502.4842834472656
803.1026000976562 498.4073181152344
819.4932861328125 494.3611755371094
835.5098876953125 490.4493408203125
851.3135986328125 486.5423278808594
866.5835571289062 482.7172546386719
881.6680908203125 478.9776306152344
715.79541015625 537.0621337890625
733.8118286132812 532.5372314453125
751.55419921875 528.0999145507812
768.7841186523438 523.7064208984375
785.7042236328125 519.4503784179688
802.4033813476562 515.2152709960938
818.5585327148438 511.0903625488281
834.505126953125 506.95458984375
850.148681640625 502.97894287109375
865.3944702148438 499.00811767578125
880.3901977539062 495.16253662109375