1 720 1333
733.8988037109375 471.00823974609375
735.8488159179688 477.83209228515625
737.7308349609375 485.05145263671875
739.768798828125 492.4864807128906
741.842041015625 500.34112548828125
744.099853515625 508.3779602050781
746.3527221679688 516.7537841796875
748.6561279296875 525.6192626953125
751.2349243164062 534.77587890625
753.7384033203125 544.541259765625
756.4708862304688 554.5780639648438
721.26220703125 471.4322814941406
722.7205810546875 478.40081787109375
724.444580078125 485.4986572265625
726.1924438476562 492.9126892089844
727.9959106445312 500.6836242675781
729.84521484375 508.7900695800781
731.8236083984375 517.3492431640625
733.8822631835938 526.2015380859375
736.0206298828125 535.3765869140625
738.3429565429688 545.0154418945312
740.6468505859375 555.188232421875
708.2210083007812 471.71044921875
709.604736328125 478.6553955078125
711.0557250976562 485.8551025390625
712.54296875 493.4060363769531
714.06298828125 501.1933288574219
715.6436157226562 509.31292724609375
717.3658447265625 517.6629028320312
719.082763671875 526.5305786132812
720.9016723632812 535.6858520507812
722.7783813476562 545.5043334960938
724.7776489257812 555.59814453125
695.4119873046875 472.2491760253906
696.4918212890625 479.1056213378906
697.627685546875 486.3418884277344
698.8507080078125 493.6983337402344
700.1314086914062 501.5406188964844
701.4381713867188 509.6130065917969
702.7711791992188 518.2435302734375
704.26611328125 527.00048828125
705.673095703125 536.2877807617188
707.3077392578125 545.9344482421875
708.91455078125 556.1495971679688
682.4210205078125 472.4933166503906
683.3654174804688 479.48345947265625
684.2838134765625 486.6326904296875
685.2032470703125 494.25958251953125
686.1901245117188 501.93890380859375
687.2325439453125 510.1726379394531
688.2531127929688 518.544677734375
689.3760986328125 527.4479370117188
690.5250244140625 536.6304321289062
691.689208984375 546.3941040039062
692.9996948242188 556.5448608398438
669.5478515625 472.8462219238281
670.1830444335938 479.7120666503906
670.7369995117188 486.9985656738281
671.4825439453125 494.48956298828125
672.209716796875 502.3777770996094
672.8546142578125 510.467529296875
673.6192016601562 518.9307250976562
674.4580078125 527.736083984375
675.31396484375 537.1021728515625
676.2064819335938 546.7651977539062
677.1060791015625 556.9615478515625
656.5499877929688 473.2627868652344
656.9679565429688 480.236572265625
657.38134765625 487.43597412109375
657.7097778320312 494.8524475097656
658.2553100585938 502.6852722167969
658.5681762695312 510.8216857910156
659.1481323242188 519.4417114257812
659.5189819335938 528.3094482421875
660.1097412109375 537.5228881835938
660.5349731445312 547.316650390625
661.1776123046875 557.4750366210938
643.64794921875 473.50347900390625
643.6993408203125 480.42230224609375
643.8310546875 487.61834716796875
644.0430297851562 495.2568359375
644.242919921875 503.0350341796875
644.3746337890625 511.2752990722656
644.4796752929688 519.6526489257812
644.6087036132812 528.6517944335938
644.7128295898438 537.9769287109375
644.994140625 547.6547241210938
645.2446899414062 557.9297485351562