1 720 1333
719.4661865234375 202.7376708984375
732.6419677734375 209.10711669921875
745.5071411132812 215.28463745117188
758.1071166992188 221.3831329345703
770.36572265625 227.30618286132812
782.3231811523438 233.1175994873047
793.9379272460938 238.66622924804688
805.3765258789062 244.32237243652344
816.4418334960938 249.61386108398438
827.3399047851562 254.91970825195312
837.781494140625 260.0394287109375
713.1887817382812 218.61404418945312
726.40283203125 224.71372985839844
739.3726806640625 230.73646545410156
751.897216796875 236.585693359375
764.2500610351562 242.39447021484375
776.2114868164062 247.89598083496094
787.8660888671875 253.42723083496094
799.355712890625 258.71368408203125
810.497314453125 263.95770263671875
821.3399658203125 269.04937744140625
831.9625244140625 274.0514831542969
706.8106079101562 234.41519165039062
720.2017822265625 240.3964080810547
733.1407470703125 246.17372131347656
745.77978515625 251.77879333496094
758.125 257.34710693359375
770.1968994140625 262.7334289550781
781.8524169921875 267.9797058105469
793.3491821289062 273.2111511230469
804.5109252929688 278.2308349609375
815.4610595703125 283.1903991699219
826.1514892578125 287.9222412109375
700.6146240234375 250.19781494140625
713.9750366210938 255.8100128173828
726.9854736328125 261.4654235839844
739.6268310546875 266.87615966796875
752.0546264648438 272.312255859375
764.1404418945312 277.4822692871094
775.9031372070312 282.6000671386719
787.4242553710938 287.5404052734375
798.6438598632812 292.4396667480469
809.5443725585938 297.18096923828125
820.3216552734375 301.7509765625
694.4419555664062 265.76202392578125
707.7960205078125 271.33892822265625
720.8350219726562 276.6643371582031
733.5933227539062 281.9618835449219
745.973388671875 287.1322021484375
758.144775390625 292.21771240234375
769.9522705078125 297.07379150390625
781.5125122070312 301.8276672363281
792.76318359375 306.5296936035156
803.6944580078125 311.1334228515625
814.4607543945312 315.57916259765625
688.302734375 281.4219970703125
701.6759643554688 286.676513671875
714.7691040039062 291.8714904785156
727.5379028320312 296.9637145996094
740.0402221679688 301.89910888671875
752.2183837890625 306.72906494140625
764.02734375 311.4873962402344
775.6013793945312 316.11962890625
786.8790283203125 320.5750427246094
797.951904296875 325.0133972167969
808.6351928710938 329.2896423339844
682.181640625 296.8797912597656
695.6025390625 302.0248718261719
708.7189331054688 306.9977111816406
721.5296630859375 311.8310241699219
734.0769653320312 316.6368408203125
746.2188720703125 321.30938720703125
758.1699829101562 325.8227844238281
769.6746215820312 330.2615661621094
781.1229858398438 334.58746337890625
792.1119384765625 338.794189453125
802.9066162109375 342.9073791503906
676.0452880859375 312.3700866699219
689.5698852539062 317.2763671875
702.6727905273438 322.0444030761719
715.5800170898438 326.7250671386719
728.0665893554688 331.29974365234375
740.337890625 335.7493591308594
752.2005004882812 340.1358642578125
763.8427124023438 344.36749267578125
775.2437133789062 348.51617431640625
786.3502197265625 352.5782165527344
797.1275024414062 356.49365234375