1 720 1333
276.2890625 69.29893493652344
304.72039794921875 83.18363952636719
332.7960510253906 96.81364440917969
360.400634765625 110.35457611083984
387.5174560546875 123.5865707397461
414.19842529296875 136.67352294921875
440.39013671875 149.53805541992188
466.0509033203125 162.2285614013672
491.2829895019531 174.58291625976562
515.9593505859375 186.72686767578125
540.1809692382812 198.6310272216797
268.1046142578125 96.33329010009766
296.37579345703125 109.7880630493164
324.1088562011719 123.12447357177734
351.431396484375 136.15806579589844
378.36529541015625 149.0725860595703
404.7354736328125 161.6614227294922
430.7064514160156 174.18995666503906
456.258056640625 186.423583984375
481.22503662109375 198.46072387695312
505.694091796875 210.2025604248047
529.7324829101562 221.69822692871094
260.2362976074219 122.70394134521484
288.1954040527344 135.81378173828125
315.6405029296875 148.6783905029297
342.6826171875 161.3843536376953
369.4190979003906 173.83145141601562
395.5659484863281 186.15997314453125
421.3771057128906 198.26564025878906
446.6225280761719 210.12644958496094
471.46527099609375 221.71484375
495.74658203125 233.1730194091797
519.587890625 244.32864379882812
252.46803283691406 148.5653533935547
280.2078857421875 161.29345703125
307.4581604003906 173.72850036621094
334.2654113769531 186.0709991455078
360.6554870605469 198.17300415039062
386.64801025390625 210.0924835205078
412.29193115234375 221.76861572265625
437.3250427246094 233.31158447265625
461.8863525390625 244.57078552246094
486.085205078125 255.60464477539062
509.7149353027344 266.4660949707031
245.0576934814453 173.7156219482422
272.44622802734375 186.10118103027344
299.4591064453125 198.20974731445312
326.0474853515625 210.16700744628906
352.27410888671875 221.8614959716797
377.9749755859375 233.45001220703125
403.3804016113281 244.74705505371094
428.2645568847656 255.929443359375
452.62445068359375 266.8226623535156
476.58544921875 277.5838623046875
500.09088134765625 288.0806579589844
237.7675323486328 198.4293975830078
264.96112060546875 210.37625122070312
291.665283203125 222.117919921875
318.0858154296875 233.64012145996094
343.99908447265625 245.0949249267578
369.5414733886719 256.2846374511719
394.6476745605469 267.29425048828125
419.3823547363281 278.0719909667969
443.5768127441406 288.6743469238281
467.3609619140625 299.0589904785156
490.6372985839844 309.2819519042969
230.7789764404297 222.4388885498047
257.6482849121094 234.04965209960938
284.2078552246094 245.4525146484375
310.32623291015625 256.6744384765625
336.0093078613281 267.67974853515625
361.38201904296875 278.58148193359375
386.29913330078125 289.2590637207031
410.74407958984375 299.67510986328125
434.74420166015625 309.9214172363281
458.36041259765625 320.06195068359375
481.5244140625 329.8733825683594
224.0472869873047 245.91571044921875
250.60899353027344 257.1968994140625
276.8301086425781 268.2774963378906
302.6998596191406 279.1307678222656
328.320068359375 289.8460998535156
353.352783203125 300.3704833984375
378.11981201171875 310.7030029296875
402.38970947265625 320.7722473144531
426.246826171875 330.75946044921875
449.6256103515625 340.4857177734375
472.57623291015625 350.0888671875