1 720 1333
618.784423828125 398.54656982421875
639.8645629882812 397.6901550292969
660.8831176757812 396.92669677734375
681.8433837890625 396.2586975097656
702.7290649414062 395.356201171875
723.5619506835938 394.473876953125
744.31103515625 393.5882263183594
764.8248291015625 392.7488098144531
785.3804931640625 391.83624267578125
805.65673828125 391.0686340332031
825.8365478515625 390.2762756347656
619.7304077148438 418.2969665527344
640.635009765625 417.4171142578125
661.5030517578125 416.5276794433594
682.3360595703125 415.6324462890625
702.8974609375 414.83447265625
723.544189453125 413.9713134765625
744.0130615234375 413.10699462890625
764.4559936523438 412.3069763183594
784.6712036132812 411.4131774902344
804.9017944335938 410.44769287109375
824.9453735351562 409.5369873046875
620.7083129882812 437.5186767578125
641.4376220703125 436.6248474121094
662.080810546875 435.6955261230469
682.5589599609375 434.91644287109375
703.154052734375 434.1048889160156
723.46435546875 433.1898498535156
743.755615234375 432.32958984375
763.9974365234375 431.39337158203125
784.2219848632812 430.4365234375
804.1707763671875 429.5183410644531
824.0679321289062 428.5121765136719
621.6376953125 456.4176025390625
642.2372436523438 455.5571594238281
662.5634155273438 454.6341857910156
682.957275390625 453.7120361328125
703.28466796875 452.87713623046875
723.467041015625 451.96441650390625
743.5405883789062 451.0285949707031
763.5851440429688 450.1811828613281
783.5323486328125 449.2054138183594
803.4110107421875 448.2678527832031
823.085693359375 447.2609558105469
622.5934448242188 474.8829650878906
642.8364868164062 474.1659851074219
663.2040405273438 473.2279968261719
683.3246459960938 472.34637451171875
703.4224853515625 471.3887023925781
723.4073486328125 470.4468078613281
743.395263671875 469.51611328125
763.2310791015625 468.48828125
782.9655151367188 467.5497741699219
802.548095703125 466.53912353515625
822.2188720703125 465.530517578125
623.5096435546875 493.1439208984375
643.5905151367188 492.328857421875
663.5926513671875 491.4189453125
683.5921020507812 490.4341125488281
703.5040893554688 489.5225524902344
723.4152221679688 488.50250244140625
743.1425170898438 487.54364013671875
762.736572265625 486.54736328125
782.4046020507812 485.5794372558594
801.7704467773438 484.5279846191406
821.2474975585938 483.5331115722656
624.4458618164062 510.9780578613281
644.363525390625 510.17462158203125
664.21435546875 509.2183532714844
683.913330078125 508.30108642578125
703.6527709960938 507.2991943359375
723.3523559570312 506.363037109375
742.8406982421875 505.33856201171875
762.4232177734375 504.3509826660156
781.7179565429688 503.2974853515625
801.1140747070312 502.2994689941406
820.3567504882812 501.190185546875
625.3544921875 528.5143432617188
644.9884033203125 527.5889282226562
664.6322631835938 526.6196899414062
684.3385620117188 525.644775390625
703.7594604492188 524.6807250976562
723.3381958007812 523.6242065429688
742.6300659179688 522.6400756835938
761.9649658203125 521.583251953125
781.2431640625 520.5315551757812
800.3881225585938 519.5132446289062
819.3921508789062 518.420654296875