1 720 1333
859.4688720703125 215.5330047607422
876.278564453125 223.84478759765625
892.5209350585938 231.91522216796875
908.516845703125 239.8960723876953
924.1069946289062 247.6602020263672
939.3457641601562 255.32679748535156
954.2101440429688 262.7133483886719
968.7483520507812 270.01934814453125
982.9532470703125 277.18878173828125
996.8480834960938 284.1388244628906
1010.4529418945312 290.9232482910156
848.3086547851562 234.50094604492188
864.8980102539062 242.48326110839844
881.199951171875 250.3821258544922
897.0590209960938 257.9968566894531
912.6101684570312 265.5009765625
927.74365234375 272.7876892089844
942.6216430664062 279.98248291015625
957.16748046875 287.0957946777344
971.4639892578125 293.8826904296875
985.2766723632812 300.623291015625
998.8092041015625 307.23028564453125
837.3555908203125 253.0049591064453
853.9046020507812 260.69891357421875
870.1298217773438 268.31793212890625
885.9154052734375 275.66729736328125
901.39794921875 282.90545654296875
916.5391845703125 289.94073486328125
931.3780517578125 296.911376953125
945.8458862304688 303.62701416015625
960.0442504882812 310.3759460449219
973.9481201171875 316.73651123046875
987.4630737304688 323.2014465332031
826.599853515625 271.1356506347656
843.2169189453125 278.5672912597656
859.284912109375 285.8321838378906
875.098876953125 292.9534912109375
890.4429321289062 299.903076171875
905.5328979492188 306.76873779296875
920.3073120117188 313.44427490234375
934.7233276367188 320.0256042480469
948.9057006835938 326.40069580078125
962.7252197265625 332.64208984375
976.3297119140625 338.7375183105469
816.2424926757812 288.8081970214844
832.5859375 295.9836120605469
848.6452026367188 303.00982666015625
864.3832397460938 309.8675231933594
879.7244262695312 316.6155090332031
894.699462890625 323.2221374511719
909.496337890625 329.6368713378906
923.8916015625 335.90972900390625
938.03125 342.21514892578125
951.786376953125 348.1636962890625
965.34521484375 354.1048889160156
805.9365234375 306.20294189453125
822.3397216796875 313.1216125488281
838.3081665039062 319.83868408203125
853.9242553710938 326.4937438964844
869.2482299804688 332.96307373046875
884.2438354492188 339.3406982421875
898.8290405273438 345.5
913.2813720703125 351.59283447265625
927.3526611328125 357.53277587890625
941.108642578125 363.3907775878906
954.5731201171875 369.0557861328125
795.9711303710938 323.1607360839844
812.2870483398438 329.760009765625
828.1766357421875 336.34088134765625
843.7014770507812 342.6605529785156
858.9849243164062 348.9113464355469
873.8359985351562 355.0157165527344
888.48828125 361.0245056152344
902.7725219726562 366.79852294921875
916.8117065429688 372.5938415527344
930.5433349609375 378.2182312011719
944.0104370117188 383.6697692871094
786.22705078125 339.70001220703125
802.4113159179688 346.2064514160156
818.2417602539062 352.45123291015625
833.7152709960938 358.5551452636719
848.8630981445312 364.5577392578125
863.71728515625 370.44976806640625
878.3123779296875 376.2192687988281
892.5610961914062 381.78753662109375
906.4991455078125 387.3652038574219
920.2460327148438 392.7008972167969
933.599609375 398.0061950683594