1 720 1333
502.13043212890625 183.68653869628906
515.3983154296875 180.5555419921875
529.1499633789062 177.3599395751953
543.4168090820312 173.89971923828125
558.208740234375 170.53067016601562
573.4885864257812 166.8472900390625
589.4105834960938 163.2395477294922
605.851318359375 159.37071228027344
622.9896850585938 155.4088592529297
640.795166015625 151.28836059570312
659.3917846679688 147.0328826904297
501.2742614746094 202.4271240234375
514.5396728515625 199.5043487548828
528.3150634765625 196.58470153808594
542.5249633789062 193.57679748535156
557.4240112304688 190.4259033203125
572.6436767578125 187.23211669921875
588.5913696289062 183.7678680419922
605.1688232421875 180.36843872070312
622.3145751953125 176.6940460205078
640.1842651367188 173.0553436279297
658.6788330078125 169.242919921875
500.4314880371094 221.0967559814453
513.5747680664062 218.57139587402344
527.4638061523438 215.90628051757812
541.6162109375 213.29757690429688
556.5133056640625 210.46636962890625
571.7728881835938 207.5522918701172
587.7223510742188 204.58433532714844
604.3848876953125 201.4650421142578
621.471923828125 198.2604217529297
639.4363403320312 194.92361450195312
658.017578125 191.51007080078125
499.4913024902344 239.9270477294922
512.753173828125 237.68568420410156
526.5048828125 235.47293090820312
540.797119140625 233.05438232421875
555.5769653320312 230.60621643066406
571.0166625976562 228.0807647705078
586.9107055664062 225.4620819091797
603.5086669921875 222.6894989013672
620.6751098632812 219.8691864013672
638.6573486328125 216.9849853515625
657.389892578125 213.95584106445312
498.58056640625 258.8337097167969
511.8119201660156 256.9455261230469
525.6502685546875 255.0135498046875
539.9032592773438 252.96420288085938
554.7333984375 250.84420776367188
570.2304077148438 248.67434692382812
586.2144775390625 246.43191528320312
602.6763305664062 244.13861083984375
619.993408203125 241.6012725830078
637.9358520507812 239.24183654785156
656.6116943359375 236.6205596923828
497.6578674316406 277.83349609375
511.0260925292969 276.30413818359375
524.729248046875 274.6387634277344
539.1105346679688 272.9995422363281
553.8695678710938 271.3105773925781
569.369873046875 269.4505615234375
585.3679809570312 267.5453186035156
601.8838500976562 265.5918273925781
619.2611083984375 263.5955810546875
637.2970581054688 261.5380554199219
655.9690551757812 259.43450927734375
496.7992858886719 296.9339599609375
510.21429443359375 295.6556396484375
523.887451171875 294.4469299316406
538.2561645507812 293.1633605957031
553.0928955078125 291.6577453613281
568.4884643554688 290.33367919921875
584.510986328125 288.74114990234375
601.2169799804688 287.3353271484375
618.483154296875 285.64434814453125
636.5010986328125 284.0746765136719
655.3911743164062 282.3721618652344
495.9088439941406 316.1872863769531
509.2728576660156 315.2576904296875
523.04150390625 314.3050537109375
537.416259765625 313.3112487792969
552.2847290039062 312.34063720703125
567.6240234375 311.2918701171875
583.667724609375 310.2351989746094
600.4464721679688 309.06103515625
617.7216796875 307.8274230957031
635.8675537109375 306.6441650390625
654.6658935546875 305.4731140136719