1 720 1333
853.0494995117188 210.86366271972656
868.31787109375 221.52305603027344
883.3308715820312 231.98989868164062
898.1615600585938 242.32749938964844
912.7033081054688 252.49525451660156
927.096923828125 262.4940185546875
941.3109130859375 272.4282531738281
955.197998046875 282.1950378417969
968.96435546875 291.7462158203125
982.4371948242188 301.2590637207031
995.69580078125 310.5660705566406
840.3446655273438 226.73446655273438
855.50439453125 237.18222045898438
870.4130249023438 247.3470001220703
885.1474609375 257.490234375
899.5836181640625 267.4220886230469
913.8362426757812 277.25262451171875
927.9309692382812 286.8225402832031
941.7977905273438 296.4452819824219
955.4832763671875 305.8014221191406
968.9005737304688 315.0945739746094
982.1817016601562 324.19903564453125
828.0086669921875 242.28005981445312
843.0075073242188 252.40187072753906
857.8184204101562 262.39703369140625
872.4375 272.2704162597656
886.8120727539062 281.9913330078125
901.0279541015625 291.5522766113281
914.9676513671875 301.0171813964844
928.7614135742188 310.3506164550781
942.3886108398438 319.5298767089844
955.678466796875 328.56475830078125
968.889892578125 337.4986572265625
815.872314453125 257.38995361328125
830.8247680664062 267.3236999511719
845.5612182617188 277.045654296875
860.1082153320312 286.67083740234375
874.36865234375 296.2251281738281
888.458740234375 305.5690002441406
902.36572265625 314.7832336425781
916.0491943359375 323.9047546386719
929.5408935546875 332.90020751953125
942.8001708984375 341.70361328125
955.89111328125 350.4758605957031
804.1915893554688 272.116455078125
819.0017700195312 281.7294921875
833.6005249023438 291.3690185546875
848.048583984375 300.7343444824219
862.26123046875 310.0977478027344
876.22900390625 319.26031494140625
890.0431518554688 328.2982177734375
903.5762329101562 337.219970703125
917.0692749023438 345.9692077636719
930.266357421875 354.5945739746094
943.2918090820312 363.1938781738281
792.6702880859375 286.4693298339844
807.4483032226562 295.96502685546875
821.9112548828125 305.3020324707031
836.2982177734375 314.51776123046875
850.3692016601562 323.5859680175781
864.2576904296875 332.537353515625
877.9111328125 341.4140930175781
891.4819946289062 350.1663818359375
904.7390747070312 358.6883850097656
917.9063720703125 367.21356201171875
930.8757934570312 375.50787353515625
781.5137329101562 300.52825927734375
796.1746826171875 309.733642578125
810.5645141601562 318.87310791015625
824.7389526367188 327.86212158203125
838.7368774414062 336.77996826171875
852.5324096679688 345.56805419921875
866.2103271484375 354.2587890625
879.602783203125 362.6964416503906
892.8046264648438 371.1614990234375
905.8643798828125 379.4388122558594
918.7822875976562 387.5718688964844
770.572509765625 314.24072265625
785.1448364257812 323.32763671875
799.431884765625 332.25286865234375
813.5463256835938 341.053466796875
827.4605102539062 349.68927001953125
841.1956787109375 358.32470703125
854.6642456054688 366.67572021484375
868.0496215820312 375.0833435058594
881.1809692382812 383.33392333984375
894.1521606445312 391.3718566894531
906.9149780273438 399.3584899902344