1 720 1333
673.4737548828125 452.7000732421875
690.8900756835938 455.95904541015625
708.2904052734375 459.2545471191406
725.6519775390625 462.4823303222656
743.0665893554688 465.6649475097656
760.4498901367188 468.8785705566406
777.6992797851562 472.1094970703125
795.16259765625 475.31268310546875
812.4608154296875 478.43115234375
829.7047729492188 481.593017578125
847.0886840820312 484.7615051269531
670.6435546875 468.6191101074219
688.3489379882812 471.9517822265625
705.9930419921875 475.2423095703125
723.6200561523438 478.5333557128906
741.3733520507812 481.81304931640625
758.898193359375 485.1060791015625
776.5575561523438 488.3485412597656
794.247802734375 491.53558349609375
811.7610473632812 494.7436828613281
829.451904296875 498.04779052734375
847.0350952148438 501.2576904296875
667.72119140625 485.042236328125
685.6644897460938 488.4128112792969
703.6119384765625 491.7023620605469
721.5656127929688 495.1189270019531
739.50048828125 498.4757995605469
757.4590454101562 501.73809814453125
775.3863525390625 505.066162109375
793.322021484375 508.3704528808594
811.221435546875 511.59625244140625
829.1115112304688 514.8825073242188
846.8740234375 518.2044067382812
664.703125 501.9642639160156
682.9627075195312 505.3985595703125
701.2625732421875 508.78533935546875
719.4187622070312 512.244873046875
737.6505737304688 515.5919189453125
755.8176879882812 518.97265625
774.1499633789062 522.3679809570312
792.3711547851562 525.6707763671875
810.53125 529.0524291992188
828.6270141601562 532.3897094726562
846.8355712890625 535.7022094726562
661.6080932617188 519.4202880859375
680.21044921875 522.8970947265625
698.6658325195312 526.4197998046875
717.3194580078125 529.8741455078125
735.7091064453125 533.344482421875
754.3108520507812 536.7742309570312
772.7392578125 540.2433471679688
791.3772583007812 543.5850219726562
809.7487182617188 546.9534912109375
828.3731689453125 550.4381103515625
846.7210693359375 553.785888671875
658.438232421875 537.4736938476562
677.3017578125 541.0299072265625
696.1638793945312 544.5796508789062
714.9064331054688 548.1497802734375
733.7593383789062 551.6497802734375
752.5957641601562 555.191650390625
771.4716796875 558.6405029296875
790.3441772460938 562.1578979492188
809.1739501953125 565.6023559570312
827.8435668945312 569.0653686523438
846.651123046875 572.5078125
655.14404296875 556.1729125976562
674.3238525390625 559.7374267578125
693.4522705078125 563.406982421875
712.5966796875 567.0244140625
731.7171630859375 570.586181640625
750.8555297851562 574.217041015625
770.0996704101562 577.71875
789.2613525390625 581.318115234375
808.3995361328125 584.7871704101562
827.4674072265625 588.3602294921875
846.5436401367188 591.84033203125
651.6775512695312 575.4155883789062
671.227783203125 579.1488647460938
690.661865234375 582.8294067382812
710.2282104492188 586.5018310546875
729.6296997070312 590.246337890625
749.1675415039062 593.81787109375
768.6067504882812 597.4996337890625
788.1243896484375 601.1263427734375
807.5386962890625 604.698974609375
826.9791870117188 608.3336791992188
846.4390869140625 611.8609008789062