1 720 1333
780.9798583984375 163.45501708984375
795.375244140625 159.92718505859375
809.2652587890625 156.6020965576172
822.5531616210938 153.3943328857422
835.4791259765625 150.27569580078125
847.7910766601562 147.31369018554688
859.794677734375 144.43312072753906
871.3512573242188 141.57199096679688
882.5543212890625 138.92117309570312
893.2944946289062 136.366455078125
903.646484375 133.86404418945312
785.0389404296875 185.27210998535156
799.28271484375 181.4006805419922
812.8298950195312 177.6387481689453
826.1346435546875 174.10211181640625
838.7377319335938 170.60606384277344
851.0866088867188 167.33935546875
862.8306884765625 164.1021270751953
874.3425903320312 161.00189208984375
885.3939208984375 157.96731567382812
896.0034790039062 155.17872619628906
906.294921875 152.370361328125
789.0025024414062 206.6552276611328
803.038818359375 202.4659881591797
816.5451049804688 198.42987060546875
829.5609741210938 194.4857635498047
842.1593627929688 190.67884826660156
854.2471923828125 187.0897216796875
865.9111328125 183.53721618652344
877.2455444335938 180.15379333496094
888.2174682617188 176.78562927246094
898.6281127929688 173.6297149658203
908.7877197265625 170.61273193359375
792.915283203125 227.78382873535156
806.7741088867188 223.29002380371094
820.1519775390625 218.81890869140625
832.9898071289062 214.5787811279297
845.4169311523438 210.49072265625
857.3895263671875 206.54617309570312
868.8629760742188 202.68121337890625
880.1069946289062 199.0299530029297
890.9051513671875 195.4216766357422
901.3504028320312 191.95367431640625
911.388427734375 188.62197875976562
796.8088989257812 248.59664916992188
810.506103515625 243.68455505371094
823.6365966796875 238.96737670898438
836.416015625 234.41326904296875
848.5830688476562 229.97262573242188
860.4522094726562 225.6817169189453
871.8289184570312 221.5999755859375
882.88916015625 217.5684051513672
893.6064453125 213.740966796875
903.8893432617188 210.02813720703125
913.8246459960938 206.43724060058594
800.6637573242188 269.1556091308594
814.1885375976562 263.85272216796875
827.1670532226562 258.766357421875
839.657470703125 253.88619995117188
851.7930297851562 249.21041870117188
863.4786987304688 244.63011169433594
874.741943359375 240.25621032714844
885.65283203125 235.9730987548828
896.2806396484375 231.78488159179688
906.4450073242188 227.8345947265625
916.3348388671875 223.947021484375
804.4628295898438 289.3095703125
817.7332153320312 283.6761474609375
830.5543823242188 278.3706970214844
842.9934692382812 273.1606140136719
854.8948364257812 268.1504821777344
866.4641723632812 263.3015441894531
877.5671997070312 258.5902099609375
888.4130249023438 254.04888916015625
898.7936401367188 249.66883850097656
908.8767700195312 245.4375762939453
918.6306762695312 241.3559112548828
808.1727905273438 309.1754150390625
821.3294677734375 303.2829284667969
833.9464111328125 297.5400390625
846.231201171875 292.10589599609375
857.9954833984375 286.7271423339844
869.385009765625 281.6453552246094
880.3994750976562 276.6482238769531
891.0302124023438 271.8723449707031
901.3566284179688 267.25830078125
911.2802124023438 262.7388610839844
920.9025268554688 258.4212341308594