1 720 1333
734.2965698242188 534.16845703125
721.2044677734375 538.2355346679688
707.826171875 542.365966796875
694.1845703125 546.5304565429688
680.2805786132812 550.76806640625
666.0734252929688 555.235107421875
651.5048217773438 559.593505859375
636.6838989257812 564.1685180664062
621.5570068359375 568.6295166015625
606.143310546875 573.4186401367188
590.38232421875 578.18212890625
726.6123046875 524.8316650390625
713.6755981445312 528.7152099609375
700.5067138671875 532.65576171875
687.09228515625 536.640869140625
673.3270874023438 540.7354125976562
659.340087890625 544.8515014648438
645.0803833007812 549.1835327148438
630.4581909179688 553.4115600585938
615.5244140625 557.7089233398438
600.3745727539062 562.249267578125
584.7594604492188 566.7688598632812
719.2730712890625 515.8892822265625
706.4457397460938 519.5708618164062
693.5198974609375 523.3865356445312
680.2440185546875 527.2102661132812
666.661865234375 531.0608520507812
652.8653564453125 535.0260620117188
638.7649536132812 539.0106811523438
624.4253540039062 543.077392578125
609.7206420898438 547.2083740234375
594.7605590820312 551.4805908203125
579.5250854492188 555.739013671875
712.1312255859375 507.2774963378906
699.5185546875 510.7461853027344
686.6818237304688 514.3754272460938
673.5802001953125 518.0215454101562
660.29052734375 521.673583984375
646.6113891601562 525.4404296875
632.7288818359375 529.310546875
618.609619140625 533.1674194335938
604.1798706054688 537.088134765625
589.4747924804688 541.136474609375
574.4580078125 545.282470703125
705.283447265625 498.8509216308594
692.8140258789062 502.2742614746094
680.1642456054688 505.6521301269531
667.28857421875 509.1995544433594
654.0159912109375 512.6294555664062
640.646484375 516.2647094726562
626.9441528320312 519.8261108398438
612.9708251953125 523.5176391601562
598.8300170898438 527.2909545898438
584.3323364257812 531.1887817382812
569.5343627929688 535.0556640625
698.5968017578125 490.700927734375
686.3644409179688 493.95574951171875
673.8378295898438 497.2895812988281
661.0781860351562 500.5578308105469
648.12890625 503.9071044921875
634.8312377929688 507.3622741699219
621.345458984375 510.7298278808594
607.6309204101562 514.340576171875
593.6016235351562 517.8388061523438
579.3909912109375 521.4900512695312
564.8158569335938 525.3436889648438
692.260498046875 482.9031066894531
680.1266479492188 485.94390869140625
667.7110595703125 489.1766357421875
655.219482421875 492.31683349609375
642.3497314453125 495.5073547363281
629.2899780273438 498.6996154785156
615.96923828125 502.07501220703125
602.4442138671875 505.4070129394531
588.6126708984375 508.76983642578125
574.6133422851562 512.3480224609375
560.2971801757812 515.79638671875
686.0925903320312 475.3169860839844
674.037353515625 478.28314208984375
661.866455078125 481.29681396484375
649.428466796875 484.3018493652344
636.7605590820312 487.3678894042969
623.8574829101562 490.48992919921875
610.7340087890625 493.6174011230469
597.4327392578125 496.8096618652344
583.8428955078125 500.1376953125
570.04296875 503.42193603515625
555.91796875 506.7954406738281