1 720 1333
540.1616821289062 233.09783935546875
553.5330200195312 232.3477325439453
567.3475952148438 231.46360778808594
581.559326171875 230.58575439453125
596.2760620117188 229.6872100830078
611.429931640625 228.79440307617188
627.0693969726562 227.85092163085938
643.2430419921875 226.9580841064453
659.8578491210938 226.07774353027344
677.1539306640625 224.98260498046875
694.9113159179688 223.9647979736328
547.39453125 247.9024200439453
560.6487426757812 247.45025634765625
574.33251953125 246.77035522460938
588.4353637695312 246.3041534423828
602.93896484375 245.5882110595703
617.9777221679688 245.03858947753906
633.4434204101562 244.4010467529297
649.3956909179688 243.65655517578125
665.8203125 243.11109924316406
682.855224609375 242.3738250732422
700.450927734375 241.59693908691406
554.42333984375 262.4237976074219
567.52978515625 262.1308898925781
581.1253662109375 261.66729736328125
595.0743408203125 261.4168395996094
609.483642578125 261.0753479003906
624.3228759765625 260.598388671875
639.6005249023438 260.3477783203125
655.392822265625 259.84814453125
671.6065063476562 259.5334777832031
688.45751953125 259.1676940917969
705.7412109375 258.6366882324219
561.2350463867188 276.46832275390625
574.27294921875 276.38922119140625
587.6454467773438 276.28704833984375
601.4863891601562 276.13812255859375
615.7236328125 275.983642578125
630.41748046875 275.7517395019531
645.5443725585938 275.64788818359375
661.1748657226562 275.5574035644531
677.25048828125 275.4677429199219
693.8117065429688 275.3518371582031
710.8629150390625 275.1873779296875
567.78271484375 290.12750244140625
580.6883544921875 290.2398681640625
594.0272827148438 290.30291748046875
607.70751953125 290.4014587402344
621.8107299804688 290.4433898925781
636.3760375976562 290.5126647949219
651.3421020507812 290.5794372558594
666.7086181640625 290.6784362792969
682.6174926757812 290.82293701171875
698.9862060546875 290.9286193847656
715.8533325195312 291.078369140625
574.2276611328125 303.33489990234375
587.0421752929688 303.5705261230469
600.1925048828125 303.7866516113281
613.7753295898438 304.2367858886719
627.7076416015625 304.4832458496094
642.1270751953125 304.6809387207031
656.9151611328125 305.1141662597656
672.2103271484375 305.4320983886719
687.8207397460938 305.6806335449219
704.0458374023438 306.07666015625
720.6659545898438 306.43817138671875
580.4505615234375 316.212158203125
593.096435546875 316.57965087890625
606.2134399414062 317.1103515625
619.5963134765625 317.56060791015625
633.4741821289062 318.09527587890625
647.6693725585938 318.5216369628906
662.3741455078125 319.0443115234375
677.4255981445312 319.54876708984375
692.9343872070312 320.20269775390625
708.8450927734375 320.6014709472656
725.3662719726562 321.2433776855469
586.4249267578125 328.5887756347656
599.0750732421875 329.3479919433594
611.9653930664062 329.89007568359375
625.3193359375 330.5489807128906
639.038818359375 331.280029296875
653.1170043945312 331.8329772949219
667.5853881835938 332.56231689453125
682.5280151367188 333.3398742675781
697.8067626953125 334.0748291015625
713.606689453125 334.65484619140625
729.7833862304688 335.4761657714844