1 720 1333
629.33447265625 223.37936401367188
645.8867797851562 228.36903381347656
662.2882080078125 233.29315185546875
678.4447631835938 238.1865997314453
694.4267578125 242.95083618164062
710.2108764648438 247.7461395263672
725.697021484375 252.4734344482422
741.0907592773438 257.1842346191406
756.2150268554688 261.75030517578125
771.1194458007812 266.34881591796875
785.7908935546875 270.7854919433594
624.3373413085938 239.84451293945312
640.7063598632812 244.6497039794922
657.0440673828125 249.46873474121094
673.1134033203125 254.25782775878906
688.9715576171875 258.85369873046875
704.6253051757812 263.49700927734375
720.0866088867188 268.1505432128906
735.3977661132812 272.6220703125
750.3738403320312 277.1670227050781
765.2388916015625 281.5702819824219
779.8069458007812 285.8360290527344
619.3615112304688 256.0684814453125
635.6883544921875 260.6912841796875
651.8289184570312 265.3921813964844
667.7982177734375 269.92108154296875
683.6011962890625 274.53265380859375
699.1868896484375 279.0524597167969
714.5689697265625 283.4777526855469
729.6722412109375 287.82989501953125
744.6370849609375 292.2472229003906
759.4097290039062 296.506103515625
773.95068359375 300.7217102050781
614.4999389648438 271.9929504394531
630.7244262695312 276.5437927246094
646.73388671875 281.08514404296875
662.6232299804688 285.5332946777344
678.3516845703125 289.9632568359375
693.7760009765625 294.3430480957031
709.08837890625 298.62054443359375
724.2129516601562 302.89239501953125
738.9911499023438 307.1358642578125
753.6702880859375 311.3078308105469
768.1397094726562 315.38983154296875
609.744384765625 287.6692199707031
625.813720703125 292.1343994140625
641.7767333984375 296.4967346191406
657.5570068359375 300.77911376953125
673.1888427734375 305.1263122558594
688.5072631835938 309.386474609375
703.7105712890625 313.5096130371094
718.6650390625 317.63922119140625
733.5013427734375 321.7468566894531
748.0823974609375 325.7615051269531
762.4820556640625 329.7167053222656
605.0641479492188 303.1602478027344
621.108154296875 307.4455261230469
636.8922729492188 311.6243896484375
652.583740234375 315.83441162109375
668.052978515625 320.0340270996094
683.3516235351562 324.19903564453125
698.416748046875 328.2214050292969
713.3463134765625 332.2735900878906
727.9752197265625 336.19354248046875
742.5338134765625 340.10125732421875
756.781005859375 343.86590576171875
600.5053100585938 318.3129577636719
616.393310546875 322.4847717285156
632.1708984375 326.6009521484375
647.6469116210938 330.6268310546875
663.0444946289062 334.6742858886719
678.250732421875 338.646728515625
693.2649536132812 342.60797119140625
708.0457763671875 346.49188232421875
722.6307983398438 350.3508605957031
737.0445556640625 354.1293029785156
751.31591796875 357.79547119140625
595.9652099609375 333.257568359375
611.7518920898438 337.30517578125
627.4044189453125 341.3056335449219
642.815185546875 345.2758483886719
658.1144409179688 349.150634765625
673.2568359375 352.9799499511719
688.1424560546875 356.7236328125
702.8079223632812 360.5196533203125
717.3432006835938 364.27001953125
731.6264038085938 367.86663818359375
745.7329711914062 371.4550476074219