1 720 1333
673.4808959960938 206.43209838867188
688.6211547851562 210.79739379882812
703.935302734375 215.35655212402344
719.456787109375 219.87818908691406
735.1771240234375 224.49951171875
750.9032592773438 229.1871795654297
766.9116821289062 233.85687255859375
783.0790405273438 238.66677856445312
799.3680419921875 243.54391479492188
815.7783203125 248.42454528808594
832.418212890625 253.41671752929688
669.3021240234375 222.38424682617188
684.3648681640625 226.85150146484375
699.5234375 231.42352294921875
714.852783203125 235.97552490234375
730.482177734375 240.65357971191406
746.145263671875 245.4248504638672
761.9541625976562 250.2171630859375
777.9710083007812 255.02601623535156
794.1643676757812 259.90478515625
810.4498291015625 264.8466796875
826.8881225585938 269.8656311035156
665.1487426757812 238.16943359375
680.0919799804688 242.64593505859375
695.1342163085938 247.30361938476562
710.420654296875 251.92135620117188
725.7808227539062 256.61981201171875
741.397705078125 261.43701171875
757.0973510742188 266.28314208984375
772.8963012695312 271.1947937011719
788.9053955078125 276.1518859863281
805.1521606445312 281.15087890625
821.470703125 286.18780517578125
661.072509765625 253.66563415527344
675.773681640625 258.318603515625
690.7777099609375 262.9226989746094
705.9431762695312 267.64105224609375
721.2573852539062 272.4537353515625
736.622314453125 277.2761535644531
752.2999877929688 282.23773193359375
767.9613647460938 287.14385986328125
783.832275390625 292.1301574707031
799.8529052734375 297.18560791015625
816.1199951171875 302.29425048828125
656.9600219726562 269.09576416015625
671.6724243164062 273.6952819824219
686.4979248046875 278.4217834472656
701.5186767578125 283.2245178222656
716.6657104492188 288.0162048339844
732.0390014648438 292.8763427734375
747.509765625 297.81573486328125
763.137939453125 302.8240966796875
778.8101196289062 307.8302307128906
794.7132568359375 312.9552001953125
810.73583984375 318.1172790527344
652.9713745117188 284.2994079589844
667.5343017578125 288.9623718261719
682.3357543945312 293.7067565917969
697.2140502929688 298.5331115722656
712.2734985351562 303.4471740722656
727.42578125 308.3818664550781
742.7018432617188 313.3553771972656
758.2507934570312 318.4013977050781
773.8455810546875 323.4811096191406
789.599853515625 328.579345703125
805.5337524414062 333.7336120605469
649.0231323242188 299.3100891113281
663.4951171875 304.0755920410156
678.1390991210938 308.81488037109375
692.8789672851562 313.68389892578125
707.7698974609375 318.5962219238281
722.8644409179688 323.5901794433594
738.1265869140625 328.5863952636719
753.4766235351562 333.67315673828125
768.9277954101562 338.7832336425781
784.578369140625 343.99505615234375
800.3431396484375 349.2607727050781
645.1304321289062 314.1551818847656
659.4840698242188 318.87945556640625
673.9959716796875 323.7318115234375
688.607421875 328.64910888671875
703.4566040039062 333.63800048828125
718.4304809570312 338.6200256347656
733.4981689453125 343.69476318359375
748.693359375 348.771728515625
764.1336059570312 353.9549255371094
779.5619506835938 359.2076110839844
795.2850952148438 364.4226989746094