1 720 1333
246.841796875 258.5086669921875
289.9017639160156 244.1324005126953
330.7980041503906 230.47607421875
369.68487548828125 217.6680145263672
406.6606750488281 205.58074951171875
441.7345275878906 194.27578735351562
475.1273193359375 183.4501495361328
506.7940979003906 173.27682495117188
536.9208984375 163.54530334472656
565.6135864257812 154.44447326660156
592.9185180664062 145.70925903320312
266.93463134765625 297.0180969238281
308.9203186035156 281.740234375
348.8642272949219 267.3744201660156
386.82421875 253.7021026611328
422.9054260253906 240.85797119140625
457.2019348144531 228.6533660888672
489.7025451660156 217.2025909423828
520.69287109375 206.1833953857422
550.2244262695312 195.71728515625
578.2798461914062 185.89666748046875
604.9550170898438 176.55491638183594
286.6593322753906 334.5256652832031
327.6289978027344 318.4941711425781
366.6263732910156 303.2840576171875
403.6486511230469 288.8591003417969
438.81640625 275.29541015625
472.29296875 262.34906005859375
504.1035461425781 250.07464599609375
534.3482055664062 238.4224395751953
563.241943359375 227.32521057128906
590.5682983398438 216.7647247314453
616.76904296875 206.75254821777344
306.0550231933594 371.101318359375
346.0165100097656 354.28277587890625
383.998779296875 338.3375244140625
420.1691589355469 323.21832275390625
454.46795654296875 308.83428955078125
487.0659484863281 295.2759094238281
518.1032104492188 282.3038024902344
547.6220703125 269.91619873046875
575.8508911132812 258.2305908203125
602.7070922851562 247.0863494873047
628.4182739257812 236.46144104003906
324.9573974609375 406.57391357421875
363.9539489746094 389.0733947753906
400.9948425292969 372.4175109863281
436.23663330078125 356.59771728515625
469.65606689453125 341.60601806640625
501.50445556640625 327.3765869140625
531.7442626953125 313.707763671875
560.6541137695312 300.76068115234375
588.3406372070312 288.4394226074219
614.5987548828125 276.68560791015625
639.7396240234375 265.5338439941406
343.53533935546875 441.1934814453125
381.507080078125 422.9139709472656
417.614013671875 405.61260986328125
451.97821044921875 389.252685546875
484.59698486328125 373.58404541015625
515.5947875976562 358.702880859375
545.2716674804688 344.5081481933594
573.5089111328125 330.9772033691406
600.5177612304688 318.1298522949219
626.3005981445312 305.758056640625
650.892822265625 294.10302734375
361.6137390136719 474.6827087402344
398.6365966796875 455.84722900390625
433.86688232421875 437.970703125
467.3871154785156 420.94586181640625
499.2255554199219 404.7237243652344
529.5057373046875 389.3572998046875
558.4232788085938 374.5675048828125
586.015869140625 360.53448486328125
612.478759765625 347.1273193359375
637.6658325195312 334.3031311035156
661.77197265625 322.0572204589844
379.4026794433594 507.314453125
415.4363708496094 487.86822509765625
449.7564697265625 469.4620056152344
482.4107971191406 451.82696533203125
513.504150390625 435.1647644042969
543.0890502929688 419.2180480957031
571.3369750976562 403.9074401855469
598.358154296875 389.4060363769531
624.1766967773438 375.46051025390625
648.7689819335938 362.21630859375
672.4246215820312 349.4061584472656