1 720 1333
774.7552490234375 236.6047821044922
797.0003051757812 242.54257202148438
819.1024780273438 248.49192810058594
841.0326538085938 254.40321350097656
862.798828125 260.2937927246094
884.494140625 266.0926818847656
906.06591796875 271.8653564453125
927.4984741210938 277.6208801269531
948.7495727539062 283.39251708984375
969.9133911132812 289.1201171875
990.8607788085938 294.7220764160156
769.4076538085938 259.0009460449219
791.6498413085938 264.847412109375
813.766357421875 270.74560546875
835.75244140625 276.59405517578125
857.6178588867188 282.4292907714844
879.3626708984375 288.2858581542969
900.9255981445312 293.9469299316406
922.431884765625 299.6732482910156
943.7238159179688 305.3872375488281
964.9097290039062 311.0088806152344
985.9534301757812 316.6034851074219
763.96630859375 281.4922790527344
786.3008422851562 287.3631896972656
808.4905395507812 293.1925354003906
830.5148315429688 298.9258117675781
852.464111328125 304.7120056152344
874.1979370117188 310.4427185058594
895.7683715820312 316.1715393066406
917.3596801757812 321.7489013671875
938.6543579101562 327.41259765625
959.8755493164062 332.9741516113281
980.951171875 338.56060791015625
758.5191650390625 304.1097717285156
780.916259765625 309.82305908203125
803.1683959960938 315.6354675292969
825.262451171875 321.42181396484375
847.2091064453125 327.1357727050781
868.9459228515625 332.7191162109375
890.582763671875 338.3980407714844
912.173583984375 344.01593017578125
933.5826416015625 349.5299072265625
954.7885131835938 355.1217041015625
975.941162109375 360.57366943359375
753.1013793945312 326.7226257324219
775.4630737304688 332.4981384277344
797.7174682617188 338.2154541015625
819.8912963867188 343.8467102050781
841.8455810546875 349.52984619140625
863.6697387695312 355.1719055175781
885.4271850585938 360.6920471191406
907.0035400390625 366.28375244140625
928.4717407226562 371.7179260253906
949.6910400390625 377.2466735839844
970.85546875 382.6304626464844
747.5369262695312 349.5291442871094
770.0562744140625 355.24920654296875
792.388916015625 360.8201599121094
814.5321044921875 366.5028076171875
836.5496826171875 372.07672119140625
858.3964233398438 377.5760192871094
880.1802368164062 383.1453857421875
901.746826171875 388.5605773925781
923.3084106445312 394.03265380859375
944.5802612304688 399.4142150878906
965.7758178710938 404.7253723144531
742.017822265625 372.3848571777344
764.5453491210938 377.95635986328125
786.873779296875 383.5450134277344
809.1566772460938 389.1427307128906
831.2393188476562 394.6153869628906
853.131103515625 400.1340026855469
874.832763671875 405.5212707519531
896.5220947265625 410.9199523925781
918.0494384765625 416.32373046875
939.4254760742188 421.6333312988281
960.5900268554688 426.8740234375
736.4496459960938 395.27850341796875
759.0234375 400.7494812011719
781.4381713867188 406.3323974609375
803.667724609375 411.7361145019531
825.7529907226562 417.26751708984375
847.7078247070312 422.59686279296875
869.5484008789062 428.0105895996094
891.232666015625 433.370361328125
912.742919921875 438.61749267578125
934.164794921875 443.8617858886719
955.4182739257812 449.161865234375