1 720 1333
732.7827758789062 513.468994140625
725.8621215820312 520.6494750976562
718.6471557617188 528.1084594726562
711.2620239257812 535.7866821289062
703.480224609375 543.8073120117188
695.44482421875 552.1766357421875
687.1053466796875 560.7826538085938
678.3995361328125 569.7520141601562
669.3593139648438 579.1566772460938
659.9170532226562 588.87109375
650.1951293945312 599.1119995117188
720.3567504882812 509.309326171875
713.286376953125 516.3292236328125
705.8991088867188 523.5365600585938
698.34521484375 531.1378173828125
690.4527587890625 538.8754272460938
682.2894897460938 547.06689453125
673.7183837890625 555.4816284179688
664.9318237304688 564.2705688476562
655.6875610351562 573.351318359375
646.2418823242188 582.7931518554688
636.2926635742188 592.7236328125
708.1724243164062 505.1847839355469
700.912353515625 512.0054321289062
693.4678344726562 519.1382446289062
685.7113037109375 526.4647216796875
677.7037353515625 534.1183471679688
669.3990478515625 542.0150146484375
660.7044067382812 550.2905883789062
651.7599487304688 558.732666015625
642.4830932617188 567.620849609375
632.7704467773438 576.8804931640625
622.68994140625 586.5567626953125
696.2627563476562 501.1389465332031
688.8408813476562 507.7560119628906
681.3386840820312 514.689697265625
673.4404907226562 521.8907470703125
665.2765502929688 529.4094848632812
656.8073120117188 537.146484375
648.0563354492188 545.1868286132812
639.0239868164062 553.4694213867188
629.5487060546875 562.1029663085938
619.6776123046875 571.1723022460938
609.5880126953125 580.5026245117188
684.5322265625 497.1567687988281
677.1405639648438 503.62750244140625
669.4215087890625 510.4683837890625
661.4016723632812 517.4773559570312
653.1949462890625 524.7236328125
644.582275390625 532.3160400390625
635.7160034179688 540.1524047851562
626.5203247070312 548.2946166992188
616.962646484375 556.6316528320312
607.1341552734375 565.4866943359375
596.7232666015625 574.6134643554688
673.1583251953125 493.2186279296875
665.5531616210938 499.57794189453125
657.7451782226562 506.2716064453125
649.670654296875 513.1502685546875
641.3155517578125 520.2809448242188
632.6044921875 527.5950317382812
623.6486206054688 535.2909545898438
614.3538208007812 543.2401733398438
604.7294921875 551.3823852539062
594.6535034179688 559.95654296875
584.3317260742188 568.8341064453125
661.9869384765625 489.3454284667969
654.334228515625 495.5924072265625
646.4545288085938 502.1103820800781
638.250732421875 508.798828125
629.7177734375 515.75048828125
620.997314453125 523.0156860351562
611.8848266601562 530.4751586914062
602.5317993164062 538.2612915039062
592.7088012695312 546.293701171875
582.65625 554.599365234375
572.190185546875 563.3740844726562
651.0628051757812 485.53875732421875
643.3453369140625 491.6561279296875
635.3101196289062 498.0754699707031
627.0155639648438 504.6073303222656
618.457763671875 511.45977783203125
609.5709228515625 518.5169677734375
600.45751953125 525.797119140625
590.911865234375 533.424560546875
581.1354370117188 541.2886962890625
570.894775390625 549.4630126953125
560.385498046875 557.8884887695312