1 720 1333
806.4127807617188 233.87315368652344
826.245849609375 238.67567443847656
845.5232543945312 243.4046173095703
864.454345703125 247.9761505126953
882.8798217773438 252.47811889648438
900.9606323242188 256.8231506347656
918.587646484375 261.1669006347656
935.8558959960938 265.3757019042969
952.7715454101562 269.47576904296875
969.2982788085938 273.5054626464844
985.4000244140625 277.474365234375
800.5316772460938 256.3974304199219
820.2969970703125 260.87860107421875
839.5372314453125 265.3367919921875
858.3977661132812 269.627197265625
876.7869262695312 273.83245849609375
894.739990234375 277.97344970703125
912.4135131835938 282.05535888671875
929.5958251953125 285.97039794921875
946.5262451171875 289.81439208984375
962.9312744140625 293.6256103515625
979.0750732421875 297.3690490722656
794.7257080078125 278.53662109375
814.4744262695312 282.7824401855469
833.620849609375 286.918701171875
852.4293823242188 291.050048828125
870.70947265625 294.9647216796875
888.7024536132812 298.8336486816406
906.2755126953125 302.64453125
923.4749145507812 306.375732421875
940.277099609375 310.03485107421875
956.6581420898438 313.510498046875
972.70361328125 316.9844665527344
789.1250610351562 300.52667236328125
808.6309814453125 304.46527099609375
827.7781982421875 308.3647766113281
846.4899291992188 312.14434814453125
864.8121948242188 315.8623046875
882.6295166015625 319.4705810546875
900.2411499023438 323.0525817871094
917.3208618164062 326.50592041015625
934.1777954101562 329.8885498046875
950.4435424804688 333.274658203125
966.5016479492188 336.4437561035156
783.4478149414062 322.17364501953125
802.9784545898438 325.8255310058594
822.063232421875 329.461669921875
840.6856689453125 332.987060546875
858.8975830078125 336.4476318359375
876.7062377929688 339.80157470703125
894.185791015625 343.1706237792969
911.3309936523438 346.373291015625
927.9901733398438 349.5577087402344
944.3672485351562 352.5982360839844
960.3253173828125 355.65997314453125
777.891845703125 343.52520751953125
797.3574829101562 346.92266845703125
816.3684692382812 350.35595703125
834.8762817382812 353.5655822753906
853.165283203125 356.7803649902344
870.790283203125 359.9036865234375
888.3063354492188 362.9947509765625
905.3035278320312 366.0142822265625
921.9517211914062 368.8922424316406
938.2435302734375 371.7999572753906
954.2677612304688 374.5523681640625
772.4021606445312 364.57843017578125
791.7763671875 367.70648193359375
810.6949462890625 370.7994079589844
829.2670288085938 373.889404296875
847.3414306640625 376.8118896484375
865.037841796875 379.7210998535156
882.358642578125 382.5810546875
899.35009765625 385.3632507324219
915.8995361328125 388.1122131347656
932.2320556640625 390.67987060546875
948.1344604492188 393.3787841796875
766.9481201171875 385.35498046875
786.3237915039062 388.3269958496094
805.1510620117188 391.1439514160156
823.6216430664062 393.8626708984375
841.5917358398438 396.64349365234375
859.2891235351562 399.328857421875
876.520263671875 401.85986328125
893.4379272460938 404.4434509277344
909.9672241210938 406.850830078125
926.1740112304688 409.380615234375
942.0570068359375 411.67254638671875