1 720 1333
344.1376953125 179.7593536376953
371.34674072265625 195.21351623535156
397.40924072265625 209.86886596679688
422.2966003417969 223.94827270507812
446.07574462890625 237.42068481445312
468.7255859375 250.27464294433594
490.5155029296875 262.5365295410156
511.35955810546875 274.34576416015625
531.3114624023438 285.56634521484375
550.4019775390625 296.40118408203125
568.6849365234375 306.7194519042969
330.5441589355469 204.35818481445312
358.3107604980469 219.28173828125
384.75665283203125 233.47312927246094
410.12738037109375 247.11293029785156
434.3531799316406 260.154296875
457.4367370605469 272.52044677734375
479.5648498535156 284.393798828125
500.7471618652344 295.6937561035156
521.0850830078125 306.6127014160156
540.4588623046875 317.069580078125
559.09814453125 327.130126953125
316.8488464355469 229.26954650878906
345.14617919921875 243.638427734375
372.11212158203125 257.4042663574219
397.8658142089844 270.49639892578125
422.5082092285156 283.0524597167969
446.0387878417969 295.0704650878906
468.5503845214844 306.4534606933594
490.1314392089844 317.446533203125
510.7087707519531 327.8500671386719
530.465087890625 337.94805908203125
549.41162109375 347.5696105957031
303.1676330566406 254.53182983398438
331.7999572753906 268.3809509277344
359.298583984375 281.56964111328125
385.50506591796875 294.248779296875
410.5726623535156 306.3393249511719
434.540771484375 317.74517822265625
457.4711608886719 328.7927551269531
479.3382568359375 339.36627197265625
500.3434753417969 349.4568176269531
520.3854370117188 359.0758056640625
539.5977783203125 368.36370849609375
289.2883605957031 280.12603759765625
318.46417236328125 293.4195556640625
346.3808288574219 306.12884521484375
373.06414794921875 318.278076171875
398.577392578125 329.7418518066406
422.910888671875 340.806884765625
446.2523193359375 351.3982849121094
468.4988098144531 361.49884033203125
489.8108825683594 371.15679931640625
510.2516174316406 380.4218444824219
529.7150268554688 389.2568359375
275.32269287109375 305.9713134765625
305.0281066894531 318.69598388671875
333.38079833984375 330.86871337890625
360.4988098144531 342.5135498046875
386.45733642578125 353.57489013671875
411.2262878417969 364.1672668457031
434.8610534667969 374.2591857910156
457.5795593261719 383.79248046875
479.2729187011719 393.1346130371094
499.96282958984375 401.8580322265625
519.8176879882812 410.3763427734375
261.2578430175781 332.2032470703125
291.40338134765625 344.3902893066406
320.2957763671875 355.9744567871094
347.8043518066406 367.0647277832031
374.253173828125 377.57733154296875
399.4247741699219 387.66357421875
423.49505615234375 397.2823791503906
446.5278625488281 406.4498291015625
468.5547790527344 415.2356262207031
489.61212158203125 423.5968017578125
509.8168029785156 431.61224365234375
247.11180114746094 358.6592102050781
277.7274169921875 370.3144836425781
307.09710693359375 381.383544921875
335.1453552246094 391.8347473144531
361.8841247558594 401.91644287109375
387.4787292480469 411.4369812011719
411.9896240234375 420.55047607421875
435.3993835449219 429.2628173828125
457.7648620605469 437.5331726074219
479.2406311035156 445.4759826660156
499.6680908203125 453.09173583984375