1 720 1333
214.5987091064453 66.84748840332031
237.46359252929688 71.79740142822266
260.3425598144531 76.72403717041016
282.9609069824219 81.62643432617188
305.62091064453125 86.58404541015625
328.296875 91.49166870117188
350.718017578125 96.40254974365234
373.3056945800781 101.36085510253906
395.6256408691406 106.25486755371094
418.0026550292969 111.22145080566406
440.305419921875 116.16494750976562
215.42359924316406 90.57181549072266
237.99301147460938 95.43440246582031
260.4704284667969 100.2742691040039
282.80767822265625 105.03814697265625
305.3173828125 109.83712005615234
327.5321350097656 114.62079620361328
349.8016357421875 119.46255493164062
372.0279541015625 124.29627990722656
394.1874084472656 129.15234375
416.31036376953125 133.92393493652344
438.2992858886719 138.7547149658203
216.24649047851562 113.67930603027344
238.4163055419922 118.44153594970703
260.61602783203125 123.13957977294922
282.7134704589844 127.82176971435547
304.8214111328125 132.56594848632812
326.8330078125 137.29940795898438
348.84759521484375 141.9806671142578
370.77178955078125 146.69200134277344
392.6486511230469 151.43865966796875
414.5137023925781 156.19601440429688
436.35614013671875 160.86778259277344
216.98171997070312 136.33224487304688
238.92654418945312 140.9067840576172
260.7676086425781 145.55015563964844
282.6387939453125 150.19586181640625
304.5741882324219 154.76019287109375
326.33209228515625 159.40011596679688
348.0036926269531 164.0255889892578
369.69525146484375 168.6287078857422
391.3622741699219 173.3140411376953
412.90301513671875 177.85340881347656
434.4468688964844 182.5225830078125
217.74368286132812 158.4019317626953
239.4593048095703 162.88279724121094
261.1676940917969 167.44842529296875
282.6441650390625 171.96653747558594
304.27679443359375 176.4832000732422
325.6981506347656 181.0305938720703
347.27996826171875 185.54644775390625
368.6185607910156 190.079833984375
390.05523681640625 194.60679626464844
411.4143981933594 199.14456176757812
432.59783935546875 203.6193084716797
218.5653839111328 179.92794799804688
239.99180603027344 184.38819885253906
261.41473388671875 188.8201904296875
282.6142272949219 193.261962890625
303.9688720703125 197.67239379882812
325.3157958984375 202.1306915283203
346.4898681640625 206.57008361816406
367.6417541503906 210.970458984375
388.727783203125 215.47232055664062
409.8236083984375 219.87916564941406
430.81243896484375 224.3306427001953
219.4169921875 200.93572998046875
240.53952026367188 205.3606414794922
261.5794372558594 209.6495819091797
282.65380859375 214.0566864013672
303.70965576171875 218.42025756835938
324.725830078125 222.72132873535156
345.7418518066406 227.11448669433594
366.6661682128906 231.4536895751953
387.5888366699219 235.78811645507812
408.48394775390625 240.14990234375
429.2272033691406 244.4544219970703
220.225830078125 221.53651428222656
241.1680450439453 225.8006591796875
261.9053649902344 230.13644409179688
282.69488525390625 234.36485290527344
303.56842041015625 238.64443969726562
324.3935546875 242.8490753173828
345.2147521972656 247.19798278808594
365.76458740234375 251.42257690429688
386.5393371582031 255.6746826171875
407.1331481933594 259.85296630859375
427.6134948730469 264.1223449707031