1 720 1333
727.0684204101562 463.4310302734375
742.8602905273438 462.30279541015625
758.2511596679688 460.96209716796875
773.328369140625 459.7579345703125
787.9847412109375 458.6202392578125
802.3552856445312 457.5021057128906
816.4085693359375 456.4072570800781
830.152587890625 455.29705810546875
843.6046752929688 454.2216491699219
856.7164916992188 453.12109375
869.6083984375 452.0885925292969
732.4412841796875 479.5655212402344
748.3694458007812 478.117431640625
763.9174194335938 476.7053527832031
779.1276245117188 475.3773193359375
793.99658203125 474.02471923828125
808.4655151367188 472.65185546875
822.6546020507812 471.3912353515625
836.5404052734375 470.09222412109375
850.1544189453125 468.68878173828125
863.3922119140625 467.5256652832031
876.4002075195312 466.373046875
737.8505249023438 496.23052978515625
754.0858764648438 494.55914306640625
769.701904296875 492.9162902832031
785.171875 491.37249755859375
800.1602783203125 489.77886962890625
814.7852783203125 488.3118591308594
829.12353515625 486.7099914550781
843.150634765625 485.2946472167969
856.78955078125 483.78839111328125
870.2322387695312 482.4013366699219
883.3121948242188 480.9602355957031
743.5933227539062 513.4295043945312
759.8497314453125 511.4771423339844
775.7734375 509.61358642578125
791.363037109375 507.81524658203125
806.5082397460938 506.0833740234375
821.366455078125 504.35552978515625
835.7426147460938 502.5999450683594
849.9122314453125 500.935302734375
863.7462768554688 499.3326110839844
877.2835693359375 497.6440124511719
890.46630859375 496.1360778808594
749.480224609375 531.1385498046875
765.9645385742188 528.9366455078125
782.0850219726562 526.8558959960938
797.7233276367188 524.8063354492188
813.10693359375 522.7860717773438
828.0344848632812 520.8289794921875
842.6358032226562 518.9613647460938
856.93310546875 517.10888671875
870.8761596679688 515.26611328125
884.5023193359375 513.4418334960938
897.7498779296875 511.6570739746094
755.5247192382812 549.4378662109375
772.2843017578125 547.0589599609375
788.5093383789062 544.675048828125
804.4080810546875 542.4212646484375
819.857421875 540.2086181640625
834.9668579101562 537.9766845703125
849.7023315429688 535.8070678710938
864.1783447265625 533.7066040039062
878.2728271484375 531.6165771484375
891.9283447265625 529.621826171875
905.3795166015625 527.6380004882812
761.830078125 568.3780517578125
778.6974487304688 565.6790161132812
795.2276611328125 563.1090698242188
811.2511596679688 560.5169677734375
826.8804321289062 558.1153564453125
842.163818359375 555.6029052734375
857.0360717773438 553.2617797851562
871.5653076171875 550.8533935546875
885.7385864257812 548.5868530273438
899.608642578125 546.3880004882812
913.1625366210938 544.164306640625
768.3726196289062 587.9113159179688
785.4584350585938 584.947998046875
802.1217041015625 582.115234375
818.3591918945312 579.2915649414062
834.158935546875 576.5254516601562
849.5245971679688 573.8225708007812
864.5573120117188 571.2238159179688
879.2286376953125 568.5870971679688
893.5394287109375 566.0923461914062
907.43701171875 563.6121826171875
921.0982666015625 561.2078857421875