1 720 1333
608.597900390625 229.5696258544922
626.2348022460938 228.52529907226562
643.9221801757812 227.51931762695312
661.9072875976562 226.5113983154297
680.2448120117188 225.471435546875
698.541015625 224.47280883789062
717.2677612304688 223.4600372314453
736.0130615234375 222.4643096923828
755.0773315429688 221.4615936279297
774.3211059570312 220.45681762695312
793.613037109375 219.4427947998047
609.4302978515625 247.85707092285156
626.8851318359375 246.9698486328125
644.6524658203125 246.12637329101562
662.6117553710938 245.17495727539062
680.7604370117188 244.30882263183594
699.26904296875 243.3922576904297
717.7078247070312 242.44888305664062
736.5318603515625 241.510498046875
755.5040893554688 240.58790588378906
774.6290893554688 239.66986083984375
794.066162109375 238.7769012451172
610.275634765625 266.2431640625
627.6276245117188 265.4068603515625
645.4309692382812 264.5391845703125
663.38134765625 263.6849670410156
681.4845581054688 262.8732604980469
699.7461547851562 262.1736145019531
718.396240234375 261.3674621582031
737.1134643554688 260.5205383300781
755.9793090820312 259.68243408203125
775.1699829101562 258.941650390625
794.4384765625 258.2138671875
611.0078735351562 284.3905334472656
628.4699096679688 283.61236572265625
646.181396484375 282.9218444824219
664.0516357421875 282.310302734375
682.1874389648438 281.56597900390625
700.44482421875 280.82342529296875
718.8395385742188 280.21820068359375
737.5626220703125 279.4825439453125
756.4822387695312 278.70654296875
775.5277099609375 278.1336669921875
794.720703125 277.4387512207031
611.7733154296875 302.4682312011719
629.2820434570312 301.7972717285156
646.7928466796875 301.3163757324219
664.6463012695312 300.6144714355469
682.7133178710938 300.11126708984375
700.9866943359375 299.4965515136719
719.4640502929688 298.86822509765625
738.154541015625 298.3727722167969
756.9050903320312 297.66998291015625
775.9026489257812 297.17071533203125
795.2117309570312 296.53411865234375
612.5997924804688 320.4795227050781
629.98681640625 319.9839782714844
647.5358276367188 319.4994812011719
665.3922119140625 319.0377197265625
683.4319458007812 318.5198059082031
701.5694580078125 318.0682067871094
720.0060424804688 317.5580139160156
738.5505981445312 317.0982360839844
757.4061889648438 316.5617370605469
776.3861694335938 316.16802978515625
795.477783203125 315.5722961425781
613.4530639648438 338.4294738769531
630.6914672851562 338.0620422363281
648.326904296875 337.6229553222656
666.079833984375 337.3216247558594
684.0242309570312 336.856689453125
702.238525390625 336.5072326660156
720.5233154296875 336.183349609375
739.1646728515625 335.6644287109375
757.7474975585938 335.3893127441406
776.6651000976562 334.9354248046875
795.7174682617188 334.51776123046875
614.2970581054688 356.32794189453125
631.5009155273438 355.94842529296875
648.9710083007812 355.65618896484375
666.6491088867188 355.4527587890625
684.5889282226562 355.2051086425781
702.7113037109375 354.8197021484375
721.1261596679688 354.5463562011719
739.5570678710938 354.3575439453125
758.30126953125 353.9535827636719
777.1290283203125 353.6146240234375
796.1489868164062 353.4089050292969