1 720 1333
214.13873291015625 269.59759521484375
232.51153564453125 265.2373962402344
250.87457275390625 260.65679931640625
269.7369384765625 256.1928405761719
288.6265563964844 251.5643768310547
307.7796630859375 246.91114807128906
327.2512512207031 242.27999877929688
346.8312683105469 237.56460571289062
366.6366882324219 232.8426055908203
386.747802734375 228.1114959716797
406.95050048828125 223.3182830810547
225.9217529296875 288.20001220703125
243.8446807861328 283.8365478515625
262.2980041503906 279.5318908691406
280.63555908203125 275.25091552734375
299.3856506347656 270.7154846191406
318.3148498535156 266.34381103515625
337.4787902832031 261.8189697265625
356.7665710449219 257.3341979980469
376.3728332519531 252.7643585205078
396.1617431640625 248.20663452148438
416.114990234375 243.55581665039062
237.23175048828125 306.1468505859375
255.1932830810547 302.02252197265625
273.1235656738281 297.84490966796875
291.34478759765625 293.58465576171875
309.8020935058594 289.4476318359375
328.4753112792969 285.1460876464844
347.3982849121094 280.7960510253906
366.4876403808594 276.49151611328125
385.721435546875 272.11944580078125
405.2561950683594 267.6512451171875
424.861083984375 263.2311706542969
248.3611297607422 323.5247497558594
265.8729553222656 319.6024169921875
283.639892578125 315.54449462890625
301.72442626953125 311.54888916015625
319.9361877441406 307.45599365234375
338.41253662109375 303.3731994628906
357.04473876953125 299.28375244140625
375.7857971191406 295.0234680175781
394.80474853515625 290.7957763671875
414.1065368652344 286.5002136230469
433.4142150878906 282.23748779296875
259.09368896484375 340.440673828125
276.4012451171875 336.59783935546875
294.05487060546875 332.77276611328125
311.7630615234375 328.8277893066406
329.79608154296875 324.950927734375
347.9975280761719 321.035888671875
366.3984680175781 316.9725646972656
384.9462585449219 313.00433349609375
403.65606689453125 308.88446044921875
422.5812072753906 304.7357177734375
441.65997314453125 300.5931396484375
269.4148254394531 356.766845703125
286.7292785644531 353.2469177246094
304.0110168457031 349.4482116699219
321.6076354980469 345.7209167480469
339.4143981933594 341.9092102050781
357.3770446777344 338.1466369628906
375.4853210449219 334.29583740234375
393.7724304199219 330.3780517578125
412.2901916503906 326.4613037109375
430.9043273925781 322.4671630859375
449.67523193359375 318.4573669433594
279.6827087402344 372.7381591796875
296.5845031738281 369.22821044921875
313.7803649902344 365.62261962890625
331.16619873046875 362.04461669921875
348.6929626464844 358.4259033203125
366.43243408203125 354.67626953125
384.35595703125 350.95355224609375
402.4114685058594 347.24249267578125
420.61346435546875 343.43505859375
438.95428466796875 339.5478515625
457.54254150390625 335.6634216308594
289.5269775390625 388.2055358886719
306.3555603027344 384.7685546875
323.270751953125 381.3499755859375
340.4344787597656 377.8668212890625
357.72515869140625 374.37689208984375
375.2721252441406 370.7348937988281
392.899169921875 367.19775390625
410.7143859863281 363.4997863769531
428.6880187988281 359.8402099609375
446.8470458984375 356.1617431640625
465.1451416015625 352.3550109863281