1 720 1333
691.607666015625 209.96218872070312
706.688720703125 217.97906494140625
721.9293823242188 226.1395721435547
737.3233032226562 234.3579864501953
752.7230224609375 242.55987548828125
768.3770141601562 250.94216918945312
784.059814453125 259.3490905761719
799.8482055664062 267.804931640625
815.6923828125 276.40142822265625
831.7254028320312 285.002685546875
847.8221435546875 293.6531677246094
684.513916015625 225.61740112304688
699.4300537109375 233.62315368652344
714.49609375 241.70907592773438
729.5958862304688 249.86715698242188
744.8780517578125 258.1760559082031
760.3121948242188 266.44976806640625
775.7618408203125 274.8255615234375
791.354736328125 283.3189697265625
807.099853515625 291.82135009765625
822.7747802734375 300.42108154296875
838.7190551757812 309.0337829589844
677.5269165039062 240.91885375976562
692.296630859375 248.98974609375
707.1312255859375 257.0484619140625
722.1282958984375 265.1976623535156
737.169189453125 273.4120788574219
752.408203125 281.6685791015625
767.6368408203125 290.0007629394531
783.0680541992188 298.468505859375
798.5185546875 306.9254455566406
814.1620483398438 315.47607421875
829.7605590820312 324.0923767089844
670.6762084960938 256.0478515625
685.2642211914062 263.97216796875
699.8847045898438 272.0266418457031
714.638916015625 280.1537170410156
729.5896606445312 288.3778076171875
744.59814453125 296.5623474121094
759.66748046875 304.8822326660156
774.8524780273438 313.3271789550781
790.2285766601562 321.7326965332031
805.5614624023438 330.2770080566406
821.0647583007812 338.7409973144531
664.022216796875 270.7094421386719
678.381591796875 278.69830322265625
692.7996826171875 286.6795349121094
707.4832763671875 294.7778015136719
722.2149047851562 302.9834899902344
736.9524536132812 311.2452697753906
751.901123046875 319.47833251953125
766.889404296875 327.79302978515625
782.0191040039062 336.2809143066406
797.2306518554688 344.64898681640625
812.4880981445312 353.24554443359375
657.4351196289062 285.2691650390625
671.585693359375 293.1662902832031
685.8822021484375 301.1407775878906
700.3522338867188 309.2508544921875
714.8606567382812 317.32440185546875
729.5331420898438 325.49420166015625
744.2938842773438 333.72076416015625
759.12890625 342.0975036621094
773.9494018554688 350.4216613769531
789.000244140625 358.80670166015625
804.0886840820312 367.3106994628906
650.9581909179688 299.39459228515625
664.9716796875 307.2984924316406
679.168701171875 315.2713317871094
693.41015625 323.278076171875
707.7227172851562 331.3914794921875
722.249267578125 339.4931945800781
736.77587890625 347.6757507324219
751.4207153320312 355.95928955078125
766.1802368164062 364.36236572265625
780.9398803710938 372.6253967285156
795.84326171875 381.0908508300781
644.5952758789062 313.282958984375
658.5315551757812 321.16656494140625
672.4736328125 329.068359375
686.5819091796875 337.1301574707031
700.731689453125 345.1314392089844
715.0903930664062 353.2677917480469
729.4472045898438 361.4096984863281
743.9072875976562 369.5797119140625
758.4705810546875 377.84674072265625
773.1507568359375 386.2045593261719
787.7882690429688 394.51812744140625