1 720 1333
384.17266845703125 125.60369110107422
400.9040222167969 121.72679901123047
417.951171875 117.98629760742188
435.4146728515625 114.05216979980469
453.0716857910156 110.16950988769531
471.0673522949219 106.17448425292969
489.3382263183594 102.162353515625
507.8531494140625 98.09309387207031
526.69287109375 93.91781616210938
545.9920043945312 89.75592803955078
565.5208129882812 85.57144165039062
385.5831604003906 144.74880981445312
402.41595458984375 141.13893127441406
419.5433044433594 137.42965698242188
436.86688232421875 133.71902465820312
454.63287353515625 129.9188232421875
472.5989685058594 126.15007019042969
490.9780578613281 122.26222229003906
509.5662841796875 118.32402038574219
528.5244750976562 114.34774017333984
547.722900390625 110.35169982910156
567.401123046875 106.29991912841797
387.0871276855469 164.00613403320312
403.8609924316406 160.52374267578125
421.09844970703125 157.00315856933594
438.5080261230469 153.40887451171875
456.2885437011719 149.7811737060547
474.3382263183594 146.13461303710938
492.6062927246094 142.42898559570312
511.3464050292969 138.58934020996094
530.2683715820312 134.7796630859375
549.5438232421875 130.9538116455078
569.2393798828125 127.10405731201172
388.5290222167969 183.37588500976562
405.4222717285156 179.97259521484375
422.5858459472656 176.62403869628906
440.11773681640625 173.2559051513672
457.8345642089844 169.6837921142578
475.8655090332031 166.2630157470703
494.3517150878906 162.60577392578125
513.01708984375 159.030517578125
532.0308227539062 155.35012817382812
551.3646240234375 151.66354370117188
571.0889282226562 147.9063720703125
390.0634765625 202.7016143798828
406.9269104003906 199.5502166748047
424.230712890625 196.34329223632812
441.6516418457031 193.0565185546875
459.49420166015625 189.7042236328125
477.5789794921875 186.37857055664062
496.01666259765625 182.92701721191406
514.7077026367188 179.4736785888672
533.7076416015625 175.94187927246094
553.2573852539062 172.43263244628906
572.8272094726562 168.8355255126953
391.5419006347656 222.2615203857422
408.52288818359375 219.15737915039062
425.6864013671875 216.13612365722656
443.3593444824219 212.95989990234375
461.1559143066406 209.7471466064453
479.3168029785156 206.58062744140625
497.689208984375 203.34262084960938
516.4884643554688 200.020263671875
535.549072265625 196.6503143310547
554.9590454101562 193.30029296875
574.7145385742188 189.79843139648438
393.1813659667969 241.6357879638672
410.10382080078125 238.767333984375
427.4248352050781 235.87380981445312
444.841552734375 232.9209747314453
462.78704833984375 229.9022216796875
480.9500732421875 226.82760620117188
499.4802551269531 223.75204467773438
518.2984008789062 220.61080932617188
537.3856201171875 217.41737365722656
556.795166015625 214.2135772705078
576.573486328125 210.87232971191406
394.6310119628906 261.28582763671875
411.6563720703125 258.501953125
428.96337890625 255.7288360595703
446.5708312988281 252.94398498535156
464.47564697265625 250.152099609375
482.6590576171875 247.22254943847656
501.2441711425781 244.31558227539062
520.1044921875 241.29930114746094
539.2604370117188 238.2895050048828
558.6397705078125 235.17849731445312
578.5357055664062 232.07809448242188