1 720 1333
409.64202880859375 45.387752532958984
440.6370544433594 55.1247444152832
469.2317199707031 64.19161987304688
495.65020751953125 72.63469696044922
520.1517944335938 80.47731018066406
542.7962646484375 87.79564666748047
563.9512939453125 94.6272964477539
583.6951293945312 101.06331634521484
602.2426147460938 106.9388198852539
619.4680786132812 112.63468933105469
635.6075439453125 117.88911437988281
417.78057861328125 76.62615966796875
448.67596435546875 85.26671600341797
477.2481384277344 93.21265411376953
503.5254211425781 100.56104278564453
527.856689453125 107.48152923583984
550.4813842773438 113.82952117919922
571.4730834960938 119.77582550048828
591.1356201171875 125.39924621582031
609.456298828125 130.5675048828125
626.518798828125 135.47572326660156
642.5869140625 140.1200408935547
426.1784362792969 108.49723815917969
457.05419921875 115.81331634521484
485.39764404296875 122.62417602539062
511.5836181640625 128.94126892089844
535.7836303710938 134.79733276367188
558.2449951171875 140.2954864501953
579.1202392578125 145.32701110839844
598.588623046875 150.05690002441406
616.7228393554688 154.39923095703125
633.7691040039062 158.6138458251953
649.6328735351562 162.48048400878906
434.73760986328125 140.9525146484375
465.50384521484375 146.98043823242188
493.7278747558594 152.6042022705078
519.745361328125 157.73184204101562
543.8450317382812 162.53204345703125
566.1661987304688 166.9393768310547
586.8388671875 171.16482543945312
606.203125 174.8714599609375
624.314453125 178.5513153076172
641.020751953125 181.8495635986328
656.8131103515625 185.22308349609375
443.5220642089844 173.8854522705078
474.211669921875 178.60403442382812
502.2680358886719 182.88739013671875
528.1586303710938 186.8829345703125
552.0134887695312 190.59588623046875
574.2071533203125 194.03524780273438
594.6637573242188 197.21298217773438
613.8887329101562 200.21884155273438
631.6892700195312 202.85580444335938
648.4712524414062 205.57000732421875
663.9724731445312 207.96942138671875
452.5102233886719 207.46656799316406
482.9969787597656 210.66929626464844
510.9195251464844 213.71229553222656
536.5686645507812 216.47825622558594
560.3438720703125 219.05197143554688
582.2457885742188 221.39834594726562
602.62451171875 223.62283325195312
621.6032104492188 225.59657287597656
639.4094848632812 227.5958251953125
655.822021484375 229.40921020507812
671.3252563476562 231.194580078125
461.66558837890625 241.5089569091797
491.9900817871094 243.3263397216797
519.6224975585938 244.88523864746094
545.2153930664062 246.4663848876953
568.5886840820312 247.78233337402344
590.4403076171875 249.2222900390625
610.5977783203125 250.4107666015625
629.462646484375 251.49685668945312
646.9912719726562 252.5202178955078
663.334228515625 253.554443359375
678.6630249023438 254.54981994628906
471.06884765625 276.0863342285156
501.1691589355469 276.3463439941406
528.5903930664062 276.5577697753906
553.799560546875 276.7179870605469
577.2346801757812 277.0684509277344
598.6923217773438 277.33349609375
618.7020874023438 277.4565124511719
637.3570556640625 277.5758361816406
654.6351928710938 277.7881164550781
670.8416137695312 278.09503173828125
685.9476928710938 278.34735107421875