1 720 1333
469.73101806640625 235.7827606201172
489.92913818359375 231.4012451171875
509.96795654296875 226.9033966064453
529.8699340820312 222.56251525878906
549.6759033203125 218.2226104736328
569.2799072265625 213.88645935058594
588.717529296875 209.60716247558594
608.1026000976562 205.42005920410156
627.274658203125 201.2483367919922
646.2600708007812 197.11444091796875
665.0804443359375 192.99612426757812
475.7784423828125 254.45587158203125
495.61358642578125 250.00555419921875
515.3602294921875 245.5696258544922
534.8699340820312 241.22352600097656
554.3253784179688 236.8224639892578
573.5623779296875 232.52601623535156
592.6892700195312 228.28941345214844
611.7141723632812 224.0400390625
630.5927734375 219.83840942382812
649.3349609375 215.6605224609375
667.8152465820312 211.59181213378906
481.6562194824219 272.47528076171875
501.1943359375 268.05224609375
520.4874267578125 263.63946533203125
539.6780395507812 259.3238525390625
558.7845458984375 254.90887451171875
577.7073364257812 250.6287384033203
596.5853271484375 246.36280822753906
615.322998046875 242.14688110351562
633.8516235351562 237.90798950195312
652.3150634765625 233.75634765625
670.55419921875 229.63140869140625
487.37188720703125 289.9319152832031
506.49676513671875 285.5297546386719
525.4853515625 281.206787109375
544.4034423828125 276.72357177734375
563.1875 272.45599365234375
581.8164672851562 268.1847839355469
600.3750610351562 263.8902587890625
618.7510986328125 259.63385009765625
637.0596313476562 255.4933319091797
655.26611328125 251.3238983154297
673.2146606445312 247.23756408691406
492.8021240234375 306.8453369140625
511.6331787109375 302.5000305175781
530.3748779296875 298.124755859375
548.8958129882812 293.73016357421875
567.4309692382812 289.4638366699219
585.74853515625 285.23394775390625
604.0130004882812 280.8791198730469
622.1473999023438 276.6706237792969
640.1781005859375 272.51263427734375
658.0204467773438 268.3846740722656
675.7163696289062 264.2568054199219
498.2381286621094 323.3324279785156
516.6489868164062 318.90814208984375
535.08056640625 314.5746765136719
553.379150390625 310.2830810546875
571.5191040039062 305.9147033691406
589.5680541992188 301.6649475097656
607.5645141601562 297.4634704589844
625.4459228515625 293.2829284667969
643.1768188476562 289.1005859375
660.7285766601562 284.8859558105469
678.2276611328125 280.7593078613281
503.3863525390625 339.2529296875
521.54052734375 334.8519287109375
539.6262817382812 330.53228759765625
557.6329345703125 326.2941589355469
575.5357055664062 321.9685363769531
593.3569946289062 317.6972351074219
611.0363159179688 313.4930725097656
628.5671997070312 309.3283386230469
646.07958984375 305.1607360839844
663.3728637695312 300.9416809082031
680.5460205078125 296.8232116699219
508.4122314453125 354.6268615722656
526.3571166992188 350.3636169433594
544.1401977539062 346.0569152832031
561.7811889648438 341.7718200683594
579.46533203125 337.51678466796875
596.966064453125 333.31719970703125
614.394775390625 329.07086181640625
631.6520385742188 324.81951904296875
648.8341674804688 320.6692810058594
665.95263671875 316.52978515625
682.8466796875 312.4317932128906