1 720 1333
744.2904663085938 215.61294555664062
759.8453369140625 225.25619506835938
775.5551147460938 234.8953399658203
791.3056030273438 244.6009063720703
806.929443359375 254.402587890625
822.6380615234375 264.1234130859375
838.40185546875 273.83563232421875
854.1805419921875 283.6361999511719
869.8637084960938 293.4605712890625
885.5889282226562 303.29345703125
901.3677978515625 313.0773010253906
734.521240234375 231.56883239746094
750.0817260742188 241.2039794921875
765.626220703125 250.77597045898438
781.251708984375 260.4941101074219
796.7940673828125 270.16339111328125
812.4588623046875 279.82598876953125
828.0906372070312 289.5755310058594
843.6705322265625 299.33648681640625
859.3731079101562 309.10565185546875
874.962890625 318.77716064453125
890.592529296875 328.5862731933594
724.8649291992188 247.3759765625
740.3855590820312 256.90264892578125
755.7786865234375 266.4781799316406
771.3344116210938 276.15509033203125
786.78564453125 285.7214050292969
802.3275146484375 295.4605712890625
817.8134765625 305.1361389160156
833.4030151367188 314.7716979980469
848.8722534179688 324.4967956542969
864.43212890625 334.27191162109375
879.9631958007812 343.9051208496094
715.3983154296875 262.97357177734375
730.6969604492188 272.4897766113281
746.141357421875 282.063720703125
761.4899291992188 291.59844970703125
776.8465576171875 301.2580871582031
792.3385620117188 310.8075866699219
807.705322265625 320.48980712890625
823.1743774414062 330.1468505859375
838.5918579101562 339.7541809082031
854.0209350585938 349.43328857421875
869.443115234375 359.1365966796875
705.9401245117188 278.3941955566406
721.263916015625 287.8691711425781
736.4620971679688 297.40484619140625
751.7545776367188 306.9388427734375
767.11083984375 316.5258483886719
782.3950805664062 326.124755859375
797.6912841796875 335.615966796875
813.0922241210938 345.329833984375
828.3989868164062 354.8350830078125
843.7086181640625 364.50665283203125
859.0333251953125 374.1049499511719
696.6150512695312 293.646728515625
711.7578125 303.1385192871094
726.96728515625 312.5824890136719
742.1783447265625 322.1512145996094
757.4171752929688 331.65234375
772.5848999023438 341.17547607421875
787.8135986328125 350.6828308105469
803.0570678710938 360.2816162109375
818.3208618164062 369.79400634765625
833.4959716796875 379.3684997558594
848.7290649414062 388.8707275390625
687.458984375 308.76171875
702.478759765625 318.23980712890625
717.5507202148438 327.6091003417969
732.65478515625 337.1386413574219
747.7432861328125 346.55291748046875
762.8839111328125 356.0815124511719
778.0614013671875 365.5212707519531
793.2100830078125 375.0625
808.307373046875 384.5313415527344
823.4431762695312 394.0459289550781
838.5343017578125 403.51092529296875
678.3456420898438 323.7057800292969
693.2943115234375 333.1427307128906
708.3136596679688 342.518798828125
723.3145141601562 351.91766357421875
738.3028564453125 361.3897399902344
753.31982421875 370.7569885253906
768.3506469726562 380.254150390625
783.419921875 389.607666015625
798.418701171875 399.1181945800781
813.4449462890625 408.5027160644531
828.4866943359375 417.9149475097656