1 720 1333
606.3485717773438 206.8289031982422
628.029541015625 203.0670623779297
649.6530151367188 199.29718017578125
671.3505859375 195.5325469970703
692.9158935546875 191.82180786132812
714.5098876953125 188.22012329101562
736.0385131835938 184.52001953125
757.5054321289062 180.86886596679688
778.8833618164062 177.32015991210938
800.328369140625 173.69635009765625
821.5533447265625 170.17977905273438
610.1134033203125 228.31402587890625
631.7318115234375 224.5067138671875
653.48291015625 220.65350341796875
675.16552734375 216.90823364257812
696.813720703125 213.23475646972656
718.4005126953125 209.4946746826172
739.9662475585938 205.7822723388672
761.4762573242188 202.2024688720703
782.9508666992188 198.53128051757812
804.2870483398438 194.9192352294922
825.582763671875 191.38604736328125
613.7804565429688 249.78250122070312
635.5817260742188 245.93699645996094
657.336669921875 242.1559600830078
679.0237426757812 238.40655517578125
700.655029296875 234.62550354003906
722.3804321289062 230.891357421875
743.8692626953125 227.27276611328125
765.4719848632812 223.52984619140625
786.8805541992188 219.844970703125
808.3484497070312 216.28851318359375
829.612548828125 212.64517211914062
617.5730590820312 271.4074401855469
639.3880004882812 267.54730224609375
661.1646118164062 263.7056579589844
682.8640747070312 259.9162902832031
704.6093139648438 256.201171875
726.2965087890625 252.42808532714844
747.8731689453125 248.6708984375
769.4384765625 244.989013671875
790.9282836914062 241.3196258544922
812.3452758789062 237.60960388183594
833.6577758789062 233.9718780517578
621.4075317382812 293.0909118652344
643.2059326171875 289.2371826171875
664.9896850585938 285.363525390625
686.744873046875 281.55780029296875
708.5018310546875 277.7249755859375
730.2333374023438 273.9786071777344
751.8271484375 270.2469177246094
773.4357299804688 266.4986267089844
794.9402465820312 262.74462890625
816.36279296875 259.09747314453125
837.6774291992188 255.44381713867188
625.214599609375 314.7629699707031
647.0526733398438 310.9045104980469
668.8203125 307.1316223144531
690.6544189453125 303.26727294921875
712.4638671875 299.4445495605469
734.1876831054688 295.62237548828125
755.7787475585938 291.8338317871094
777.4305419921875 288.0879821777344
798.90283203125 284.3577880859375
820.4004516601562 280.588134765625
841.7122802734375 276.87554931640625
629.0208740234375 336.6048889160156
650.8343505859375 332.70751953125
672.6932373046875 328.8128662109375
694.5374755859375 325.0348815917969
716.4049072265625 321.1873779296875
738.1029663085938 317.3662414550781
759.7696533203125 313.53363037109375
781.3877563476562 309.69195556640625
802.9144287109375 305.92718505859375
824.3833618164062 302.21923828125
845.7066650390625 298.43646240234375
632.8365478515625 358.4523620605469
654.7105102539062 354.5653381347656
676.59423828125 350.6658020019531
698.4635620117188 346.780029296875
720.3140869140625 342.9572448730469
742.047119140625 339.11749267578125
763.7031860351562 335.2896728515625
785.3597412109375 331.4326171875
806.8417358398438 327.5711975097656
828.3350830078125 323.7738342285156
849.6730346679688 320.0243225097656