1 720 1333
681.4161987304688 205.19935607910156
695.46484375 209.74476623535156
709.6925659179688 214.49942016601562
724.307861328125 219.3731231689453
739.2218017578125 224.3457794189453
754.365234375 229.42552185058594
769.8424072265625 234.52450561523438
785.6204223632812 239.81500244140625
801.6672973632812 245.2615966796875
818.2144165039062 250.78466796875
834.866943359375 256.4125671386719
677.3876342773438 221.0248260498047
691.2781372070312 225.7200469970703
705.4104614257812 230.63914489746094
719.7687377929688 235.57470703125
734.5157470703125 240.63719177246094
749.5016479492188 245.78761291503906
764.7434692382812 251.2035675048828
780.3998413085938 256.54791259765625
796.3098754882812 262.1159362792969
812.5087890625 267.7048034667969
829.0801391601562 273.5086669921875
673.439208984375 236.60784912109375
687.1539306640625 241.4821014404297
701.0927124023438 246.45181274414062
715.376708984375 251.55410766601562
729.870849609375 256.6968994140625
744.6748046875 262.0652160644531
759.7825927734375 267.432373046875
775.2689819335938 272.9837951660156
790.8970947265625 278.6277770996094
806.9306640625 284.4158630371094
823.2761840820312 290.31439208984375
669.4886474609375 252.03282165527344
683.0449829101562 256.97454833984375
696.833984375 262.071044921875
710.9041748046875 267.28961181640625
725.3473510742188 272.59344482421875
739.9736938476562 277.9349060058594
754.8975219726562 283.5234069824219
770.1592407226562 289.205810546875
785.6372680664062 294.9232177734375
801.4658203125 300.77520751953125
817.5845947265625 306.7554016113281
665.5595703125 267.1445007324219
678.9673461914062 272.2688293457031
692.6508178710938 277.4180603027344
706.6157836914062 282.6778869628906
720.7771606445312 288.1217956542969
735.3641357421875 293.65142822265625
750.083984375 299.3064880371094
765.1528930664062 305.07952880859375
780.4491577148438 310.8899230957031
796.0980834960938 316.89886474609375
811.978271484375 322.9937744140625
661.7714233398438 282.07696533203125
675.0439453125 287.2708435058594
688.5521850585938 292.51409912109375
702.3779907226562 297.9292907714844
716.4376831054688 303.48162841796875
730.6971435546875 309.08636474609375
745.3804321289062 314.82354736328125
760.2166137695312 320.65277099609375
775.3549194335938 326.6399841308594
790.7365112304688 332.6837463378906
806.5022583007812 338.88763427734375
658.0545043945312 296.7042236328125
671.1985473632812 302.037353515625
684.4902954101562 307.4097595214844
698.2572021484375 312.8963317871094
712.098876953125 318.532470703125
726.2681884765625 324.3139953613281
740.6505126953125 330.0800476074219
755.3837890625 336.0793762207031
770.3234252929688 342.1285705566406
785.5443115234375 348.29302978515625
801.0994873046875 354.5436096191406
654.3237915039062 311.2398376464844
667.3276977539062 316.5616455078125
680.5316162109375 322.0471496582031
694.048828125 327.6565246582031
707.7554321289062 333.3514099121094
721.7464599609375 339.186279296875
736.07177734375 345.10546875
750.5765380859375 351.1441650390625
765.3851928710938 357.2870788574219
780.455810546875 363.5101318359375
795.7452392578125 369.829345703125