1 720 1333
479.0967712402344 353.4639892578125
500.4264831542969 347.078857421875
520.6477661132812 340.8898010253906
540.1386108398438 335.1288146972656
558.5238647460938 329.54345703125
576.2289428710938 324.2732849121094
593.0241088867188 319.1716003417969
609.2518920898438 314.3208923339844
624.6119995117188 309.629638671875
639.439697265625 305.20458984375
653.5393676757812 300.88385009765625
480.58941650390625 375.2356262207031
501.5627746582031 368.3934631347656
521.5258178710938 361.8377380371094
540.5465087890625 355.64678955078125
558.7133178710938 349.6976318359375
576.214599609375 344.041748046875
592.7040405273438 338.59332275390625
608.6851196289062 333.4102478027344
624.0042114257812 328.4498596191406
638.5655517578125 323.6328430175781
652.58984375 319.07928466796875
482.25390625 396.24847412109375
502.7296447753906 389.0313720703125
522.4069213867188 382.18182373046875
541.1561889648438 375.5750427246094
559.0570068359375 369.3144836425781
576.23388671875 363.30926513671875
592.5658569335938 357.53076171875
608.338623046875 352.0230407714844
623.4384155273438 346.6963806152344
637.7506713867188 341.644287109375
651.6510009765625 336.7408142089844
483.6343994140625 416.61700439453125
503.910888671875 409.07928466796875
523.2740478515625 401.811279296875
541.6207275390625 394.94329833984375
559.3760375976562 388.3549499511719
576.270751953125 382.0191955566406
592.40625 375.9371337890625
607.890625 370.1748046875
622.7888793945312 364.56793212890625
637.1717529296875 359.1926574707031
650.7463989257812 354.0059509277344
485.24212646484375 436.378662109375
505.14031982421875 428.4517517089844
524.122314453125 420.88433837890625
542.2930297851562 413.6784973144531
559.571044921875 406.76678466796875
576.3092041015625 400.202392578125
592.283447265625 393.81146240234375
607.5321655273438 387.71807861328125
622.3231811523438 381.86761474609375
636.4198608398438 376.2686462402344
649.8922729492188 370.7852783203125
486.6073303222656 455.45001220703125
506.3003845214844 447.2708740234375
524.8653564453125 439.4286193847656
542.735107421875 431.9334716796875
559.857666015625 424.7174377441406
576.3667602539062 417.8083190917969
592.14208984375 411.26397705078125
607.27294921875 404.88409423828125
621.68310546875 398.774658203125
635.6324462890625 392.84637451171875
649.124755859375 387.2430419921875
488.1484069824219 473.8533630371094
507.3788757324219 465.4528503417969
525.692626953125 457.3631591796875
543.4024658203125 449.57806396484375
560.2965087890625 442.1762390136719
576.42822265625 435.0328369140625
591.9137573242188 428.1759033203125
606.7949829101562 421.53729248046875
621.2894287109375 415.18218994140625
634.9258422851562 409.073974609375
648.3002319335938 403.1637878417969
489.4963073730469 491.7925720214844
508.47601318359375 483.1048889160156
526.5186767578125 474.73284912109375
543.844970703125 466.7131652832031
560.5316772460938 459.0738830566406
576.479736328125 451.6379089355469
591.6875610351562 444.5664367675781
606.49560546875 437.70074462890625
620.616455078125 431.192626953125
634.28515625 424.7679138183594
647.3519897460938 418.6389465332031