1 720 1333
603.3576049804688 469.6759338378906
618.7553100585938 473.5628356933594
634.4976806640625 477.5824890136719
650.5474853515625 481.6229553222656
666.8482666015625 485.735595703125
683.513427734375 489.9412841796875
700.441650390625 494.24017333984375
717.7238159179688 498.4915771484375
735.3724975585938 502.8224792480469
753.3079833984375 507.3408508300781
771.5565185546875 511.7616271972656
596.5656127929688 484.74652099609375
612.1617431640625 488.8949279785156
628.0241088867188 493.1487121582031
644.2449951171875 497.41748046875
660.749755859375 501.6868896484375
677.5494384765625 506.13641357421875
694.7139282226562 510.5660400390625
712.2327270507812 515.164794921875
730.064453125 519.6688842773438
748.2234497070312 524.4216918945312
766.6746826171875 529.1932373046875
589.5399780273438 500.33477783203125
605.3392944335938 504.6386413574219
621.3635864257812 509.08172607421875
637.6976928710938 513.5363159179688
654.4371337890625 518.144287109375
671.462646484375 522.7188110351562
688.764404296875 527.4441528320312
706.476318359375 532.221435546875
724.5277709960938 537.0634155273438
742.90576171875 542.0142822265625
761.650634765625 547.06640625
582.375732421875 516.3152465820312
598.3099975585938 520.7950439453125
614.4967651367188 525.490478515625
630.9981689453125 530.2305908203125
647.9011840820312 535.0108032226562
665.1461791992188 539.8519287109375
682.6865844726562 544.79052734375
700.5877075195312 549.8321533203125
718.8280639648438 554.956298828125
737.4881591796875 560.2413940429688
756.5023803710938 565.51953125
574.9449462890625 532.6898803710938
591.0009155273438 537.5030517578125
607.40869140625 542.4091186523438
624.1558837890625 547.3840942382812
641.2327270507812 552.4261474609375
658.5889892578125 557.5219116210938
676.40869140625 562.72607421875
694.518798828125 568.0859985351562
712.9755859375 573.4501953125
731.8802490234375 578.9605712890625
751.21923828125 584.5841064453125
567.3403930664062 549.6148681640625
583.5498046875 554.6397094726562
600.1438598632812 559.7938232421875
617.011474609375 565.064208984375
634.300048828125 570.3998413085938
651.8804931640625 575.7361450195312
669.8353271484375 581.3026733398438
688.2847290039062 586.8247680664062
706.9829711914062 592.5433349609375
726.1246948242188 598.4093627929688
745.6292724609375 604.3201293945312
559.4103393554688 567.1065673828125
575.7603759765625 572.3561401367188
592.558349609375 577.7152099609375
609.647705078125 583.3131713867188
627.1803588867188 588.8636474609375
644.9759521484375 594.57177734375
663.218017578125 600.3995971679688
681.7098388671875 606.3004150390625
700.7160034179688 612.299072265625
720.1763916015625 618.447509765625
739.953857421875 624.629638671875
551.3294677734375 585.0538330078125
567.8281860351562 590.558837890625
584.7630615234375 596.2918701171875
602.1278076171875 602.1243286132812
619.7467651367188 607.9642333984375
637.7757568359375 613.9899291992188
656.2926635742188 620.132080078125
675.1126708984375 626.366455078125
694.3681030273438 632.6748657226562
713.9658813476562 639.1819458007812
734.115966796875 645.7089233398438