1 720 1333
659.990966796875 186.7891082763672
681.7789306640625 183.26710510253906
703.395263671875 179.7071533203125
724.7213745117188 176.3154754638672
745.88232421875 172.81988525390625
766.7310180664062 169.5169219970703
787.5004272460938 166.22894287109375
807.913818359375 162.90530395507812
828.231689453125 159.67727661132812
848.19189453125 156.5233917236328
867.9544067382812 153.42820739746094
663.8333740234375 209.4010772705078
685.5413818359375 205.6739959716797
707.0206298828125 202.16427612304688
728.266357421875 198.56854248046875
749.2630004882812 195.10696411132812
770.0018920898438 191.63958740234375
790.5305786132812 188.28016662597656
810.8013916015625 184.88043212890625
830.9942016601562 181.56297302246094
850.788818359375 178.32798767089844
870.501953125 175.06857299804688
667.7079467773438 231.7154998779297
689.3081665039062 227.9384307861328
710.5816040039062 224.31124877929688
731.6716918945312 220.650634765625
752.5631713867188 217.06625366210938
773.2132568359375 213.51834106445312
793.602783203125 210.06597900390625
813.7616577148438 206.59799194335938
833.7652587890625 203.2368621826172
853.4820556640625 199.80479431152344
873.0255126953125 196.51734924316406
671.5394287109375 253.79348754882812
692.9445190429688 249.99037170410156
714.1747436523438 246.25506591796875
735.1325073242188 242.5053253173828
755.8203735351562 238.80194091796875
776.3724975585938 235.23193359375
796.6099243164062 231.62351989746094
816.6492919921875 228.15536499023438
836.525390625 224.5970916748047
856.171630859375 221.20042419433594
875.4772338867188 217.70591735839844
675.3479614257812 275.6913146972656
696.5953979492188 271.75439453125
717.6146240234375 267.9035339355469
738.5001220703125 264.1562805175781
759.1119384765625 260.3761901855469
779.4500122070312 256.6443176269531
799.59033203125 252.98765563964844
819.4972534179688 249.3734893798828
839.276611328125 245.7633056640625
858.6812133789062 242.2742919921875
877.9249877929688 238.70506286621094
679.1023559570312 297.3884582519531
700.246337890625 293.3742980957031
721.1552124023438 289.4279479980469
741.7837524414062 285.5350646972656
762.3118286132812 281.6464538574219
782.49169921875 277.8646240234375
802.5185546875 274.1532287597656
822.3309936523438 270.3944091796875
841.8850708007812 266.7071533203125
861.2901000976562 263.1083068847656
880.3884887695312 259.4942932128906
682.7338256835938 318.7593994140625
703.7417602539062 314.6700439453125
724.5313110351562 310.64111328125
745.144287109375 306.6658935546875
765.4512329101562 302.72882080078125
785.5128784179688 298.8332214355469
805.399169921875 295.01068115234375
825.0897216796875 291.22900390625
844.4902954101562 287.447021484375
863.6544189453125 283.6826171875
882.6572875976562 280.0571594238281
686.4656372070312 339.9400329589844
707.3192138671875 335.779296875
727.9319458007812 331.669189453125
748.3501586914062 327.5993957519531
768.5401611328125 323.5817565917969
788.4786987304688 319.59210205078125
808.2245483398438 315.61663818359375
827.657470703125 311.74566650390625
847.05517578125 307.86895751953125
866.0965576171875 304.12042236328125
884.9466552734375 300.3468933105469