1 720 1333
335.373779296875 177.95663452148438
359.4024658203125 170.2482147216797
383.27020263671875 162.50314331054688
407.0163879394531 154.85968017578125
430.6489562988281 147.37890625
454.2289733886719 139.82875061035156
477.59307861328125 132.4944305419922
500.82904052734375 125.22077178955078
523.8873901367188 117.90831756591797
546.7813110351562 110.70762634277344
569.5863647460938 103.62482452392578
347.1852722167969 201.49920654296875
370.671142578125 193.78976440429688
394.2252502441406 186.21527099609375
417.5159606933594 178.60855102539062
440.7512512207031 171.16673278808594
463.8507080078125 163.69937133789062
486.832275390625 156.39088439941406
509.654296875 149.0884246826172
532.3736572265625 141.81723022460938
554.83447265625 134.6617431640625
577.2807006835938 127.6156234741211
358.580810546875 224.28431701660156
381.71875 216.6201171875
404.7568359375 209.13665771484375
427.7369689941406 201.59811401367188
450.5726013183594 194.17340087890625
473.2679443359375 186.7191162109375
495.81048583984375 179.48077392578125
518.2911376953125 172.2345733642578
540.536376953125 165.0489044189453
562.640380859375 157.8786163330078
584.609375 150.8599395751953
369.7073059082031 246.3684844970703
392.4574279785156 238.74453735351562
415.20196533203125 231.3005828857422
437.6148681640625 223.85618591308594
460.1182861328125 216.46546936035156
482.3670654296875 209.17384338378906
504.5155944824219 201.8177947998047
526.5391845703125 194.62545776367188
548.4833984375 187.4761962890625
570.2550048828125 180.3983154296875
591.809326171875 173.40042114257812
380.495849609375 267.66937255859375
402.88409423828125 260.27362060546875
425.0880432128906 252.72042846679688
447.31207275390625 245.37551879882812
469.31683349609375 238.0674285888672
491.2036437988281 230.7377471923828
512.9228515625 223.53460693359375
534.6221313476562 216.387451171875
556.166748046875 209.2710418701172
577.5345458984375 202.17453002929688
598.7454833984375 195.20188903808594
391.042236328125 288.4187316894531
412.92425537109375 280.9696044921875
434.8179016113281 273.6219482421875
456.5624084472656 266.3134765625
478.23956298828125 258.9368591308594
499.679931640625 251.74588012695312
521.1957397460938 244.5516815185547
542.4246215820312 237.40887451171875
563.5967407226562 230.35397338867188
584.581787109375 223.3225860595703
605.5296020507812 216.33676147460938
401.2007751464844 308.4167785644531
422.7407531738281 301.1071472167969
444.2506103515625 293.73681640625
465.5824890136719 286.4746398925781
486.8585510253906 279.2859802246094
508.0499267578125 272.07257080078125
529.0381469726562 264.88946533203125
549.9765625 257.797607421875
570.7199096679688 250.76426696777344
591.4747924804688 243.7210235595703
611.9883422851562 236.78260803222656
411.0356750488281 327.7908935546875
432.29034423828125 320.5
453.3592834472656 313.3008728027344
474.3927917480469 306.11181640625
495.2891540527344 298.85589599609375
516.0584106445312 291.7342529296875
536.69873046875 284.649658203125
557.3187255859375 277.56451416015625
577.7457885742188 270.59808349609375
598.1150512695312 263.60418701171875
618.368896484375 256.67132568359375