1 720 1333
686.3701782226562 244.9821319580078
705.2964477539062 241.94821166992188
723.6094360351562 239.05059814453125
741.7332153320312 236.2319793701172
759.42724609375 233.42501831054688
776.687255859375 230.68856811523438
793.5956420898438 228.04367065429688
810.2920532226562 225.43505859375
826.482666015625 222.8912353515625
842.429931640625 220.4319305419922
857.9285278320312 217.9593048095703
691.4447631835938 264.6444091796875
710.3193359375 261.4206237792969
728.7496948242188 258.33734130859375
746.7811279296875 255.2632598876953
764.5422973632812 252.2873992919922
781.7278442382812 249.36737060546875
798.6996459960938 246.4767608642578
815.3326416015625 243.67446899414062
831.5444946289062 240.92124938964844
847.4573974609375 238.29180908203125
863.0225830078125 235.63714599609375
696.5217895507812 284.4751892089844
715.4508056640625 281.05316162109375
733.8326416015625 277.6648254394531
751.9689331054688 274.416748046875
769.6157836914062 271.2314147949219
786.8922729492188 268.10205078125
803.8023681640625 265.06280517578125
820.4140014648438 261.9941711425781
836.6436767578125 259.1119079589844
852.5316162109375 256.2525939941406
868.0757446289062 253.43466186523438
701.6854858398438 304.44525146484375
720.564453125 300.73199462890625
739.0499877929688 297.2129821777344
757.1582641601562 293.6645812988281
774.7457885742188 290.3255920410156
792.129150390625 286.9757385253906
808.970947265625 283.6476745605469
825.5545043945312 280.5042724609375
841.7720947265625 277.37884521484375
857.6259765625 274.3537292480469
873.2129516601562 271.3414611816406
706.8605346679688 324.55419921875
725.7610473632812 320.6478271484375
744.2876586914062 316.8017578125
762.3233642578125 313.110595703125
779.9925537109375 309.51202392578125
797.2742919921875 305.8956298828125
814.2254028320312 302.4693908691406
830.6923828125 299.0545654296875
846.9051513671875 295.71929931640625
862.7399291992188 292.4732360839844
878.341064453125 289.3131408691406
712.1190795898438 344.7211608886719
731.0187377929688 340.6396789550781
749.4581909179688 336.6268615722656
767.5277709960938 332.6534729003906
785.21142578125 328.7689514160156
802.4578857421875 325.0950012207031
819.369140625 321.3702392578125
835.8716430664062 317.73443603515625
852.0906372070312 314.2247619628906
867.88330078125 310.7557067871094
883.4423217773438 307.3980407714844
717.4061279296875 365.1749572753906
736.28271484375 360.70904541015625
754.6863403320312 356.4988708496094
772.714599609375 352.3616943359375
790.4400634765625 348.2871398925781
807.6118774414062 344.2996826171875
824.5282592773438 340.4048767089844
841.0488891601562 336.5594482421875
857.26416015625 332.77587890625
873.0786743164062 329.1953125
888.5291137695312 325.5575866699219
722.6300048828125 385.5770263671875
741.5191650390625 380.9765319824219
759.9366455078125 376.5111999511719
778.017578125 372.10076904296875
795.585205078125 367.7812805175781
812.833740234375 363.5806884765625
829.6705322265625 359.4908752441406
846.245361328125 355.4492492675781
862.3820190429688 351.5030212402344
878.1690063476562 347.6391906738281
893.595458984375 343.833740234375