1 720 1333
553.8284301757812 449.6250305175781
564.3192749023438 455.78753662109375
575.080078125 462.212890625
586.2930297851562 468.74365234375
597.7513427734375 475.55474853515625
609.7626342773438 482.6015319824219
622.158447265625 489.8843994140625
634.9909057617188 497.4100646972656
648.2525024414062 505.212158203125
662.1040649414062 513.261962890625
676.3831787109375 521.56103515625
543.7067260742188 463.14642333984375
554.1544799804688 469.5550537109375
564.766357421875 476.28753662109375
575.8743286132812 483.1234130859375
587.4027709960938 490.27618408203125
599.27685546875 497.5572814941406
611.5475463867188 505.1956787109375
624.311279296875 513.0396728515625
637.5125732421875 521.183837890625
651.2506713867188 529.5834350585938
665.495361328125 538.3619995117188
533.508544921875 476.7715759277344
543.7445068359375 483.5307312011719
554.424072265625 490.48638916015625
565.393310546875 497.6565856933594
576.7353515625 505.1024169921875
588.5508422851562 512.7278442382812
600.7382202148438 520.6727294921875
613.4412841796875 528.8717041015625
626.5393676757812 537.42822265625
640.246826171875 546.2900390625
654.3755493164062 555.41455078125
523.0914916992188 490.69256591796875
533.2820434570312 497.6894836425781
543.7455444335938 504.9575500488281
554.65625 512.458251953125
565.9440307617188 520.2552490234375
577.654296875 528.2493896484375
589.7425537109375 536.4987182617188
602.364501953125 545.1441040039062
615.3965454101562 554.0020751953125
628.9268798828125 563.2551879882812
643.072509765625 572.7901611328125
512.4556274414062 504.8082580566406
522.5224609375 512.15087890625
532.9828491210938 519.6433715820312
543.7349853515625 527.4887084960938
554.9851684570312 535.5699462890625
566.5438232421875 543.9074096679688
578.59619140625 552.5936889648438
591.13134765625 561.5570678710938
604.0706176757812 570.8010864257812
617.4984741210938 580.53466796875
631.5191650390625 590.534423828125
501.6073303222656 519.2125854492188
511.6263427734375 526.7338256835938
521.9556884765625 534.614501953125
532.6991577148438 542.76318359375
543.7535400390625 551.2354736328125
555.3533325195312 559.926025390625
567.2646484375 568.992919921875
579.6041870117188 578.3511352539062
592.4575805664062 588.0781860351562
605.8085327148438 598.1392822265625
619.716064453125 608.5973510742188
490.6448059082031 533.6925659179688
500.5494384765625 541.6338500976562
510.7767028808594 549.7921142578125
521.4295654296875 558.3743896484375
532.436767578125 567.1912841796875
543.7640380859375 576.2593383789062
555.6438598632812 585.646484375
567.93212890625 595.4373779296875
580.6674194335938 605.5557250976562
593.93408203125 616.1312255859375
607.7609252929688 627.0348510742188
479.5011291503906 548.5255737304688
489.28656005859375 556.7493896484375
499.4261779785156 565.3369140625
509.8861999511719 574.1957397460938
520.8023071289062 583.3507080078125
532.1912231445312 592.78369140625
543.8531494140625 602.6155395507812
556.1095581054688 612.8124389648438
568.7031860351562 623.4337768554688
581.9067993164062 634.4161987304688
595.5958862304688 645.80224609375