1 720 1333
466.15692138671875 88.19618225097656
479.0104064941406 100.4682388305664
492.0167541503906 112.81688690185547
505.0119323730469 125.30133056640625
518.1262817382812 137.7255096435547
531.2218017578125 150.30001831054688
544.3629150390625 162.7620086669922
557.5155639648438 175.3987579345703
570.6585083007812 187.90753173828125
583.9268188476562 200.5712127685547
597.2197265625 213.17869567871094
460.381591796875 103.03579711914062
473.04608154296875 115.16791534423828
485.6991882324219 127.3593978881836
498.5120849609375 139.55494689941406
511.38116455078125 151.85943603515625
524.2225952148438 164.15357971191406
537.111328125 176.50950622558594
550.0134887695312 188.7794952392578
562.8724975585938 201.2882080078125
575.8888549804688 213.59051513671875
588.8763427734375 226.05685424804688
454.7554016113281 117.404296875
467.2679138183594 129.3975067138672
479.6820068359375 141.33131408691406
492.2845153808594 153.39907836914062
504.8128662109375 165.44467163085938
517.4458618164062 177.5844268798828
530.0965576171875 189.62269592285156
542.7244262695312 201.836669921875
555.421142578125 214.00106811523438
568.1812133789062 226.24916076660156
580.860107421875 238.44769287109375
449.4405517578125 131.3461151123047
461.6095275878906 143.0769805908203
473.8666076660156 154.85595703125
486.25067138671875 166.71221923828125
498.5518798828125 178.61447143554688
510.8747253417969 190.4658966064453
523.3450927734375 202.53456115722656
535.6993408203125 214.3931427001953
548.1936645507812 226.43386840820312
560.6472778320312 238.39212036132812
573.2332763671875 250.39767456054688
444.29461669921875 144.7027587890625
456.2686767578125 156.3633270263672
468.3023376464844 167.8911895751953
480.36572265625 179.62994384765625
492.4912109375 191.28221130371094
504.6048278808594 203.1016082763672
516.7383422851562 214.7099609375
528.9922485351562 226.5779266357422
541.188232421875 238.37417602539062
553.4700317382812 250.12591552734375
565.7271728515625 261.99188232421875
439.2735900878906 157.71788024902344
451.011474609375 169.16561889648438
462.81353759765625 180.58660888671875
474.6739807128906 192.05923461914062
486.6055603027344 203.63882446289062
498.5256042480469 215.09242248535156
510.50714111328125 226.73480224609375
522.4566040039062 238.30389404296875
534.4938354492188 249.8456268310547
546.48876953125 261.5384521484375
558.5783081054688 273.1689147949219
434.4196472167969 170.2947998046875
445.97357177734375 181.56723022460938
457.57525634765625 192.75469970703125
469.2876281738281 204.21694946289062
480.9564208984375 215.42178344726562
492.651611328125 226.8001251220703
504.45831298828125 238.2069854736328
516.2706909179688 249.61155700683594
527.9594116210938 261.0982971191406
539.8013916015625 272.44146728515625
551.6663818359375 284.0107421875
429.6705627441406 182.48094177246094
441.11688232421875 193.4954833984375
452.5210876464844 204.66473388671875
463.9841613769531 215.74343872070312
475.4759216308594 226.97705078125
487.0368347167969 238.14208984375
498.5879211425781 249.40090942382812
510.2184753417969 260.5843200683594
521.7423095703125 271.72637939453125
533.4130249023438 283.14324951171875
545.1384887695312 294.3871154785156