1 720 1333
644.1826782226562 49.47745132446289
648.272705078125 69.82170104980469
652.3633422851562 90.37480163574219
656.4521484375 110.74071502685547
660.541259765625 131.3359375
664.5628051757812 151.69558715820312
668.6832275390625 172.29013061523438
672.7362670898438 192.6488037109375
676.8961181640625 213.23611450195312
680.898193359375 233.6661376953125
684.9843139648438 254.19764709472656
625.031982421875 49.134796142578125
629.2127075195312 69.71029663085938
633.340087890625 90.49727630615234
637.4776000976562 111.32009887695312
641.5932006835938 132.10443115234375
645.7407836914062 152.73788452148438
649.8767700195312 173.5078582763672
654.090087890625 194.35406494140625
658.218017578125 215.05812072753906
662.3563232421875 235.8129119873047
666.466552734375 256.6402893066406
605.34326171875 48.61885070800781
609.54248046875 69.60851287841797
613.7369995117188 90.6282730102539
617.9146728515625 111.68083953857422
622.2141723632812 132.75094604492188
626.3828125 153.79354858398438
630.5786743164062 174.8749542236328
634.7552490234375 195.94554138183594
639.0400390625 217.07363891601562
643.2042236328125 238.1610107421875
647.3818359375 259.2655029296875
585.1270751953125 48.32646560668945
589.3689575195312 69.52042388916016
593.5879516601562 90.84383392333984
597.8381958007812 112.29058074951172
602.177001953125 133.58181762695312
606.4241333007812 154.9332733154297
610.648681640625 176.37733459472656
614.9573364257812 197.6488037109375
619.248046875 219.0721893310547
623.4780883789062 240.51156616210938
627.6625366210938 261.84442138671875
564.26513671875 47.78821563720703
568.5465698242188 69.46173095703125
572.8590087890625 91.08846282958984
577.2132568359375 112.66895294189453
581.56103515625 134.44705200195312
585.8563232421875 156.20611572265625
590.2689819335938 177.75296020507812
594.543701171875 199.50088500976562
598.86328125 221.24778747558594
603.1854858398438 242.91123962402344
607.5006103515625 264.6145935058594
542.7346801757812 47.44891357421875
547.1885375976562 69.38209533691406
551.5038452148438 91.34302520751953
555.914306640625 113.35499572753906
560.3350219726562 135.36444091796875
564.6953735351562 157.3590850830078
569.1176147460938 179.42465209960938
573.5383911132812 201.4071502685547
577.8921508789062 223.41107177734375
582.3272094726562 245.45501708984375
586.6470947265625 267.5043029785156
520.6885986328125 47.125728607177734
525.1381225585938 69.30985260009766
529.5470581054688 91.52944946289062
533.9907836914062 113.78536987304688
538.4761962890625 136.32052612304688
542.8990478515625 158.56484985351562
547.4518432617188 180.92909240722656
551.85400390625 203.38502502441406
556.3837890625 225.6483917236328
560.779541015625 248.12362670898438
565.2885131835938 270.4659118652344
497.9577331542969 46.64790725708008
502.46099853515625 69.2624282836914
506.9038391113281 91.73664093017578
511.4599914550781 114.49081420898438
515.9487915039062 137.22096252441406
520.5199584960938 159.83641052246094
525.0523681640625 182.59927368164062
529.5955200195312 205.4009552001953
534.1549072265625 228.124267578125
538.6504516601562 250.77735900878906
543.2100219726562 273.5150451660156