1 720 1333
549.5685424804688 206.71629333496094
569.5775146484375 204.3461151123047
590.0458374023438 201.78158569335938
610.8592529296875 199.30682373046875
632.2536010742188 196.71473693847656
653.92431640625 194.20233154296875
676.213134765625 191.5329132080078
698.7145385742188 188.85531616210938
721.7884521484375 186.28561401367188
745.4107666015625 183.53790283203125
769.3710327148438 180.78341674804688
552.3727416992188 228.80499267578125
572.294921875 226.63035583496094
592.6015625 224.4488983154297
613.426025390625 222.13613891601562
634.5821533203125 219.75473022460938
656.2767944335938 217.47503662109375
678.3699340820312 215.12548828125
700.8033447265625 212.67962646484375
723.7413330078125 210.36798095703125
747.2578735351562 207.81846618652344
771.08984375 205.44129943847656
555.10693359375 250.7525177001953
574.892578125 248.75921630859375
595.1875610351562 246.70419311523438
615.7686767578125 244.6685791015625
636.9327392578125 242.6040802001953
658.5020751953125 240.53768920898438
680.50146484375 238.43067932128906
702.8739624023438 236.3158721923828
725.6896362304688 234.1747283935547
749.0391845703125 231.87733459472656
772.6879272460938 229.67254638671875
557.7463989257812 272.47857666015625
577.504150390625 270.67462158203125
597.6585083007812 268.8488464355469
618.310546875 267.1241760253906
639.3035888671875 265.294189453125
660.6671752929688 263.41094970703125
682.5755615234375 261.499755859375
704.8866577148438 259.5809020996094
727.5968017578125 257.6421203613281
750.753173828125 255.70799255371094
774.4140625 253.71697998046875
560.4434814453125 293.8620910644531
580.1392211914062 292.40533447265625
600.1753540039062 290.7377014160156
620.6217651367188 289.2878723144531
641.56787109375 287.5715637207031
662.874755859375 285.9603271484375
684.6359252929688 284.3733215332031
706.8717041015625 282.58642578125
729.4954833984375 280.91949462890625
752.5419311523438 279.3152770996094
775.9685668945312 277.53668212890625
563.1568603515625 315.18359375
582.6257934570312 313.78326416015625
602.6346435546875 312.5077819824219
623.055419921875 311.17431640625
643.8543090820312 309.6848449707031
665.1600952148438 308.3743896484375
686.7423095703125 306.8652648925781
708.82080078125 305.4937744140625
731.3976440429688 304.0040588378906
754.3312377929688 302.51806640625
777.5797119140625 301.014404296875
565.6790161132812 336.208984375
585.2777709960938 335.0385437011719
605.1038208007812 333.84942626953125
625.4154052734375 332.7033386230469
646.1770629882812 331.562255859375
667.3180541992188 330.4374694824219
688.7672119140625 329.2589416503906
710.7696533203125 327.9692687988281
733.2161254882812 326.7088623046875
755.9303588867188 325.4871826171875
779.1654663085938 324.2729187011719
568.4054565429688 356.8542175292969
587.6812133789062 356.02166748046875
607.521728515625 355.14013671875
627.6784057617188 354.2581787109375
648.3980712890625 353.26898193359375
669.4186401367188 352.3107604980469
690.8075561523438 351.3033447265625
712.6415405273438 350.3138122558594
734.9577026367188 349.25665283203125
757.587646484375 348.2334899902344
780.61767578125 347.072021484375