1 720 1333
413.5537414550781 417.28204345703125
446.23553466796875 411.78631591796875
477.7586364746094 406.462158203125
508.3939208984375 401.3485412597656
538.0167236328125 396.3305969238281
566.5960083007812 391.4696350097656
594.4598999023438 386.7257385253906
621.4624633789062 382.1636047363281
647.563232421875 377.63421630859375
672.8477172851562 373.3077392578125
697.4488525390625 369.0687255859375
418.261962890625 444.1358337402344
450.24542236328125 438.3314514160156
481.15338134765625 432.67596435546875
511.1203918457031 427.2581787109375
540.1032104492188 421.93475341796875
568.2423095703125 416.796142578125
595.4805297851562 411.7741394042969
621.9837646484375 406.90570068359375
647.6297607421875 402.2234191894531
672.5647583007812 397.5182800292969
696.6350708007812 393.0029296875
422.7449645996094 469.90399169921875
454.0789794921875 463.7966003417969
484.3741455078125 457.8863525390625
513.6581420898438 452.2275390625
542.1983032226562 446.63726806640625
569.6641845703125 441.2837219238281
596.503173828125 435.95220947265625
622.5319213867188 430.7899169921875
647.75 425.79339599609375
672.310546875 420.8855895996094
695.9967651367188 416.1270446777344
427.20733642578125 494.6800537109375
457.7859802246094 488.40692138671875
487.4580078125 482.2618713378906
516.2701416015625 476.2516174316406
544.1886596679688 470.44830322265625
571.2633666992188 464.7623596191406
597.5208740234375 459.2923583984375
623.0985107421875 453.8656921386719
647.8131713867188 448.6526794433594
671.9395141601562 443.4841613769531
695.3348999023438 438.48455810546875
431.45166015625 518.5133666992188
461.4354248046875 511.96600341796875
490.4862365722656 505.5466613769531
518.6734619140625 499.39923095703125
546.1329345703125 493.34661865234375
572.62841796875 487.4679870605469
598.4985961914062 481.7071228027344
623.5697631835938 476.1809387207031
647.999755859375 470.671875
671.624755859375 465.34466552734375
694.6096801757812 460.0729064941406
435.5585021972656 541.44873046875
464.8963623046875 534.6553344726562
493.42584228515625 528.0670166015625
521.1343994140625 521.6390991210938
547.95947265625 515.4340209960938
574.1272583007812 509.3388671875
599.465576171875 503.3909606933594
624.1829223632812 497.5922546386719
648.1520385742188 491.9434814453125
671.42724609375 486.4209899902344
693.9624633789062 480.9043273925781
439.5580139160156 563.5099487304688
468.3284912109375 556.5529174804688
496.26507568359375 549.7362670898438
523.4044799804688 543.193603515625
549.7432861328125 536.669677734375
575.45068359375 530.4382934570312
600.4088134765625 524.3054809570312
624.595458984375 518.3309326171875
648.2444458007812 512.4622192382812
671.11279296875 506.66741943359375
693.3685913085938 501.124755859375
443.4281005859375 584.6868896484375
471.5610046386719 577.622314453125
498.9779357910156 570.6513061523438
525.5986328125 563.8807373046875
551.557861328125 557.29248046875
576.6813354492188 550.758544921875
601.28759765625 544.4697265625
625.115478515625 538.310302734375
648.2904052734375 532.2840576171875
670.6961059570312 526.3510131835938
692.5986938476562 520.5372924804688