1 720 1333
525.4649658203125 392.68402099609375
542.3201904296875 395.4196472167969
559.5963745117188 398.2275085449219
577.4518432617188 401.0762023925781
595.652587890625 403.9626159667969
614.4080200195312 406.97979736328125
633.5643920898438 410.0345764160156
653.2709350585938 413.1811828613281
673.4197998046875 416.36981201171875
694.1319580078125 419.5306396484375
715.3259887695312 422.80743408203125
526.7131958007812 411.2157897949219
543.5188598632812 414.1731872558594
560.6587524414062 417.147216796875
578.3673706054688 420.20953369140625
596.4216918945312 423.3357238769531
614.8873901367188 426.4857177734375
633.85009765625 429.7599792480469
653.4049072265625 433.0950012207031
673.3577270507812 436.5071105957031
693.7100830078125 439.8775329589844
714.6466674804688 443.4038391113281
528.1771850585938 429.4072265625
544.6588745117188 432.4889221191406
561.6973876953125 435.6388854980469
579.2749633789062 438.9115295410156
597.1565551757812 442.2640380859375
615.4579467773438 445.6113586425781
634.3115844726562 449.0713806152344
653.4949951171875 452.57415771484375
673.2708129882812 456.22161865234375
693.4757080078125 459.793701171875
714.2285766601562 463.51898193359375
529.415771484375 447.2275695800781
545.8441772460938 450.5115661621094
562.742919921875 453.84991455078125
580.1643676757812 457.32373046875
597.743408203125 460.7540588378906
615.92919921875 464.3834228515625
634.54296875 467.990966796875
653.5910034179688 471.7171630859375
673.1748657226562 475.4954528808594
693.2000122070312 479.3338623046875
713.5831909179688 483.23406982421875
530.6636352539062 464.69464111328125
547.0405883789062 468.1888122558594
563.7080688476562 471.6683654785156
580.8527221679688 475.3244934082031
598.476318359375 478.9709167480469
616.46923828125 482.6905822753906
634.8153076171875 486.51678466796875
653.6734008789062 490.42474365234375
673.1032104492188 494.38909912109375
692.7537231445312 498.373291015625
713.1514282226562 502.4483337402344
531.9385375976562 481.8670959472656
548.2511596679688 485.49755859375
564.7166748046875 489.2303161621094
581.6874389648438 492.9169006347656
599.2259521484375 496.77020263671875
616.9150390625 500.6620788574219
635.26123046875 504.6610412597656
653.8036499023438 508.6814270019531
672.922607421875 512.8306884765625
692.5317993164062 517.0205688476562
712.5303955078125 521.2892456054688
533.259765625 498.72845458984375
549.3280639648438 502.52447509765625
565.666015625 506.35211181640625
582.5440063476562 510.3005065917969
599.7550659179688 514.2337646484375
617.4575805664062 518.3085327148438
635.5289916992188 522.4375610351562
653.9907836914062 526.6016845703125
672.8480224609375 530.8623046875
692.3237915039062 535.2776489257812
712.1267700195312 539.6439208984375
534.4019775390625 515.3589477539062
550.3543701171875 519.2615966796875
566.5997924804688 523.22265625
583.4035034179688 527.260009765625
600.4369506835938 531.380615234375
617.8877563476562 535.5197143554688
635.74853515625 539.7565307617188
654.18896484375 544.1716918945312
672.803466796875 548.5560913085938
692.0179443359375 553.0551147460938
711.585205078125 557.6181030273438