1 720 1333
600.10888671875 252.8370361328125
618.5818481445312 249.47801208496094
637.1055908203125 246.0965118408203
655.3908081054688 242.72206115722656
673.5601196289062 239.45785522460938
691.579833984375 236.25518798828125
709.4751586914062 232.94699096679688
727.2687377929688 229.7508087158203
744.7793579101562 226.62599182128906
762.3189086914062 223.5025177001953
779.5086669921875 220.424072265625
603.2897338867188 270.4877014160156
621.5844116210938 267.0823669433594
639.7199096679688 263.6758117675781
657.8048095703125 260.3519592285156
675.7297973632812 257.0536804199219
693.5560302734375 253.70677185058594
711.2450561523438 250.49349975585938
728.6943359375 247.31698608398438
746.120849609375 244.15817260742188
763.32958984375 240.9599151611328
780.3917846679688 237.8153076171875
606.4254150390625 287.6460876464844
624.4608154296875 284.2561950683594
642.3931274414062 280.81121826171875
660.2451782226562 277.4952087402344
677.8932495117188 274.1912536621094
695.4656372070312 270.83697509765625
712.8826293945312 267.5659484863281
730.21923828125 264.39483642578125
747.3778686523438 261.19305419921875
764.355712890625 257.96600341796875
781.2382202148438 254.81900024414062
609.4546508789062 304.4289855957031
627.3052368164062 301.00732421875
644.9213256835938 297.5952453613281
662.5569458007812 294.2547302246094
679.9986572265625 290.858154296875
697.3717041015625 287.5469055175781
714.5318603515625 284.3282775878906
731.6026611328125 281.04095458984375
748.51611328125 277.8099670410156
765.3590698242188 274.6178283691406
781.8464965820312 271.47119140625
612.4330444335938 320.7462463378906
629.9852294921875 317.3554992675781
647.4721069335938 313.9034423828125
664.7529296875 310.5211486816406
682.0790405273438 307.2037658691406
699.1870727539062 303.8205871582031
716.215576171875 300.5319519042969
733.0064086914062 297.3258361816406
749.67578125 294.0367126464844
766.3224487304688 290.7970275878906
782.6160888671875 287.61163330078125
615.3507080078125 336.6527404785156
632.67138671875 333.26043701171875
649.8538208007812 329.81036376953125
667.0289916992188 326.4343566894531
684.071044921875 323.0885009765625
700.8914184570312 319.7061767578125
717.6532592773438 316.45361328125
734.3988647460938 313.17156982421875
750.7710571289062 309.8644714355469
767.2423095703125 306.64599609375
783.40185546875 303.453857421875
618.239990234375 352.2003173828125
635.3071899414062 348.73291015625
652.3091430664062 345.3471374511719
669.235107421875 341.9397888183594
685.9746704101562 338.5569152832031
702.632080078125 335.2441711425781
719.2637939453125 331.87518310546875
735.5845336914062 328.5968933105469
751.8744506835938 325.34783935546875
768.050537109375 322.09423828125
784.0906372070312 318.79156494140625
620.9805297851562 367.3197326660156
637.8027954101562 363.84356689453125
654.6041259765625 360.4657287597656
671.3469848632812 357.092041015625
687.84521484375 353.6684265136719
704.3873291015625 350.35552978515625
720.64013671875 346.9701232910156
736.8289184570312 343.66046142578125
752.91162109375 340.3924255371094
768.837646484375 337.0892333984375
784.6043090820312 333.79351806640625