1 720 1333
735.080078125 375.9653625488281
753.4841918945312 373.91156005859375
771.4511108398438 371.85894775390625
789.0053100585938 369.8712463378906
806.1323852539062 367.9575500488281
822.7152099609375 366.0476379394531
839.0748291015625 364.2349853515625
854.9339599609375 362.38714599609375
870.5317993164062 360.63134765625
885.6187744140625 358.7840270996094
900.4723510742188 357.2176513671875
734.1736450195312 395.7234802246094
752.4695434570312 393.399658203125
770.3329467773438 391.22869873046875
787.6408081054688 388.9427490234375
804.6076049804688 386.7502136230469
821.2512817382812 384.7002258300781
837.4055786132812 382.61517333984375
853.2406005859375 380.6401062011719
868.5924682617188 378.63409423828125
883.6318969726562 376.7044677734375
898.4176635742188 374.804443359375
733.344482421875 415.1487121582031
751.4534301757812 412.585205078125
769.2027587890625 410.1377868652344
786.39990234375 407.6820068359375
803.3263549804688 405.3779296875
819.6282958984375 403.0954895019531
835.7098388671875 400.7886657714844
851.4546508789062 398.577392578125
866.7684326171875 396.4762268066406
881.7120361328125 394.3567810058594
896.400390625 392.28814697265625
732.445068359375 434.14056396484375
750.4512329101562 431.4118347167969
767.9170532226562 428.7210998535156
785.1942138671875 426.1799621582031
801.7598266601562 423.604736328125
818.232421875 421.1631774902344
834.1776733398438 418.64642333984375
849.7141723632812 416.3371276855469
864.9790649414062 413.9476318359375
879.80810546875 411.6640319824219
894.4078979492188 409.4515686035156
731.5946044921875 452.7420654296875
749.4664306640625 449.86297607421875
766.8341064453125 447.0559387207031
783.7967529296875 444.2906188964844
800.4976806640625 441.5047912597656
816.6273803710938 438.8273010253906
832.58544921875 436.2601013183594
848.0383911132812 433.63739013671875
863.2304077148438 431.2188720703125
877.8995361328125 428.6737976074219
892.4207763671875 426.3483581542969
730.7401733398438 471.0965270996094
748.5076904296875 467.99530029296875
765.7012939453125 464.97247314453125
782.6246948242188 462.05523681640625
799.1666870117188 459.1578369140625
815.2982788085938 456.3094177246094
830.9215698242188 453.5093688964844
846.3644409179688 450.75927734375
861.4104614257812 448.1356201171875
876.0673828125 445.4775695800781
890.4339599609375 442.8733215332031
730.05029296875 489.0426330566406
747.560546875 485.7625732421875
764.6503295898438 482.5951843261719
781.4483032226562 479.4642028808594
797.7418823242188 476.4205627441406
813.698486328125 473.3992614746094
829.4108276367188 470.4655456542969
844.6072998046875 467.5416564941406
859.5635986328125 464.7253112792969
874.2020874023438 461.930419921875
888.4832153320312 459.24456787109375
729.3041381835938 506.6675109863281
746.641845703125 503.29425048828125
763.6154174804688 499.8760070800781
780.329345703125 496.60076904296875
796.4918212890625 493.4120788574219
812.3816528320312 490.2462463378906
827.7628173828125 487.1121826171875
842.9324951171875 484.088134765625
857.756103515625 481.0654296875
872.3310546875 478.1627502441406
886.4794311523438 475.2764587402344