1 720 1333
660.949951171875 248.53106689453125
677.6100463867188 248.51559448242188
693.76416015625 248.53720092773438
709.5801391601562 248.5469970703125
724.9072875976562 248.58775329589844
739.7886352539062 248.62181091308594
754.41455078125 248.65591430664062
768.52783203125 248.7091827392578
782.3677368164062 248.75465393066406
795.6444091796875 248.81202697753906
808.7093505859375 248.89390563964844
660.9900512695312 267.5361022949219
677.5428466796875 267.362548828125
693.6587524414062 267.0875244140625
709.44580078125 266.8095703125
724.6570434570312 266.6007080078125
739.5477905273438 266.4711608886719
754.0526123046875 266.3228759765625
768.1600952148438 266.1435546875
781.7584228515625 265.8951110839844
795.2089233398438 265.69793701171875
808.2774658203125 265.60052490234375
661.0135498046875 286.4728698730469
677.5422973632812 285.9018859863281
693.5640869140625 285.4841613769531
709.286376953125 284.94683837890625
724.46630859375 284.539794921875
739.3135986328125 284.165283203125
753.6323852539062 283.65081787109375
767.6700439453125 283.3419494628906
781.4308471679688 282.8621520996094
794.6382446289062 282.51068115234375
807.577392578125 282.2092590332031
661.135986328125 305.2443542480469
677.4826049804688 304.4529113769531
693.5185546875 303.6431884765625
709.1283569335938 302.9661560058594
724.2989501953125 302.3627624511719
738.9578857421875 301.5911560058594
753.3516235351562 300.987060546875
767.32373046875 300.4031677246094
780.9332885742188 299.7181091308594
794.193603515625 299.2266845703125
807.14453125 298.5824890136719
661.1564331054688 323.6994934082031
677.5095825195312 322.6899108886719
693.4281005859375 321.7408752441406
708.882568359375 320.75775146484375
723.994384765625 319.8324279785156
738.6251831054688 319.0263977050781
752.964599609375 318.20635986328125
766.8729248046875 317.3499755859375
780.4528198242188 316.48370361328125
793.6458129882812 315.6556701660156
806.4723510742188 314.8777770996094
661.26416015625 342.2456970214844
677.461669921875 340.8735046386719
693.3843383789062 339.6611328125
708.6587524414062 338.5388488769531
723.7246704101562 337.4043273925781
738.4161987304688 336.308349609375
752.576171875 335.20849609375
766.4742431640625 334.136474609375
780.023193359375 333.13134765625
793.1289672851562 332.0937805175781
805.872802734375 331.1673583984375
661.311279296875 360.40765380859375
677.4880981445312 358.863525390625
693.286865234375 357.4847412109375
708.5761108398438 356.09576416015625
723.5010375976562 354.6686706542969
738.1263427734375 353.3694152832031
752.3095703125 352.0321960449219
766.0814208984375 350.7174987792969
779.5057983398438 349.48614501953125
792.555419921875 348.36468505859375
805.3463134765625 347.1564025878906
661.4075317382812 378.484130859375
677.5050659179688 376.7125244140625
693.2352294921875 375.0871276855469
708.4912109375 373.4309387207031
723.3299560546875 371.7373352050781
737.7327880859375 370.305419921875
751.7659912109375 368.671630859375
765.5942993164062 367.26708984375
778.9639892578125 365.7587585449219
791.9430541992188 364.3592834472656
804.5966186523438 363.03936767578125