1 720 1333
465.1925048828125 198.28817749023438
487.77056884765625 200.36106872558594
510.0811767578125 202.43783569335938
531.6470336914062 204.4212646484375
552.8468017578125 206.40652465820312
573.5027465820312 208.32955932617188
593.6539306640625 210.24855041503906
613.428955078125 212.0128631591797
632.6838989257812 213.81201171875
651.5234375 215.61175537109375
669.9200439453125 217.44451904296875
464.61309814453125 220.53822326660156
487.40814208984375 222.4021453857422
509.4956359863281 224.15248107910156
531.1734619140625 225.79750061035156
552.2721557617188 227.549560546875
572.7864379882812 229.2797393798828
592.9664916992188 230.7939910888672
612.6621704101562 232.4832763671875
631.92724609375 234.04725646972656
650.6914672851562 235.56251525878906
669.1996459960938 237.17738342285156
464.34454345703125 242.65109252929688
486.82708740234375 244.2928009033203
508.9468078613281 245.72227478027344
530.5210571289062 247.26242065429688
551.57568359375 248.62417602539062
572.2369995117188 250.10374450683594
592.3556518554688 251.48214721679688
611.9129638671875 252.7482452392578
631.2808227539062 254.2150115966797
649.9613647460938 255.4656524658203
668.37060546875 256.7386779785156
463.8345642089844 264.76690673828125
486.4835510253906 266.1119079589844
508.4853820800781 267.37969970703125
529.9989013671875 268.5002136230469
550.9786987304688 269.6610107421875
571.5279541015625 270.8117370605469
591.5873413085938 271.9689636230469
611.3087768554688 273.1699523925781
630.4692993164062 274.276123046875
649.2857055664062 275.3487243652344
667.5204467773438 276.432373046875
463.52142333984375 286.7472229003906
486.0736083984375 287.74407958984375
508.0010681152344 288.6745300292969
529.4703979492188 289.6788024902344
550.407470703125 290.5841369628906
570.8180541992188 291.5370788574219
590.87255859375 292.46685791015625
610.5303955078125 293.3713684082031
629.6644897460938 294.2496643066406
648.4678955078125 295.0776672363281
666.677978515625 295.8536682128906
463.2313232421875 308.6197204589844
485.5884094238281 309.4454650878906
507.5342712402344 310.2009582519531
528.8609619140625 310.762939453125
549.7884521484375 311.5197448730469
570.3374633789062 312.2632751464844
590.33056640625 312.7672424316406
609.7943725585938 313.4947814941406
628.966064453125 314.14520263671875
647.6214599609375 314.68524169921875
665.9098510742188 315.39776611328125
462.8301086425781 330.4501647949219
485.2782287597656 330.8658142089844
507.10894775390625 331.4060974121094
528.4379272460938 331.749267578125
549.3488159179688 332.35101318359375
569.61328125 332.6383361816406
589.5961303710938 333.13629150390625
609.2347412109375 333.5247802734375
628.29541015625 333.8628234863281
646.8521118164062 334.39007568359375
665.2069702148438 334.6841125488281
462.5509338378906 352.1197204589844
484.8260498046875 352.34503173828125
506.6278076171875 352.5043029785156
527.9149780273438 352.6446533203125
548.7481689453125 352.8516845703125
569.129150390625 353.13653564453125
588.993896484375 353.33551025390625
608.4686889648438 353.5028076171875
627.5264282226562 353.6230163574219
646.1467895507812 353.7616271972656
664.375732421875 353.9950256347656