1 720 1333
523.6275024414062 230.61203002929688
541.4255981445312 241.3833770751953
558.8392944335938 251.86422729492188
575.9532470703125 262.25750732421875
592.7745971679688 272.4111633300781
609.2976684570312 282.3591003417969
625.4939575195312 292.1307678222656
641.4393310546875 301.6706237792969
657.0740966796875 311.1979675292969
672.3851928710938 320.3832092285156
687.4476318359375 329.445068359375
514.0043334960938 246.4373321533203
531.6536254882812 256.8462829589844
548.9573364257812 267.1471252441406
565.987060546875 277.24267578125
582.6473388671875 287.1048278808594
599.1185302734375 296.7622375488281
615.208251953125 306.3651123046875
631.032958984375 315.66912841796875
646.553466796875 324.8583068847656
661.7739868164062 333.8544616699219
676.765869140625 342.69488525390625
504.6565246582031 261.8034362792969
522.20556640625 272.0770263671875
539.399169921875 282.01849365234375
556.2925415039062 291.8099670410156
572.816650390625 301.4625244140625
589.1473388671875 310.93603515625
605.15283203125 320.2680969238281
620.8161010742188 329.3756103515625
636.3434448242188 338.36669921875
651.4752807617188 347.12554931640625
666.4146118164062 355.6990661621094
495.54248046875 276.88507080078125
512.9212646484375 286.7947692871094
529.9922485351562 296.5506286621094
546.7219848632812 306.1624755859375
563.2467651367188 315.51739501953125
579.42626953125 324.7269287109375
595.3399047851562 333.79620361328125
610.9425659179688 342.687744140625
626.3014526367188 351.46807861328125
641.4022827148438 360.0618591308594
656.2210693359375 368.46368408203125
486.65203857421875 291.56854248046875
503.8848876953125 301.2977294921875
520.825439453125 310.7244567871094
537.490234375 320.1212463378906
553.8209228515625 329.2763671875
569.8787231445312 338.2752380371094
585.6824340820312 347.1112365722656
601.3023071289062 355.73138427734375
616.5156860351562 364.3599853515625
631.5172119140625 372.6395568847656
646.288330078125 380.8371276855469
478.0328063964844 305.9190673828125
495.1954345703125 315.41375732421875
511.9325256347656 324.6139831542969
528.4818725585938 333.7046813964844
544.6847534179688 342.6275329589844
560.6466674804688 351.4541931152344
576.3726196289062 360.0777587890625
591.7869873046875 368.53875732421875
606.9906616210938 376.8099670410156
621.864990234375 384.9906921386719
636.532470703125 392.9659423828125
469.5706787109375 319.88165283203125
486.56634521484375 329.1582946777344
503.28173828125 338.21575927734375
519.6549072265625 347.06134033203125
535.776123046875 355.7256774902344
551.6229248046875 364.3287658691406
567.2708129882812 372.6941833496094
582.5890502929688 380.9360656738281
597.6417236328125 389.1114501953125
612.503173828125 397.02471923828125
627.09326171875 404.8157653808594
461.387451171875 333.5914001464844
478.26702880859375 342.5893249511719
494.7539367675781 351.3918151855469
511.1253967285156 360.0688781738281
527.1331176757812 368.5355224609375
542.83447265625 376.84942626953125
558.3589477539062 385.1081237792969
573.5706176757812 393.1553649902344
588.5586547851562 400.9890441894531
603.346435546875 408.7191467285156
617.7606201171875 416.3681945800781