1 720 1333
571.258056640625 221.78651428222656
581.4530029296875 221.6632080078125
592.4484252929688 221.77005004882812
603.5637817382812 221.7103271484375
615.3353881835938 221.71510314941406
627.481689453125 221.69546508789062
640.21435546875 221.68533325195312
653.3440551757812 221.68905639648438
667.1041870117188 221.68020629882812
681.4417114257812 221.6569061279297
696.4445190429688 221.70584106445312
576.5958862304688 237.3165740966797
587.2072143554688 237.58567810058594
597.8204956054688 237.81387329101562
609.1394653320312 238.27020263671875
620.6753540039062 238.48294067382812
632.7946166992188 238.73147583007812
645.4296264648438 239.1853790283203
658.561279296875 239.5004425048828
672.1762084960938 239.8093719482422
686.4422607421875 240.34603881835938
701.3168334960938 240.63665771484375
582.2578125 252.48291015625
592.465576171875 252.94972229003906
603.3092041015625 253.5530548095703
614.3772583007812 254.1790771484375
625.9518432617188 254.71343994140625
637.992919921875 255.45086669921875
650.5524291992188 256.115966796875
663.5427856445312 256.76129150390625
677.1055908203125 257.53790283203125
691.2901611328125 258.3168029785156
706.0501708984375 259.14501953125
587.4291381835938 267.3056335449219
597.7695922851562 268.126708984375
608.4563598632812 268.8682861328125
619.5797119140625 269.7320861816406
631.126708984375 270.6639099121094
643.0999755859375 271.62457275390625
655.5265502929688 272.6189880371094
668.4803466796875 273.63946533203125
681.9013061523438 274.718017578125
695.972412109375 275.8304443359375
710.60009765625 277.0070495605469
592.6447143554688 281.7074279785156
602.8655395507812 282.7203369140625
613.5425415039062 283.8158874511719
624.5997314453125 285.0552978515625
636.1300048828125 286.2856140136719
647.9871826171875 287.4869384765625
660.4320678710938 288.73663330078125
673.2675170898438 290.14520263671875
686.6139526367188 291.5238037109375
700.5714721679688 292.93280029296875
715.1337280273438 294.47723388671875
597.6882934570312 295.8759460449219
607.9049072265625 297.2496643066406
618.5595703125 298.5612487792969
629.5410766601562 299.9721984863281
640.9824829101562 301.44805908203125
652.81884765625 302.9468688964844
665.2111206054688 304.5064392089844
677.9159545898438 306.1890869140625
691.2388305664062 307.8463134765625
705.0798950195312 309.5828857421875
719.4900512695312 311.4508361816406
602.6647338867188 309.7378845214844
612.8220825195312 311.3207092285156
623.4447021484375 312.82647705078125
634.4085083007812 314.5508728027344
645.7384033203125 316.3197937011719
657.564208984375 318.0410461425781
669.8033447265625 319.88262939453125
682.5101928710938 321.7426452636719
695.7030639648438 323.7863464355469
709.4871826171875 325.78643798828125
723.7260131835938 327.906494140625
607.482666015625 323.3522644042969
617.6337890625 325.13555908203125
628.227294921875 326.8973083496094
639.1290893554688 328.7840270996094
650.4190673828125 330.7261962890625
662.2064208984375 332.7180480957031
674.3726806640625 334.8092041015625
687.0220947265625 337.0205078125
700.1329956054688 339.2684631347656
713.7576904296875 341.5528564453125
727.9093627929688 343.9302062988281