1 720 1333
752.04150390625 234.40362548828125
767.027099609375 242.38070678710938
782.6615600585938 250.69232177734375
799.0316772460938 259.4617004394531
816.1162109375 268.5742492675781
833.9116821289062 278.2511901855469
852.6497802734375 288.26983642578125
872.3357543945312 298.739013671875
892.8630981445312 309.72174072265625
914.5250244140625 321.4505310058594
937.3281860351562 333.65216064453125
736.7990112304688 247.47935485839844
751.6038818359375 255.75994873046875
767.0408935546875 264.5303649902344
783.16943359375 273.6341857910156
800.0107421875 283.2693786621094
817.6240234375 293.276611328125
836.1602783203125 303.71514892578125
855.5287475585938 314.69970703125
875.8128662109375 326.300048828125
897.314697265625 338.47772216796875
919.7567749023438 351.325927734375
721.3954467773438 260.6976013183594
735.9029541015625 269.4522705078125
751.1503295898438 278.52740478515625
767.0345458984375 288.116943359375
783.6405029296875 298.0779113769531
801.0904541015625 308.5207214355469
819.3273315429688 319.50689697265625
838.4434204101562 330.9876708984375
858.521240234375 343.0679931640625
879.6421508789062 355.7887878417969
901.8797607421875 369.2821960449219
705.6093139648438 274.26141357421875
719.9458618164062 283.3166809082031
734.91162109375 292.75128173828125
750.5744018554688 302.7001647949219
766.9666137695312 313.2098388671875
784.1279296875 324.1338806152344
802.1326904296875 335.53631591796875
820.9755859375 347.5421447753906
840.800537109375 360.22540283203125
861.6670532226562 373.5196228027344
883.6312255859375 387.5601806640625
689.6077880859375 287.85125732421875
703.6826782226562 297.3902587890625
718.4472045898438 307.296630859375
733.8299560546875 317.6151123046875
749.9869995117188 328.530517578125
766.85400390625 339.8790283203125
784.6182861328125 351.84869384765625
803.2546997070312 364.4574890136719
822.7612915039062 377.5964660644531
843.3732299804688 391.548095703125
865.0579833984375 406.28228759765625
673.3721313476562 301.8017272949219
687.2346801757812 311.63775634765625
701.6342163085938 321.9762268066406
716.7599487304688 332.7798156738281
732.6602172851562 344.22332763671875
749.3357543945312 356.08154296875
766.734619140625 368.53985595703125
785.1200561523438 381.6091613769531
804.3828125 395.42034912109375
824.634033203125 409.8994445800781
846.0491333007812 425.2882080078125
656.8075561523438 315.90478515625
670.4035034179688 326.24017333984375
684.5892944335938 336.9412536621094
699.4874267578125 348.2756042480469
715.11328125 360.0958251953125
731.43994140625 372.48492431640625
748.6149291992188 385.4914855957031
766.6064453125 399.2073669433594
785.5773315429688 413.5173645019531
805.564208984375 428.6627197265625
826.6248168945312 444.634765625
640.0838012695312 330.2950744628906
653.3790283203125 340.91510009765625
667.2835693359375 352.1885986328125
681.8241577148438 363.84716796875
697.2012329101562 376.28570556640625
713.2631225585938 389.2186279296875
730.1412353515625 402.7030944824219
747.7891845703125 416.9559020996094
766.4672241210938 431.9704284667969
786.150146484375 447.75848388671875
806.8168334960938 464.4894714355469