1 720 1333
765.930908203125 510.79296875
759.7463989257812 517.957763671875
753.39111328125 525.3943481445312
746.6865234375 533.048828125
739.8256225585938 541.0662231445312
732.5940551757812 549.33203125
725.26904296875 557.8680419921875
717.4711303710938 566.8202514648438
709.4198608398438 576.1897583007812
701.0777587890625 585.8516235351562
692.3055419921875 596.0362548828125
753.1417236328125 506.7613830566406
746.7647094726562 513.7254028320312
740.2276611328125 521.0198364257812
733.4185180664062 528.5048828125
726.3135986328125 536.32275390625
719.012451171875 544.3971557617188
711.4022216796875 552.7080078125
703.4532470703125 561.5001220703125
695.2733154296875 570.531005859375
686.6306762695312 580.0572509765625
677.7496948242188 589.9268798828125
740.572021484375 502.7280578613281
734.0784301757812 509.59954833984375
727.3645629882812 516.68408203125
720.4169921875 524.0474243164062
713.1561889648438 531.622802734375
705.6631469726562 539.509765625
697.8253784179688 547.75
689.7925415039062 556.245849609375
681.4207153320312 565.1367797851562
672.6647338867188 574.3749389648438
663.5550537109375 584.0000610351562
728.3104858398438 498.8686828613281
721.5903930664062 505.54443359375
714.7067260742188 512.4813842773438
707.6307983398438 519.6398315429688
700.3062744140625 527.1077270507812
692.5928344726562 534.7567138671875
684.6979370117188 542.7312622070312
676.4859008789062 551.131103515625
667.87646484375 559.6869506835938
659.1112670898438 568.7510986328125
649.7364501953125 578.24560546875
716.2351684570312 495.0157775878906
709.4732055664062 501.5482177734375
702.4366455078125 508.3701477050781
695.2056274414062 515.3651123046875
687.6736450195312 522.5980834960938
679.880859375 530.1682739257812
671.8509521484375 537.9273681640625
663.4795532226562 546.0780029296875
654.7910766601562 554.4978637695312
645.69873046875 563.3544311523438
636.3900146484375 572.5026245117188
704.4586791992188 491.27117919921875
697.527099609375 497.61077880859375
690.3982543945312 504.287353515625
683.0261840820312 511.1460266113281
675.3953247070312 518.2562866210938
667.5010375976562 525.551025390625
659.3067016601562 533.2673950195312
650.77587890625 541.1858520507812
641.9188232421875 549.3961791992188
632.7681274414062 557.9766235351562
623.347412109375 566.918701171875
692.8193359375 487.50885009765625
685.8934326171875 493.7375793457031
678.6295166015625 500.3139953613281
671.196044921875 506.94140625
663.4266967773438 513.8824462890625
655.3504028320312 521.171630859375
647.0858764648438 528.595703125
638.4371948242188 536.3642578125
629.5017700195312 544.4166870117188
620.2703247070312 552.7464599609375
610.57177734375 561.5119018554688
681.6439208984375 483.78094482421875
674.47314453125 489.98333740234375
667.1639404296875 496.36419677734375
659.5128173828125 502.8616943359375
651.6625366210938 509.6796875
643.5447387695312 516.7272338867188
635.1099853515625 524.0990600585938
626.3779907226562 531.6435546875
617.3527221679688 539.5206298828125
607.8994750976562 547.7070922851562
598.2265014648438 556.2938232421875