1 720 1333
809.6615600585938 211.8408966064453
825.0278930664062 222.55111694335938
840.3889770507812 233.3062744140625
855.6793823242188 244.0262908935547
871.11669921875 254.7637939453125
886.4840087890625 265.58782958984375
901.7901611328125 276.3962097167969
917.2603759765625 287.2273864746094
932.5931396484375 298.0020446777344
948.0386352539062 308.810791015625
963.376708984375 319.620361328125
798.56201171875 227.50730895996094
813.7074584960938 238.1367645263672
828.9603881835938 248.72640991210938
844.1822509765625 259.4415588378906
859.4002685546875 270.16607666015625
874.580078125 280.7564392089844
889.77099609375 291.50634765625
905.0503540039062 302.270751953125
920.3214111328125 313.00146484375
935.5255126953125 323.66168212890625
950.716552734375 334.4537048339844
787.6134033203125 242.8323516845703
802.66015625 253.4148406982422
817.7084350585938 263.9096984863281
832.7697143554688 274.53741455078125
847.8175659179688 285.1483459472656
862.9312133789062 295.7515869140625
877.98876953125 306.4062805175781
893.112548828125 317.08612060546875
908.20654296875 327.6441345214844
923.2955932617188 338.3642883300781
938.376708984375 348.94482421875
776.8475952148438 257.96331787109375
791.7361450195312 268.4472351074219
806.6905517578125 278.89398193359375
821.6107177734375 289.42559814453125
836.5426025390625 299.9353942871094
851.4616088867188 310.46514892578125
866.4375 321.0453186035156
881.3373413085938 331.5628662109375
896.3072509765625 342.15118408203125
911.23974609375 352.6333312988281
926.1669311523438 363.2694091796875
766.3441162109375 272.78106689453125
781.1152954101562 283.2615661621094
795.8104248046875 293.574462890625
810.6336669921875 304.0439758300781
825.4365844726562 314.4658203125
840.2415161132812 324.9255676269531
854.9520874023438 335.3770446777344
869.7858276367188 345.81170654296875
884.5636596679688 356.3371276855469
899.378662109375 366.72308349609375
914.2181396484375 377.272705078125
755.9191284179688 287.4432678222656
770.54296875 297.7037658691406
785.2240600585938 308.1166076660156
799.8001708984375 318.4057922363281
814.4960327148438 328.7546691894531
829.126953125 339.14666748046875
843.7371826171875 349.5039978027344
858.415283203125 359.85833740234375
873.0886840820312 370.2849426269531
887.6902465820312 380.6036376953125
902.3963012695312 390.9854736328125
745.6609497070312 301.7337951660156
760.237548828125 312.0364074707031
774.650146484375 322.30279541015625
789.2623901367188 332.5346984863281
803.6892700195312 342.7691345214844
818.2598876953125 353.1020202636719
832.7086181640625 363.3796081542969
847.2627563476562 373.62457275390625
861.721923828125 383.9118957519531
876.281005859375 394.20672607421875
890.7747802734375 404.4911193847656
735.6278686523438 315.9089660644531
750.00439453125 326.117431640625
764.3916015625 336.2735290527344
778.7245483398438 346.4311828613281
793.1582641601562 356.605712890625
807.5314331054688 366.7599182128906
821.851318359375 376.92291259765625
836.2955932617188 387.216064453125
850.6058349609375 397.3591003417969
865.0026245117188 407.52838134765625
879.41015625 417.6659240722656