1 720 1333
432.8614501953125 32.1170539855957
462.84051513671875 36.747779846191406
490.4309997558594 41.2434196472168
515.8966674804688 45.326175689697266
539.518310546875 49.24306106567383
561.4310302734375 52.80720901489258
581.7515869140625 56.274627685546875
600.7804565429688 59.41480255126953
618.619873046875 62.3893928527832
635.25048828125 65.26612854003906
650.7897338867188 67.90670013427734
444.6443786621094 66.6930160522461
474.1246032714844 70.00529479980469
501.2240295410156 73.16181945800781
526.2872924804688 76.07725524902344
549.44287109375 78.73870086669922
570.92724609375 81.40969848632812
590.9701538085938 83.76972198486328
609.6459350585938 86.03942108154297
627.1563110351562 88.12760925292969
643.3944702148438 90.17118072509766
658.71484375 92.09519958496094
456.4818115234375 101.35658264160156
485.4188232421875 103.21723175048828
512.00244140625 105.00834655761719
536.5835571289062 106.65615844726562
559.3893432617188 108.35504150390625
580.439697265625 109.74459075927734
600.1525268554688 111.25323486328125
618.4756469726562 112.50663757324219
635.5874633789062 113.6745376586914
651.6327514648438 114.95039367675781
666.6173706054688 116.17961883544922
468.36956787109375 135.74635314941406
496.7081604003906 136.37013244628906
522.791015625 136.7379913330078
546.919189453125 137.30343627929688
569.3029174804688 137.6541290283203
589.991455078125 138.16455078125
609.3031616210938 138.52914428710938
627.2476806640625 138.83090209960938
644.1687622070312 139.3646697998047
659.6998291015625 139.59169006347656
674.5616455078125 140.15525817871094
480.24139404296875 170.2036590576172
508.0208435058594 169.27220153808594
533.5728149414062 168.40371704101562
557.2877807617188 167.57777404785156
579.1251220703125 166.82537841796875
599.4656372070312 166.35284423828125
618.3399658203125 165.63514709472656
636.0499877929688 165.26806640625
652.495361328125 164.61680603027344
667.92529296875 164.38087463378906
682.3867797851562 163.8799285888672
492.067138671875 204.40646362304688
519.3048706054688 201.95411682128906
544.3797607421875 199.7664337158203
567.4915161132812 197.77066040039062
588.9467163085938 196.03431701660156
608.793701171875 194.36268615722656
627.4170532226562 192.72775268554688
644.6858520507812 191.37298583984375
660.9183349609375 190.06175231933594
676.017578125 188.7376251220703
690.2527465820312 187.64892578125
503.813720703125 238.33273315429688
530.529296875 234.54525756835938
555.0361328125 231.1014404296875
577.69091796875 227.85467529296875
598.6558227539062 224.91656494140625
618.2684326171875 222.2964630126953
636.392578125 219.68707275390625
653.3860473632812 217.43359375
669.2802734375 215.2598114013672
684.0686645507812 213.3036651611328
697.9916381835938 211.42494201660156
515.6279907226562 272.1138610839844
541.6775512695312 266.87152099609375
565.6837768554688 262.2011413574219
587.871337890625 257.7681884765625
608.4541625976562 253.73513793945312
627.55322265625 250.04884338378906
645.3407592773438 246.5791015625
661.9876098632812 243.38221740722656
677.4854736328125 240.4053955078125
692.01611328125 237.62672424316406
705.5751953125 235.0499725341797