1 720 1333
361.90643310546875 28.612953186035156
388.0587463378906 38.18113327026367
413.3236999511719 47.461204528808594
437.8566589355469 56.487361907958984
461.6232604980469 65.2901840209961
484.7046203613281 73.8101577758789
507.11651611328125 82.21089935302734
528.7394409179688 90.31594848632812
549.7779541015625 98.11322021484375
570.3045043945312 105.77033996582031
589.98583984375 113.26188659667969
357.3674011230469 47.10639572143555
383.89959716796875 56.459800720214844
409.65203857421875 65.5583724975586
434.5930480957031 74.43573760986328
458.7488708496094 83.10539245605469
482.24774169921875 91.49127960205078
504.9820556640625 99.63817596435547
527.0230102539062 107.57801055908203
548.3959350585938 115.28529357910156
569.0432739257812 122.74505615234375
589.0804443359375 130.01837158203125
352.6482849121094 66.09901428222656
379.683837890625 75.299072265625
405.88909912109375 84.26229095458984
431.3495788574219 92.92340087890625
455.8655090332031 101.38502502441406
479.6971130371094 109.58919525146484
502.755615234375 117.59649658203125
525.1886596679688 125.37166595458984
546.7911987304688 132.7723846435547
567.71630859375 140.16688537597656
588.1304931640625 147.28646850585938
347.825439453125 85.70520782470703
375.4477233886719 94.68826293945312
402.09423828125 103.47688293457031
427.8780517578125 111.96575164794922
452.9085998535156 120.2757568359375
477.17999267578125 128.3344268798828
500.5952453613281 136.0972900390625
523.3340454101562 143.59979248046875
545.3396606445312 150.87335205078125
566.5083618164062 158.0295867919922
587.2035522460938 164.91824340820312
342.9278869628906 105.93360137939453
371.03948974609375 114.71621704101562
398.1769714355469 123.32405090332031
424.4694519042969 131.59576416015625
449.91058349609375 139.62826538085938
474.51971435546875 147.48129272460938
498.3717956542969 155.07266235351562
521.4039916992188 162.38841247558594
543.63330078125 169.4469451904297
565.2849731445312 176.3812713623047
586.1458129882812 183.0430450439453
337.8623352050781 126.84330749511719
366.4848937988281 135.43702697753906
394.1900939941406 143.71957397460938
420.8880615234375 151.78175354003906
446.79010009765625 159.638916015625
471.80108642578125 167.28439331054688
496.0569763183594 174.5989227294922
519.444580078125 181.67025756835938
542.1035766601562 188.54713439941406
563.8438110351562 195.226318359375
585.1319580078125 201.63198852539062
332.6770324707031 148.46658325195312
361.82476806640625 156.71414184570312
390.0667724609375 164.80908203125
417.3155517578125 172.64076232910156
443.6023254394531 180.2880096435547
469.1231994628906 187.60614013671875
493.6456604003906 194.67578125
517.4332885742188 201.55946350097656
540.3840942382812 208.21224975585938
562.5194091796875 214.58200073242188
583.9677734375 220.7630615234375
327.4510803222656 170.73953247070312
357.162353515625 178.75010681152344
385.8234558105469 186.59112548828125
413.570556640625 194.17691040039062
440.4024658203125 201.48788452148438
466.2702331542969 208.57196044921875
491.2626647949219 215.42137145996094
515.3650512695312 222.024169921875
538.5777587890625 228.37815856933594
561.1246337890625 234.50221252441406
582.7962646484375 240.50376892089844