1 720 1333
511.5751037597656 104.65885162353516
525.5270385742188 101.3875503540039
539.8873901367188 98.0311279296875
554.8294067382812 94.54159545898438
570.3732299804688 90.97908782958984
586.4903564453125 87.31806182861328
603.27001953125 83.45606231689453
620.6182861328125 79.48870849609375
638.7068481445312 75.35994720458984
657.6162719726562 71.13977813720703
677.3158569335938 66.70197296142578
508.2333984375 123.27332305908203
521.9859619140625 120.38346862792969
536.4358520507812 117.32892608642578
551.3349609375 114.24050903320312
566.8211059570312 110.92436981201172
582.8756103515625 107.59487915039062
599.6815185546875 104.15091705322266
617.0963134765625 100.53213500976562
635.224609375 96.768798828125
654.1283569335938 92.96720886230469
673.7674560546875 88.97367095947266
504.6153869628906 142.13192749023438
518.508544921875 139.45594787597656
532.7677001953125 136.7751922607422
547.7426147460938 133.95022583007812
563.2431640625 131.13461303710938
579.3765258789062 128.12791442871094
596.1194458007812 124.9952392578125
613.5103149414062 121.7509765625
631.6069946289062 118.43861389160156
650.5496826171875 115.04106903076172
670.28173828125 111.52092742919922
501.14697265625 161.0481719970703
514.8157348632812 158.75732421875
529.3372802734375 156.38858032226562
544.1400756835938 153.95753479003906
559.6551513671875 151.3792266845703
575.6460571289062 148.78933715820312
592.4761352539062 146.0911407470703
609.822509765625 143.29869079589844
627.9768676757812 140.34532165527344
646.9039916992188 137.3824005126953
666.662353515625 134.26748657226562
497.5307922363281 180.1645965576172
511.342529296875 178.21017456054688
525.625732421875 176.18492126464844
540.5333251953125 174.0802764892578
555.9861450195312 171.8878631591797
572.0851440429688 169.6170196533203
588.7408447265625 167.3571319580078
606.2418823242188 164.8604736328125
624.3629150390625 162.4220733642578
643.3148193359375 159.8198699951172
663.091064453125 157.27932739257812
493.8726806640625 199.42572021484375
507.6435852050781 197.72625732421875
522.008056640625 196.14968872070312
536.8385009765625 194.39950561523438
552.3231811523438 192.54193115234375
568.3544921875 190.71524047851562
585.1353759765625 188.71389770507812
602.478515625 186.79043579101562
620.6422119140625 184.65635681152344
639.5745239257812 182.61471557617188
659.442626953125 180.4776611328125
490.3310546875 218.73948669433594
504.0001220703125 217.52699279785156
518.3567504882812 216.24658203125
533.1832275390625 214.7772979736328
548.5989379882812 213.45494079589844
564.6233520507812 211.91567993164062
581.3783569335938 210.50230407714844
598.7838134765625 208.84156799316406
616.9398193359375 207.32855224609375
635.9476318359375 205.59521484375
655.717041015625 203.88600158691406
486.578369140625 238.41949462890625
500.3878173828125 237.44557189941406
514.5682373046875 236.4781036376953
529.4403686523438 235.50181579589844
544.8110961914062 234.4749755859375
560.8853759765625 233.44821166992188
577.6240844726562 232.3993682861328
595.0811157226562 231.29803466796875
613.2986450195312 230.12477111816406
632.275634765625 228.88246154785156
652.1958618164062 227.65383911132812