1 720 1333
669.6288452148438 448.4690246582031
686.5594482421875 447.7083740234375
703.2145385742188 447.197265625
719.5209350585938 446.4630126953125
735.5643310546875 445.73638916015625
751.3842163085938 445.19073486328125
766.8187255859375 444.4728698730469
782.1534423828125 443.7262878417969
797.0662231445312 443.16558837890625
811.7636108398438 442.4910583496094
826.2252807617188 441.76702880859375
672.3806762695312 465.0483093261719
689.5022583007812 464.2787170410156
706.3311157226562 463.4559631347656
722.7980346679688 462.57757568359375
739.133544921875 461.7105407714844
755.0257568359375 460.9277648925781
770.6890869140625 460.291259765625
786.13330078125 459.3968811035156
801.2809448242188 458.5154724121094
816.0939331054688 457.67047119140625
830.6626586914062 456.9947204589844
675.2303466796875 482.1189270019531
692.4960327148438 481.1029968261719
709.51953125 480.1784362792969
726.27099609375 479.1500244140625
742.6317138671875 478.2461853027344
758.7803955078125 477.28887939453125
774.618408203125 476.3116455078125
790.2430419921875 475.3233337402344
805.5004272460938 474.37237548828125
820.5061645507812 473.44830322265625
835.2938232421875 472.48980712890625
678.09521484375 499.548583984375
695.578369140625 498.4227600097656
712.80419921875 497.32647705078125
729.71826171875 496.193359375
746.4112548828125 494.97113037109375
762.6392211914062 493.81829833984375
778.6778564453125 492.7424621582031
794.4533081054688 491.5978088378906
809.858154296875 490.5148010253906
825.0804443359375 489.4945068359375
839.8999633789062 488.42584228515625
681.0147705078125 517.5241088867188
698.7848510742188 516.2897338867188
716.2429809570312 514.8246459960938
733.37548828125 513.5458374023438
750.2057495117188 512.3136596679688
766.638671875 510.97491455078125
782.8180541992188 509.6651916503906
798.73681640625 508.4477233886719
814.415283203125 507.20709228515625
829.6705932617188 505.90533447265625
844.7129516601562 504.703125
684.1348876953125 536.076904296875
702.1009521484375 534.5224609375
719.7169799804688 532.9955444335938
737.0739135742188 531.526611328125
754.1343994140625 530.0899047851562
770.7070922851562 528.5629272460938
787.15625 527.16015625
803.2573852539062 525.6263427734375
819.0136108398438 524.3128051757812
834.494140625 522.8207397460938
849.6672973632812 521.509521484375
687.3152465820312 555.0883178710938
705.4957275390625 553.3799438476562
723.362060546875 551.6136474609375
740.8533935546875 549.9454345703125
758.129150390625 548.345947265625
774.9374389648438 546.609375
791.50830078125 545.06982421875
807.739013671875 543.4423217773438
823.7136840820312 541.8031616210938
839.4136352539062 540.306396484375
854.7280883789062 538.695556640625
690.5327758789062 574.62548828125
708.9926147460938 572.67041015625
727.1110229492188 570.766845703125
744.7865600585938 568.9157104492188
762.2631225585938 567.1383666992188
779.33154296875 565.29541015625
796.015380859375 563.4534912109375
812.4696655273438 561.6428833007812
828.5718383789062 559.840087890625
844.42822265625 558.1797485351562
859.8771362304688 556.470703125