1 720 1333
517.6484985351562 232.19012451171875
530.50048828125 238.908935546875
543.496826171875 245.69322204589844
556.700927734375 252.6359405517578
570.2406616210938 259.6658935546875
583.9322509765625 266.85064697265625
597.7969970703125 274.15478515625
612.08251953125 281.5807800292969
626.47607421875 289.1803283691406
641.2760620117188 296.8371276855469
656.2158203125 304.6557312011719
513.9442749023438 247.53382873535156
526.5372924804688 254.29835510253906
539.432861328125 261.2191162109375
552.4745483398438 268.1647033691406
565.7665405273438 275.31158447265625
579.301513671875 282.48834228515625
593.06494140625 289.8090515136719
606.9807739257812 297.3465576171875
621.2642822265625 304.9230651855469
635.7227783203125 312.62677001953125
650.5166015625 320.5548400878906
510.3031311035156 262.55853271484375
522.7102661132812 269.4205017089844
535.3958129882812 276.3157958984375
548.34326171875 283.3984069824219
561.4387817382812 290.4955139160156
574.72802734375 297.7250061035156
588.3302001953125 305.2017822265625
602.1339111328125 312.6803283691406
616.1173095703125 320.3816223144531
630.4216918945312 328.1889343261719
644.9579467773438 336.09063720703125
506.662109375 277.36785888671875
518.9506225585938 284.2004089355469
531.5234985351562 291.2255554199219
544.2421264648438 298.2713317871094
557.2019653320312 305.4642028808594
570.331787109375 312.7404479980469
583.64501953125 320.2243347167969
597.3111572265625 327.7725830078125
611.1224975585938 335.4860534667969
625.2310791015625 343.3620910644531
639.5087280273438 351.2774658203125
503.22088623046875 291.75030517578125
515.3956298828125 298.6839294433594
527.6697998046875 305.6510314941406
540.2931518554688 312.7970886230469
553.0038452148438 320.0806579589844
565.9384765625 327.44110107421875
579.1988525390625 334.92388916015625
592.5639038085938 342.5317687988281
606.23388671875 350.33477783203125
620.1263427734375 358.1476135253906
634.2803344726562 366.138671875
499.7212829589844 305.9239196777344
511.7115173339844 312.8674621582031
523.8993530273438 319.9398193359375
536.360107421875 327.15240478515625
548.9129028320312 334.4258728027344
561.7024536132812 341.7410888671875
574.6978759765625 349.3102111816406
587.9773559570312 356.984130859375
601.445068359375 364.6993408203125
615.2001342773438 372.6322326660156
629.1131591796875 380.6058654785156
496.3948669433594 319.8186340332031
508.2945251464844 326.77142333984375
520.3427124023438 333.87298583984375
532.5086059570312 341.1042175292969
544.987060546875 348.43072509765625
557.5757446289062 355.8067626953125
570.4713134765625 363.4177551269531
583.4933471679688 371.0285949707031
596.78466796875 378.8711853027344
610.3461303710938 386.73992919921875
624.1114501953125 394.7807312011719
493.12127685546875 333.4399108886719
504.76715087890625 340.481689453125
516.6672973632812 347.53509521484375
528.786376953125 354.77520751953125
541.095458984375 362.1746520996094
553.595458984375 369.59423828125
566.2687377929688 377.18096923828125
579.2415771484375 384.86614990234375
592.3214111328125 392.6524353027344
605.6399536132812 400.6005554199219
619.2386474609375 408.6131591796875