1 720 1333
657.1704711914062 283.11358642578125
672.8067626953125 282.8440246582031
688.5874633789062 282.72662353515625
704.4981079101562 282.62298583984375
720.4326782226562 282.52423095703125
736.4114379882812 282.4684143066406
752.396240234375 282.39111328125
768.4463500976562 282.2983703613281
784.4894409179688 282.1454772949219
800.5889892578125 281.9566955566406
816.7720947265625 281.79266357421875
656.4869384765625 297.427001953125
672.3770751953125 297.3565368652344
688.3323974609375 297.2677307128906
704.3179931640625 297.1454772949219
720.3837890625 297.0126647949219
736.43798828125 296.8927307128906
752.5137329101562 296.7546081542969
768.7063598632812 296.6553649902344
785.004150390625 296.58526611328125
801.29833984375 296.53204345703125
817.5809936523438 296.4620361328125
655.7741088867188 311.9798278808594
671.7750854492188 311.8739929199219
687.8395385742188 311.765625
704.0761108398438 311.7019958496094
720.3069458007812 311.6591491699219
736.4706420898438 311.6091003417969
752.6964111328125 311.56256103515625
769.1384887695312 311.50433349609375
785.4891967773438 311.42572021484375
801.814453125 311.4021301269531
818.39306640625 311.3401794433594
655.2212524414062 326.8224792480469
671.363037109375 326.75244140625
687.5252075195312 326.70599365234375
703.7322998046875 326.6640319824219
720.2205810546875 326.630615234375
736.5122680664062 326.5960693359375
752.9476928710938 326.5927429199219
769.4605102539062 326.5074157714844
785.9086303710938 326.4814758300781
802.5098876953125 326.46478271484375
819.1787109375 326.4383544921875
654.4903564453125 341.9945373535156
670.7286376953125 341.9632873535156
687.198974609375 341.9132080078125
703.5513916015625 341.88543701171875
720.0830688476562 341.8992614746094
736.5523071289062 341.8658142089844
753.1898803710938 341.8290100097656
769.7291259765625 341.80596923828125
786.4486694335938 341.7345275878906
803.1968383789062 341.7153625488281
819.8414916992188 341.7083435058594
653.755126953125 357.4585266113281
670.307861328125 357.4595642089844
686.681640625 357.4681396484375
703.3466796875 357.48931884765625
719.892578125 357.48956298828125
736.570556640625 357.48406982421875
753.3779907226562 357.50677490234375
770.1634521484375 357.4880676269531
786.9176635742188 357.47625732421875
803.72265625 357.4796447753906
820.642822265625 357.4767761230469
653.1807861328125 373.1373596191406
669.6627197265625 373.1626892089844
686.3723754882812 373.2181701660156
703.0883178710938 373.26507568359375
719.7503662109375 373.33428955078125
736.5993041992188 373.3603210449219
753.5213623046875 373.37298583984375
770.4566650390625 373.392578125
787.4324951171875 373.42901611328125
804.4353637695312 373.4420471191406
821.4862670898438 373.4563293457031
652.4578857421875 389.0276794433594
669.1716918945312 389.13690185546875
685.86669921875 389.236083984375
702.7254028320312 389.331298828125
719.6603393554688 389.39666748046875
736.6111450195312 389.4282531738281
753.6612548828125 389.48822021484375
770.7116088867188 389.5286865234375
787.81884765625 389.5637512207031
805.0823974609375 389.6033020019531
822.3246459960938 389.6328430175781