1 720 1333
628.9895629882812 389.88568115234375
649.7932739257812 390.11383056640625
670.59619140625 390.2150573730469
691.3307495117188 390.3083190917969
711.7601928710938 390.35028076171875
732.2015991210938 390.3582458496094
752.4209594726562 390.37908935546875
772.4349975585938 390.4198913574219
792.3386840820312 390.43896484375
811.9878540039062 390.43798828125
831.5103759765625 390.45709228515625
628.6922607421875 409.5074157714844
649.46142578125 409.5326843261719
670.044921875 409.54180908203125
690.4910888671875 409.558837890625
710.751220703125 409.5527038574219
730.9802856445312 409.5414123535156
751.046630859375 409.5054626464844
770.8394775390625 409.5133361816406
790.5560302734375 409.48956298828125
810.1557006835938 409.4490661621094
829.4979248046875 409.39788818359375
628.544921875 428.6078796386719
649.0748901367188 428.61279296875
669.434326171875 428.5770568847656
689.6240234375 428.5248107910156
709.7655639648438 428.5050354003906
729.7493286132812 428.4473571777344
749.630615234375 428.3890686035156
769.3867797851562 428.3478698730469
788.88037109375 428.26287841796875
808.2955322265625 428.10858154296875
827.4761962890625 427.8623352050781
628.36865234375 447.5130920410156
648.625244140625 447.4485778808594
668.7319946289062 447.3926696777344
688.8758544921875 447.3091735839844
708.8037719726562 447.16668701171875
728.6210327148438 447.0156555175781
748.3712158203125 446.8011779785156
767.814208984375 446.641357421875
787.2942504882812 446.5317687988281
806.4733276367188 446.399169921875
825.4662475585938 446.2623596191406
628.21142578125 465.843017578125
648.3091430664062 465.7148132324219
668.3129272460938 465.6184997558594
688.1727294921875 465.5348815917969
707.8753051757812 465.41064453125
727.5118408203125 465.2591857910156
747.0838623046875 464.94677734375
766.41162109375 464.7328186035156
785.5858154296875 464.5621337890625
804.5978393554688 464.37322998046875
823.5151977539062 464.14239501953125
627.93505859375 484.0364990234375
647.8504028320312 483.7722473144531
667.6434936523438 483.6208190917969
687.4071655273438 483.5147399902344
706.9913330078125 483.3372497558594
726.42724609375 483.0603332519531
745.662353515625 482.7543640136719
764.9016723632812 482.5099792480469
783.9458618164062 482.341064453125
802.8186645507812 481.92462158203125
821.5789794921875 481.5986022949219
627.7376708984375 501.6881408691406
647.5139770507812 501.55609130859375
667.194091796875 501.3988342285156
686.6023559570312 501.1427307128906
706.0926513671875 500.8106994628906
725.3362426757812 500.5213623046875
744.4794311523438 500.3119201660156
763.486083984375 499.902099609375
782.3890991210938 499.5696105957031
801.1350708007812 499.3127746582031
819.6624755859375 498.844970703125
627.5812377929688 519.2564697265625
647.2473754882812 518.9310302734375
666.5563354492188 518.64306640625
685.8881225585938 518.4146728515625
705.205810546875 518.13916015625
724.3047485351562 517.6406860351562
743.2468872070312 517.4050903320312
762.1012573242188 516.9561767578125
780.73046875 516.5859375
799.3799438476562 516.2863159179688
817.7438354492188 515.6963500976562