1 720 1333
438.4672546386719 155.5823516845703
462.6782531738281 161.5135955810547
486.6459045410156 167.38478088378906
510.33795166015625 173.19532775878906
533.6248779296875 178.83242797851562
556.6008911132812 184.5019073486328
579.3543701171875 190.0823516845703
601.6786499023438 195.55999755859375
623.7777709960938 200.95260620117188
645.545166015625 206.3943634033203
667.0816650390625 211.69052124023438
432.6541442871094 176.24740600585938
457.3067626953125 182.08810424804688
481.5379333496094 187.80960083007812
505.4581298828125 193.5268096923828
529.0743408203125 199.211669921875
552.3229370117188 204.6820068359375
575.2739868164062 210.21240234375
597.9056396484375 215.54869079589844
620.3255615234375 220.87109375
642.3360595703125 226.25067138671875
664.0745239257812 231.48094177246094
426.777587890625 197.33450317382812
451.6905822753906 203.1046600341797
476.3113708496094 208.71701049804688
500.47265625 214.38369750976562
524.385009765625 219.85964965820312
547.8629150390625 225.35484313964844
571.1974487304688 230.66673278808594
594.0606079101562 236.02423095703125
616.6463623046875 241.26388549804688
638.9978637695312 246.4923553466797
660.9970092773438 251.59877014160156
420.80908203125 218.8714141845703
446.0667419433594 224.55357360839844
470.8673095703125 230.1532745361328
495.4330749511719 235.62376403808594
519.60302734375 241.09580993652344
543.4166870117188 246.45449829101562
566.9176025390625 251.6904296875
590.1671752929688 256.88262939453125
613.0661010742188 262.10101318359375
635.5993041992188 267.2178955078125
657.8244018554688 272.30133056640625
414.69488525390625 240.90591430664062
440.3009338378906 246.51991271972656
465.4715576171875 251.9970245361328
490.2940673828125 257.43768310546875
514.7017822265625 262.7110595703125
538.8157348632812 268.0255432128906
562.6137084960938 273.24102783203125
586.1380004882812 278.3261413574219
609.3045654296875 283.3641357421875
632.173095703125 288.38946533203125
654.65234375 293.373779296875
408.52935791015625 263.5275573730469
434.38946533203125 268.99652099609375
459.8700256347656 274.39447021484375
485.03302001953125 279.6756896972656
509.7566223144531 284.9292297363281
534.2109375 290.1187438964844
558.2992553710938 295.2195129394531
582.0321044921875 300.2286071777344
605.4815673828125 305.1767578125
628.5934448242188 310.0743103027344
651.4580078125 314.912841796875
402.2023010253906 286.6109313964844
428.42449951171875 291.9658508300781
454.23114013671875 297.2947082519531
479.6546936035156 302.4917297363281
504.71209716796875 307.5847473144531
529.4761962890625 312.6654968261719
553.809814453125 317.62445068359375
577.8770141601562 322.59332275390625
601.5983276367188 327.4480895996094
625.0431518554688 332.273193359375
648.1058349609375 336.9740905761719
395.7056579589844 310.2630310058594
422.2842102050781 315.5079345703125
448.474609375 320.6332702636719
474.2525329589844 325.743896484375
499.61944580078125 330.7746276855469
524.618896484375 335.70526123046875
549.3665771484375 340.64324951171875
573.6393432617188 345.4651794433594
597.6502685546875 350.24102783203125
621.3651733398438 354.8684997558594
644.6630249023438 359.5296630859375