1 720 1333
321.5493469238281 80.57836151123047
340.7345275878906 86.7587890625
359.9744873046875 92.942626953125
379.1180419921875 99.18506622314453
398.2138366699219 105.36985778808594
417.1856994628906 111.50384521484375
436.11968994140625 117.6590576171875
454.8918151855469 123.80719757080078
473.65570068359375 129.97425842285156
492.36065673828125 136.13687133789062
510.889892578125 142.24789428710938
318.4739990234375 100.36331939697266
337.5956115722656 106.42973327636719
356.5863342285156 112.5257568359375
375.6034851074219 118.6024169921875
394.53240966796875 124.66943359375
413.4168395996094 130.75631713867188
432.2116394042969 136.8199005126953
450.865478515625 142.882080078125
469.4798889160156 148.9557342529297
488.0581970214844 154.94485473632812
506.4588317871094 160.96456909179688
315.5435791015625 119.74823760986328
334.4647216796875 125.74079895019531
353.39532470703125 131.7373046875
372.2094421386719 137.72421264648438
390.94573974609375 143.74545288085938
409.6571960449219 149.7188262939453
428.34185791015625 155.70606994628906
446.86102294921875 161.66221618652344
465.380615234375 167.6233367919922
483.721435546875 173.5416717529297
502.0301208496094 179.44406127929688
312.5860595703125 138.9171905517578
331.426025390625 144.81016540527344
350.2018737792969 150.7260284423828
368.8049621582031 156.62237548828125
387.48529052734375 162.56358337402344
406.05084228515625 168.467529296875
424.53662109375 174.36297607421875
442.9263916015625 180.2179412841797
461.3345642089844 186.0408172607422
479.5606689453125 191.8050994873047
497.6974182128906 197.60586547851562
309.75091552734375 157.72911071777344
328.4103088378906 163.58291625976562
347.00390625 169.40476989746094
365.53033447265625 175.2672576904297
384.0863342285156 181.06614685058594
402.5037841796875 186.81922912597656
420.83343505859375 192.61326599121094
439.1608581542969 198.39169311523438
457.32366943359375 204.1542510986328
475.467041015625 209.82835388183594
493.44757080078125 215.51300048828125
306.971435546875 176.3417510986328
325.48016357421875 182.08351135253906
343.95440673828125 187.76368713378906
362.3668518066406 193.5242156982422
380.69549560546875 199.28480529785156
398.985595703125 204.93466186523438
417.28106689453125 210.6569366455078
435.3840026855469 216.3527374267578
453.4450988769531 221.9498291015625
471.40020751953125 227.55670166015625
489.2830810546875 233.18649291992188
304.32073974609375 194.54164123535156
322.59783935546875 200.2474365234375
340.94146728515625 205.85000610351562
359.2563781738281 211.52178955078125
377.4637145996094 217.18971252441406
395.6150817871094 222.78236389160156
413.6669616699219 228.3802947998047
431.7083435058594 233.9476776123047
449.59814453125 239.4893798828125
467.4615783691406 245.04129028320312
485.2044372558594 250.51705932617188
301.6325988769531 212.55149841308594
319.8180236816406 218.12718200683594
338.0455017089844 223.6439208984375
356.17034912109375 229.28762817382812
374.279052734375 234.76535034179688
392.2907409667969 240.32833862304688
410.2908935546875 245.80172729492188
428.1141357421875 251.32379150390625
445.9085388183594 256.72723388671875
463.56890869140625 262.2085876464844
481.2136535644531 267.5804748535156