1 720 1333
539.3663940429688 122.00093841552734
554.922607421875 137.20895385742188
570.1455688476562 151.86378479003906
584.7327270507812 166.18161010742188
599.0531005859375 180.0377197265625
612.810302734375 193.43202209472656
626.302001953125 206.52369689941406
639.3863525390625 219.24290466308594
652.1071166992188 231.54678344726562
664.4223022460938 243.56289672851562
676.4053955078125 255.3056182861328
526.8935546875 137.44747924804688
542.7745361328125 152.47909545898438
558.2611083984375 167.07432556152344
573.2355346679688 181.2171173095703
587.6853637695312 194.86007690429688
601.7308959960938 208.2145233154297
615.455810546875 221.1511688232422
628.7322387695312 233.64724731445312
641.6802368164062 245.8707733154297
654.3056030273438 257.7669982910156
666.4778442382812 269.3932189941406
514.3310546875 153.1561279296875
530.5283203125 167.96531677246094
546.279296875 182.43235778808594
561.47314453125 196.40777587890625
576.3118896484375 209.97174072265625
590.5801391601562 223.12745666503906
604.5205078125 235.88987731933594
618.0816040039062 248.36634826660156
631.2855224609375 260.436279296875
644.0169677734375 272.2292785644531
656.4756469726562 283.59490966796875
501.5667724609375 169.00454711914062
518.1129760742188 183.7174530029297
534.1348266601562 197.98806762695312
549.6046142578125 211.80667114257812
564.6334838867188 225.2883758544922
579.2725219726562 238.2995147705078
593.4484252929688 250.90277099609375
607.2479248046875 263.2404479980469
620.62548828125 275.1883239746094
633.6331787109375 286.7399597167969
646.3379516601562 298.1236267089844
488.6413879394531 185.15802001953125
505.51416015625 199.6636962890625
521.7674560546875 213.7612762451172
537.5859985351562 227.50347900390625
552.9244995117188 240.72779846191406
567.7633666992188 253.60592651367188
582.2693481445312 266.1623229980469
596.3059692382812 278.30902099609375
609.9122314453125 290.10400390625
623.2032470703125 301.5500793457031
636.0487060546875 312.6678161621094
475.5886535644531 201.4737548828125
492.74432373046875 215.8648223876953
509.40789794921875 229.8232879638672
525.4782104492188 243.3922882080078
541.1146850585938 256.4845275878906
556.2354736328125 269.20758056640625
570.87109375 281.53802490234375
585.228515625 293.5284423828125
599.0885009765625 305.246337890625
612.5343627929688 316.5114440917969
625.6295776367188 327.5367431640625
462.42626953125 218.10743713378906
479.853759765625 232.33116149902344
496.766357421875 246.10079956054688
513.2437744140625 259.4689636230469
529.11279296875 272.4164733886719
544.4996948242188 284.92840576171875
559.46142578125 297.1632080078125
573.9591064453125 308.97637939453125
588.143310546875 320.4930725097656
601.7980346679688 331.625732421875
615.1797485351562 342.5154113769531
449.072265625 234.8417510986328
466.8352966308594 248.9242706298828
484.1486511230469 262.5423278808594
500.7832946777344 275.704345703125
516.9733276367188 288.540771484375
532.6297607421875 300.8740539550781
547.8632202148438 312.9195861816406
562.6221313476562 324.5897216796875
577.0513916015625 335.95526123046875
590.9400634765625 346.9173583984375
604.4910278320312 357.6334228515625