1 720 1333
482.0510559082031 93.09236145019531
495.7491149902344 109.44405364990234
509.36834716796875 125.44464874267578
522.6282348632812 141.2310028076172
535.6862182617188 156.6164093017578
548.5423583984375 171.77874755859375
561.1874389648438 186.67457580566406
573.5218505859375 201.33949279785156
585.6185302734375 215.7069091796875
597.5986938476562 229.7432861328125
609.3743286132812 243.62567138671875
470.90814208984375 104.92343139648438
484.60601806640625 120.8320083618164
498.0323181152344 136.57235717773438
511.2397155761719 151.91102600097656
524.2117919921875 167.095458984375
536.8219604492188 181.88720703125
549.424072265625 196.48265075683594
561.6307373046875 210.79747009277344
573.6700439453125 224.84359741210938
585.5462036132812 238.65086364746094
597.2671508789062 252.28048706054688
460.2929992675781 116.4220199584961
473.7058410644531 132.05625915527344
487.09283447265625 147.35540771484375
500.15142822265625 162.415283203125
512.91748046875 177.2327423095703
525.5850219726562 191.6896514892578
537.9730834960938 206.01092529296875
550.2149658203125 220.00894165039062
562.1310424804688 233.76971435546875
573.8612060546875 247.35914611816406
585.47021484375 260.6126403808594
449.8016052246094 127.62892150878906
463.29949951171875 142.78118896484375
476.442138671875 157.8214111328125
489.4006652832031 172.53004455566406
502.1766662597656 187.02020263671875
514.588134765625 201.2939910888672
526.9075927734375 215.24417114257812
538.9791259765625 228.96156311035156
550.827880859375 242.47132873535156
562.5418701171875 255.6907501220703
574.0824584960938 268.71954345703125
439.80035400390625 138.3666534423828
453.09307861328125 153.327392578125
466.19293212890625 167.90374755859375
478.9493408203125 182.38429260253906
491.56695556640625 196.56289672851562
504.0328369140625 210.47792053222656
516.2196655273438 224.2161865234375
528.2296142578125 237.62464904785156
539.933349609375 250.8870086669922
551.565185546875 263.8444519042969
562.9862060546875 276.64373779296875
430.1107482910156 148.82997131347656
443.2616271972656 163.40887451171875
456.160400390625 177.7776336669922
468.8723449707031 191.89747619628906
481.42303466796875 205.7279510498047
493.6588134765625 219.4833221435547
505.77874755859375 232.84701538085938
517.66650390625 246.14016723632812
529.428466796875 259.0708312988281
540.8846435546875 271.7729187011719
552.2947998046875 284.3640441894531
420.6683349609375 158.95574951171875
433.6466979980469 173.3203582763672
446.4969177246094 187.3525390625
459.1527099609375 201.16744995117188
471.513916015625 214.7738494873047
483.7054443359375 228.178955078125
495.6870422363281 241.34442138671875
507.5473327636719 254.2917938232422
519.1856079101562 266.98675537109375
530.58544921875 279.48175048828125
541.8058471679688 291.7500915527344
411.5234680175781 168.80450439453125
424.4744567871094 182.79737854003906
437.15789794921875 196.57501220703125
449.6142883300781 210.2265167236328
461.89898681640625 223.47865295410156
474.08209228515625 236.61241149902344
485.9456787109375 249.48670959472656
497.6590270996094 262.24334716796875
509.2615966796875 274.63336181640625
520.5843505859375 286.8975830078125
531.7347412109375 298.9951477050781