1 720 1333
639.2432861328125 225.41563415527344
662.3256225585938 222.54188537597656
685.1558837890625 219.73593139648438
707.6438598632812 217.06396484375
729.9998168945312 214.4009552001953
752.0128784179688 211.69720458984375
773.7286987304688 209.21243286132812
795.322509765625 206.6005096435547
816.4871215820312 204.1685791015625
837.3953247070312 201.6475067138672
858.0950927734375 199.28749084472656
642.0430908203125 248.8125762939453
664.8619384765625 245.89804077148438
687.5151977539062 243.0697479248047
709.8267211914062 240.2490997314453
731.97607421875 237.4207305908203
753.6991577148438 234.67434692382812
775.3472900390625 232.0257110595703
796.5302124023438 229.3829803466797
817.5717163085938 226.71389770507812
838.347412109375 224.22897338867188
858.6915283203125 221.62353515625
644.7533569335938 271.87127685546875
667.4822387695312 268.8251647949219
689.7783203125 265.8328552246094
711.9786987304688 262.907958984375
733.8333740234375 260.0977478027344
755.4847412109375 257.26971435546875
776.7592163085938 254.42018127441406
797.81689453125 251.65567016601562
818.6165161132812 248.94674682617188
839.204833984375 246.32901000976562
859.431640625 243.62185668945312
647.5677490234375 294.5610656738281
669.9674072265625 291.4346923828125
692.2185668945312 288.342041015625
714.1177978515625 285.3238830566406
735.72314453125 282.35333251953125
757.180419921875 279.4075622558594
778.3472900390625 276.4903869628906
799.1635131835938 273.6095886230469
819.6790161132812 270.7646789550781
840.0152587890625 268.06878662109375
860.13623046875 265.3209533691406
650.2976684570312 316.74493408203125
672.4848022460938 313.53765869140625
694.4385986328125 310.4037170410156
716.1910400390625 307.2848815917969
737.5685424804688 304.2060546875
758.744140625 301.1873779296875
779.6539916992188 298.1691589355469
800.3922729492188 295.21490478515625
820.7114868164062 292.2760009765625
840.8240356445312 289.39483642578125
860.6634521484375 286.52740478515625
652.93017578125 338.6033935546875
674.8667602539062 335.3441162109375
696.6442260742188 332.0589599609375
718.1611938476562 328.79876708984375
739.4210205078125 325.6206359863281
760.3793334960938 322.5080871582031
781.1446533203125 319.4145812988281
801.5390014648438 316.36370849609375
821.7039794921875 313.365966796875
841.628173828125 310.36785888671875
861.3713989257812 307.40142822265625
655.5368041992188 360.04266357421875
677.3416137695312 356.6202392578125
698.7722778320312 353.3329772949219
720.157958984375 349.9800109863281
741.1734008789062 346.7013244628906
761.838134765625 343.4851989746094
782.4428100585938 340.3064880371094
802.6328735351562 337.14666748046875
822.5991821289062 334.0331115722656
842.4251098632812 330.8772888183594
861.7843017578125 327.83868408203125
658.1647338867188 381.0282897949219
679.6378173828125 377.5832214355469
700.9432373046875 374.21234130859375
722.0471801757812 370.73126220703125
742.7786865234375 367.42095947265625
763.4199829101562 364.09283447265625
783.6536254882812 360.72625732421875
803.66845703125 357.5074462890625
823.5518798828125 354.3163757324219
843.1052856445312 351.122314453125
862.4091796875 347.9603576660156