1 720 1333
574.3355712890625 112.7472152709961
586.7200317382812 126.99722290039062
599.239501953125 141.21360778808594
611.57080078125 155.2942352294922
623.8687744140625 169.3845977783203
636.265625 183.33349609375
648.4833984375 197.29010009765625
660.6735229492188 211.14212036132812
672.7860107421875 224.92227172851562
684.9970703125 238.63644409179688
697.0967407226562 252.37503051757812
568.1710205078125 124.23748779296875
580.3648681640625 138.108642578125
592.4946899414062 151.82411193847656
604.5748901367188 165.67918395996094
616.6339111328125 179.37884521484375
628.6449584960938 192.99752807617188
640.6466674804688 206.5747833251953
652.5643920898438 220.16578674316406
664.4684448242188 233.62200927734375
676.3882446289062 247.0358428955078
688.1841430664062 260.40142822265625
562.304443359375 135.0807342529297
574.2311401367188 148.61619567871094
586.1014404296875 162.1600341796875
597.8883056640625 175.53598022460938
609.6771240234375 188.9522247314453
621.457275390625 202.2570037841797
633.2001342773438 215.53082275390625
644.8021850585938 228.7373046875
656.4736938476562 241.9158477783203
668.1128540039062 255.04591369628906
679.6113891601562 268.1321105957031
556.6851806640625 145.56092834472656
568.3248901367188 158.76068115234375
579.9464111328125 171.87506103515625
591.51123046875 185.10365295410156
603.0758056640625 198.14288330078125
614.5208740234375 211.14422607421875
625.9976806640625 224.1090545654297
637.4266357421875 237.0304718017578
648.7298583984375 249.853759765625
660.2088012695312 262.69189453125
671.486328125 275.44378662109375
551.3216552734375 155.4992218017578
562.6935424804688 168.40435791015625
574.0802612304688 181.31105041503906
585.4429321289062 194.13418579101562
596.6521606445312 206.88491821289062
607.8961181640625 219.57066345214844
619.181884765625 232.32723999023438
630.3388061523438 244.89390563964844
641.443603515625 257.52679443359375
652.5860595703125 270.01593017578125
663.6580810546875 282.5128173828125
546.2395629882812 165.0867156982422
557.302490234375 177.70855712890625
568.4716186523438 190.25848388671875
579.5184326171875 202.8080291748047
590.57080078125 215.31759643554688
601.5719604492188 227.7208709716797
612.5748291015625 240.14915466308594
623.518798828125 252.48968505859375
634.442626953125 264.7816467285156
645.3690795898438 277.0930480957031
656.2498168945312 289.2991638183594
541.3004760742188 174.24656677246094
552.2360229492188 186.49952697753906
563.0517578125 198.88682556152344
573.8919677734375 211.1530303955078
584.6905517578125 223.39991760253906
595.5286865234375 235.52647399902344
606.3458251953125 247.65074157714844
617.021484375 259.6940002441406
627.6807250976562 271.7936706542969
638.4236450195312 283.750244140625
649.1016845703125 295.7113952636719
536.529052734375 182.99757385253906
547.2169799804688 195.17861938476562
557.8729248046875 207.133544921875
568.5025024414062 219.2050018310547
579.172607421875 231.08485412597656
589.7008666992188 243.0379638671875
600.3114624023438 254.84046936035156
610.7731323242188 266.67047119140625
621.35546875 278.4831237792969
631.7600708007812 290.24151611328125
642.3040161132812 301.88128662109375