1 720 1333
378.4143981933594 88.6600341796875
396.4798583984375 87.9468765258789
414.60589599609375 87.34906005859375
433.1444091796875 86.61416625976562
451.59539794921875 86.04601287841797
470.4335632324219 85.44336700439453
489.35797119140625 84.75387573242188
508.43157958984375 84.26118469238281
527.62353515625 83.56544494628906
547.1890258789062 83.06497192382812
566.6756591796875 82.45549011230469
377.3940124511719 107.63581085205078
395.373046875 107.14247131347656
413.6029968261719 106.46979522705078
432.0578308105469 105.83477783203125
450.6355285644531 105.3758316040039
469.4305419921875 104.74434661865234
488.4405822753906 104.34331512451172
507.5051574707031 103.6756591796875
526.7654418945312 103.26886749267578
546.3269653320312 102.68780517578125
565.879150390625 102.32892608642578
376.2814025878906 126.6895751953125
394.37030029296875 126.26038360595703
412.537353515625 125.67984008789062
431.1460876464844 125.23402404785156
449.6595153808594 124.70597839355469
468.51739501953125 124.36157989501953
487.48773193359375 123.74735260009766
506.5869445800781 123.41122436523438
525.882080078125 122.86373138427734
545.4666748046875 122.51134490966797
565.15185546875 122.14483642578125
375.2689208984375 145.76902770996094
393.2958679199219 145.46495056152344
411.57025146484375 145.00108337402344
430.0827331542969 144.59207153320312
448.6884765625 144.30377197265625
467.54949951171875 143.7664337158203
486.5777282714844 143.46742248535156
505.7053527832031 143.1123504638672
525.1542358398438 142.64590454101562
544.5814819335938 142.4105682373047
564.3485717773438 142.0512237548828
374.1612548828125 165.1051788330078
392.3406066894531 164.6324005126953
410.5218811035156 164.45108032226562
429.1492919921875 164.1010284423828
447.731201171875 163.71160888671875
466.6001892089844 163.48731994628906
485.6256103515625 163.2183380126953
504.8216247558594 162.80992126464844
524.2742309570312 162.53675842285156
543.7259521484375 162.35215759277344
563.4876098632812 162.080322265625
373.1707763671875 184.40399169921875
391.31683349609375 184.17483520507812
409.59185791015625 183.790771484375
428.14208984375 183.62294006347656
446.8388671875 183.42965698242188
465.646728515625 183.24623107910156
484.7428894042969 182.93502807617188
503.9794006347656 182.67076110839844
523.4321899414062 182.5035858154297
542.873291015625 182.3773956298828
562.6542358398438 182.1833953857422
372.1284484863281 203.6532440185547
390.3122863769531 203.5189666748047
408.6046447753906 203.4039764404297
427.2707214355469 203.2684783935547
445.92816162109375 203.13034057617188
464.8131103515625 202.91139221191406
483.8517150878906 202.73968505859375
503.22479248046875 202.6133270263672
522.5086059570312 202.52418518066406
542.1990356445312 202.4220733642578
561.8388061523438 202.3544921875
371.10986328125 223.13734436035156
389.361328125 223.0333251953125
407.6451416015625 222.92758178710938
426.34893798828125 222.8367919921875
445.0345458984375 222.78317260742188
463.91741943359375 222.71263122558594
483.0720520019531 222.6444091796875
502.3562316894531 222.60377502441406
521.6884765625 222.57289123535156
541.37548828125 222.5619354248047
561.1846313476562 222.5142364501953