1 720 1333
402.38555908203125 87.27384948730469
414.35882568359375 87.71690368652344
426.87176513671875 88.38197326660156
439.8966064453125 88.9128646850586
453.5957336425781 89.61058807373047
467.7679748535156 90.36489868164062
482.694091796875 91.0536880493164
498.30596923828125 91.75946044921875
514.48974609375 92.62308502197266
531.5234375 93.56705474853516
549.42578125 94.48137664794922
403.87945556640625 110.03311157226562
415.85150146484375 110.99164581298828
428.3450622558594 112.0436782836914
441.3138427734375 113.15220642089844
454.66363525390625 114.294677734375
468.75543212890625 115.48704528808594
483.52777099609375 116.70699310302734
498.8101806640625 118.10726928710938
514.78515625 119.48091888427734
531.6566162109375 120.89785766601562
549.3102416992188 122.49976348876953
405.48956298828125 132.36257934570312
417.35113525390625 133.70712280273438
429.6215515136719 135.22775268554688
442.4925842285156 136.71263122558594
455.7908630371094 138.3797607421875
469.6994323730469 140.08314514160156
484.33856201171875 141.77615356445312
499.4474182128906 143.6641082763672
515.2882690429688 145.58872985839844
531.7699584960938 147.61302185058594
549.2069702148438 149.7383575439453
407.0926513671875 154.20130920410156
418.73345947265625 155.9577178955078
431.02667236328125 157.85350036621094
443.6584167480469 159.8277130126953
456.8885192871094 161.90879821777344
470.63592529296875 164.07872009277344
485.0823974609375 166.3380126953125
499.99609375 168.62969970703125
515.5746459960938 171.12478637695312
531.9131469726562 173.61705017089844
549.072509765625 176.3538818359375
408.5709228515625 175.53172302246094
420.3227233886719 177.71485900878906
432.3684387207031 180.03855895996094
444.8829040527344 182.43605041503906
457.99078369140625 184.88180541992188
471.5721740722656 187.49551391601562
485.70965576171875 190.20074462890625
500.540283203125 192.99667358398438
515.9091186523438 195.87890625
532.1703491210938 198.98683166503906
548.9215698242188 202.19717407226562
410.2218322753906 196.52662658691406
421.634033203125 199.0887908935547
433.62188720703125 201.70960998535156
446.13836669921875 204.51449584960938
459.0771789550781 207.40884399414062
472.4927978515625 210.397216796875
486.5300598144531 213.51678466796875
501.1792907714844 216.75425720214844
516.3623046875 220.17520141601562
532.3131103515625 223.65164184570312
548.8280029296875 227.37698364257812
411.61663818359375 216.998779296875
423.1291809082031 219.9215850830078
434.9397277832031 222.9102783203125
447.3060302734375 226.10397338867188
460.1446838378906 229.36920166015625
473.452880859375 232.69686889648438
487.3275146484375 236.28575134277344
501.68804931640625 239.91448974609375
516.7015380859375 243.74264526367188
532.5122680664062 247.7127227783203
548.8154907226562 251.8478240966797
413.2084045410156 237.12188720703125
424.42022705078125 240.31028747558594
436.2868957519531 243.63893127441406
448.40960693359375 247.19696044921875
461.203125 250.75668334960938
474.3526916503906 254.55020141601562
488.1260681152344 258.5085144042969
502.355712890625 262.5372314453125
517.3102416992188 266.7781066894531
532.6543579101562 271.1797180175781
548.9346313476562 275.75823974609375