1 720 1333
533.0625610351562 257.39410400390625
555.5901489257812 260.2489929199219
578.0144653320312 263.0632629394531
600.3572387695312 265.8638610839844
622.4970703125 268.6898193359375
644.5064086914062 271.5569152832031
666.3972778320312 274.38311767578125
688.079345703125 277.2336120605469
709.5673828125 279.9901123046875
730.8666381835938 282.77130126953125
751.9526977539062 285.581787109375
530.9434204101562 279.67535400390625
553.4030151367188 282.4810791015625
575.6044921875 285.25274658203125
597.7830200195312 287.9302673339844
619.8422241210938 290.662109375
641.7164916992188 293.4251708984375
663.4899291992188 296.17999267578125
685.1153564453125 298.8043518066406
706.4846801757812 301.5404968261719
727.6366577148438 304.29248046875
748.6593017578125 306.87762451171875
528.9360961914062 301.7196960449219
551.2626342773438 304.4549865722656
573.366943359375 307.14459228515625
595.4019775390625 309.7292175292969
617.3057861328125 312.4275207519531
639.082763671875 315.0577087402344
660.65478515625 317.6173095703125
682.18310546875 320.314697265625
703.4336547851562 322.83563232421875
724.5122680664062 325.45062255859375
745.4058837890625 328.0323181152344
526.9406127929688 323.5552673339844
549.1104736328125 326.20367431640625
571.1234741210938 328.700439453125
592.9686889648438 331.3371887207031
614.7316284179688 333.8417053222656
636.4031372070312 336.4395446777344
657.863037109375 338.91619873046875
679.2625122070312 341.48114013671875
700.4117431640625 343.955810546875
721.37060546875 346.4642333984375
742.1781616210938 348.82952880859375
525.035400390625 345.11224365234375
547.0123901367188 347.5767822265625
568.8038940429688 350.1175537109375
590.583740234375 352.5942077636719
612.2932739257812 355.0940856933594
633.7238159179688 357.5149230957031
655.1654052734375 359.9397888183594
676.390380859375 362.40435791015625
697.413818359375 364.7271423339844
718.2863159179688 367.17791748046875
738.85107421875 369.4705810546875
523.1776733398438 366.3531494140625
544.9197998046875 368.7164611816406
566.6470336914062 371.25030517578125
588.3497924804688 373.58441162109375
609.7877197265625 376.0035400390625
631.2194213867188 378.3890686035156
652.4345092773438 380.67242431640625
673.507080078125 383.0452880859375
694.4597778320312 385.3658142089844
715.1859130859375 387.5726013183594
735.6969604492188 389.7931823730469
521.3218383789062 387.31707763671875
543.030029296875 389.60052490234375
564.549072265625 391.9695129394531
586.0737915039062 394.3604736328125
607.4329223632812 396.5877380371094
628.6392822265625 398.84942626953125
649.7243041992188 401.1985168457031
670.7017822265625 403.40838623046875
691.498779296875 405.5655822753906
712.1409912109375 407.7096862792969
732.5156860351562 409.81427001953125
519.4921264648438 407.89324951171875
541.0902709960938 410.2821044921875
562.4993286132812 412.5006103515625
583.8040161132812 414.70703125
605.1243286132812 416.9642639160156
626.2316284179688 419.2283935546875
647.1658935546875 421.3648376464844
667.948974609375 423.4444274902344
688.5922241210938 425.5174865722656
709.113525390625 427.56793212890625
729.3905029296875 429.5934143066406