1 720 1333
567.8111572265625 397.42242431640625
576.796142578125 402.34320068359375
586.2401123046875 407.4271545410156
595.7862548828125 412.6317443847656
605.8478393554688 418.1502380371094
616.2667846679688 423.7376403808594
627.0552978515625 429.61248779296875
638.2337646484375 435.6785583496094
649.7504272460938 441.9955749511719
661.8176879882812 448.5001525878906
674.38525390625 455.3214111328125
566.130859375 412.0199279785156
575.0520629882812 417.2059020996094
584.2894287109375 422.480712890625
593.8206176757812 427.9519348144531
603.7266235351562 433.64874267578125
614.0888671875 439.5434265136719
624.6630249023438 445.5992736816406
635.7330322265625 451.9479675292969
647.240234375 458.5013732910156
659.2005004882812 465.33905029296875
671.5475463867188 472.36639404296875
564.403564453125 426.5035705566406
573.2416381835938 431.80230712890625
582.3890380859375 437.3576354980469
591.7700805664062 443.076904296875
601.6715087890625 448.9878845214844
611.8084716796875 455.1489562988281
622.4321899414062 461.4414367675781
633.3792724609375 468.01812744140625
644.6715698242188 474.7892150878906
656.498291015625 481.82159423828125
668.748046875 489.19580078125
562.6224365234375 440.7437744140625
571.3964233398438 446.3422546386719
580.4677124023438 452.08001708984375
589.8294677734375 457.9962158203125
599.5761108398438 464.13421630859375
609.65185546875 470.47296142578125
620.1583862304688 477.0632629394531
630.9496459960938 483.8040771484375
642.210205078125 490.86395263671875
653.8523559570312 498.2073974609375
666.0040283203125 505.7180480957031
560.8872680664062 454.8570251464844
569.5997314453125 460.6331787109375
578.5966796875 466.5682067871094
587.8739624023438 472.70391845703125
597.567626953125 479.0860900878906
607.5386352539062 485.5933837890625
617.8887329101562 492.4284973144531
628.5772705078125 499.4505920410156
639.7135620117188 506.71038818359375
651.32470703125 514.3019409179688
663.316650390625 522.1087036132812
559.2579956054688 468.853271484375
567.7913818359375 474.7828369140625
576.6893310546875 480.8775939941406
585.9664306640625 487.28369140625
595.5347900390625 493.7757263183594
605.452392578125 500.572509765625
615.6444091796875 507.5721435546875
626.319580078125 514.8307495117188
637.3173217773438 522.3698120117188
648.6912841796875 530.12109375
660.5780639648438 538.194580078125
557.5053100585938 482.64886474609375
566.0733032226562 488.7478332519531
574.8658447265625 495.1203308105469
584.0700073242188 501.5871887207031
593.5513305664062 508.40704345703125
603.355712890625 515.360107421875
613.5178833007812 522.5469970703125
624.0068359375 530.0152587890625
634.9030151367188 537.7225341796875
646.28076171875 545.7225341796875
657.9681396484375 554.021240234375
555.7293090820312 496.2919006347656
564.3245239257812 502.59075927734375
573.0718994140625 509.110107421875
582.2001342773438 515.80078125
591.5540161132812 522.72900390625
601.322021484375 529.9010620117188
611.3720092773438 537.3455810546875
621.77001953125 545.0090942382812
632.5716552734375 552.8980102539062
643.7957763671875 561.1636962890625
655.454833984375 569.6137084960938