1 720 1333
520.5947265625 241.36669921875
537.9924926757812 251.69015502929688
554.936767578125 261.8363952636719
571.50634765625 271.7252502441406
587.5927734375 281.42291259765625
603.383544921875 290.75653076171875
618.7298583984375 299.9557189941406
633.7518920898438 308.9028625488281
648.4624633789062 317.6865539550781
662.7118530273438 326.2332763671875
676.6817626953125 334.5375061035156
510.52618408203125 255.60243225097656
527.7804565429688 265.6598205566406
544.63916015625 275.49847412109375
561.1053466796875 285.1475830078125
577.1688842773438 294.461181640625
592.8017578125 303.55535888671875
608.1425170898438 312.48419189453125
623.0833740234375 321.23834228515625
637.6498413085938 329.67529296875
651.9305419921875 337.9670104980469
665.8230590820312 346.0784606933594
500.7466735839844 269.506103515625
517.91015625 279.3236389160156
534.6498413085938 288.76055908203125
550.9825439453125 298.1364440917969
566.9202270507812 307.222900390625
582.5308837890625 316.05987548828125
597.7471313476562 324.6541748046875
612.6207275390625 333.1712951660156
627.2266845703125 341.4419250488281
641.4022216796875 349.45330810546875
655.2821044921875 357.3476257324219
491.3077087402344 283.0833740234375
508.3442077636719 292.53973388671875
524.947998046875 301.7237854003906
541.2401123046875 310.76715087890625
557.0531005859375 319.5853271484375
572.5017700195312 328.2385559082031
587.6630859375 336.587890625
602.4970092773438 344.7944641113281
616.959228515625 352.8091735839844
631.1598510742188 360.64556884765625
644.8963012695312 368.31658935546875
482.0740051269531 296.2466125488281
498.97528076171875 305.4260559082031
515.5050659179688 314.3994140625
531.6138305664062 323.1424560546875
547.432861328125 331.6915283203125
562.7634887695312 340.0233154296875
577.8491821289062 348.238037109375
592.5648803710938 356.20208740234375
607.0233154296875 364.0032653808594
621.1369018554688 371.5452575683594
634.8185424804688 378.9605407714844
473.114501953125 309.0741882324219
489.89697265625 317.9830322265625
506.3590393066406 326.6510009765625
522.3540649414062 335.2214050292969
538.0162353515625 343.4881591796875
553.3562622070312 351.5799255371094
568.330078125 359.5121765136719
582.9312133789062 367.2983703613281
597.3326416015625 374.8194274902344
611.3369750976562 382.2732238769531
625.0458374023438 389.4278869628906
464.4051208496094 321.54388427734375
481.083984375 330.24530029296875
497.4159851074219 338.6419372558594
513.3480834960938 346.8994445800781
528.879150390625 354.9654846191406
544.1365356445312 362.8025207519531
559.0335693359375 370.5353698730469
573.5556030273438 378.049560546875
587.798095703125 385.4445495605469
601.7567138671875 392.5703430175781
615.44677734375 399.5755310058594
455.90777587890625 333.6715087890625
472.4828186035156 342.19427490234375
488.6566162109375 350.3489990234375
504.5076599121094 358.3663330078125
519.9898681640625 366.2131652832031
535.1806640625 373.7711181640625
549.9251098632812 381.2953186035156
564.4542846679688 388.5731201171875
578.5958862304688 395.6547546386719
592.5032958984375 402.6318664550781
606.0962524414062 409.4570007324219