1 720 1333
555.3255004882812 344.673828125
580.5460815429688 347.14678955078125
604.8314819335938 349.3758544921875
628.25 351.4971008300781
650.6453857421875 353.5570068359375
672.271728515625 355.5499572753906
692.9637451171875 357.478515625
712.8908081054688 359.3346252441406
732.1328125 361.0899658203125
750.5023803710938 362.6207580566406
768.22998046875 364.3230895996094
548.6419067382812 366.83856201171875
573.56494140625 368.7189636230469
597.5382080078125 370.56585693359375
620.5997314453125 372.37139892578125
642.7979125976562 373.9499816894531
664.2127685546875 375.5505065917969
684.7052001953125 377.0644836425781
704.53173828125 378.4651184082031
723.5966186523438 379.8018493652344
741.86865234375 381.1877746582031
759.5015258789062 382.4180603027344
542.2708740234375 388.32403564453125
566.8082885742188 389.63226318359375
590.5016479492188 391.0849304199219
613.3422241210938 392.4195861816406
635.3017578125 393.61773681640625
656.4228515625 394.8218078613281
676.770263671875 395.9275207519531
696.4280395507812 397.11004638671875
715.3685302734375 398.224609375
733.5151977539062 399.0771484375
751.0835571289062 399.92462158203125
536.1669311523438 408.7546691894531
560.4207153320312 409.7403259277344
583.7196655273438 410.7774963378906
606.3219604492188 411.7038879394531
627.9962158203125 412.6440124511719
648.8870849609375 413.53045654296875
669.1111450195312 414.35333251953125
688.5764770507812 415.0836486816406
707.3585205078125 415.7167663574219
725.41064453125 416.4520568847656
742.7633666992188 417.0271911621094
530.2794799804688 428.558837890625
554.229248046875 429.3097229003906
577.2838134765625 429.8002624511719
599.509765625 430.4678039550781
620.9776611328125 431.0348205566406
641.6421508789062 431.5464172363281
661.644287109375 432.0561828613281
680.9569702148438 432.4621276855469
699.5667114257812 432.8851623535156
717.5068969726562 433.2945251464844
734.7899169921875 433.53741455078125
524.6001586914062 447.6059265136719
548.2696533203125 447.9617004394531
570.9431762695312 448.31915283203125
592.9546508789062 448.51544189453125
614.2160034179688 448.7200012207031
634.673828125 448.94287109375
654.4841918945312 449.2087097167969
673.565185546875 449.3941650390625
692.0564575195312 449.4896240234375
709.7799072265625 449.53045654296875
726.9942626953125 449.5648193359375
519.21630859375 466.0633544921875
542.4887084960938 466.02581787109375
564.9553833007812 466.0001220703125
586.6611328125 465.9142761230469
607.6484985351562 465.8045654296875
627.899169921875 465.707275390625
647.507568359375 465.6374206542969
666.4315795898438 465.5753479003906
684.6957397460938 465.4949645996094
702.368896484375 465.35430908203125
719.45166015625 465.1256408691406
513.9008178710938 483.65985107421875
536.9371948242188 483.4827575683594
559.2061157226562 483.1556701660156
580.5846557617188 482.77056884765625
601.3709106445312 482.4709167480469
621.37646484375 482.18743896484375
640.7630004882812 481.61346435546875
659.4649047851562 481.3999938964844
677.5932006835938 480.88421630859375
695.1469116210938 480.484130859375
712.0161743164062 480.1729431152344