1 720 1333
564.8189086914062 154.2064971923828
587.8281860351562 150.25350952148438
610.6264038085938 146.3400115966797
633.3016967773438 142.4748992919922
655.6802978515625 138.6906280517578
677.927978515625 135.01316833496094
699.9495239257812 131.34751892089844
721.7779541015625 127.70555114746094
743.4559326171875 124.18697357177734
764.8330688476562 120.702392578125
786.072021484375 117.30635070800781
569.559814453125 176.66336059570312
592.546875 172.60015869140625
615.3985595703125 168.5835723876953
637.9782104492188 164.65328979492188
660.4653930664062 160.7546844482422
682.6644287109375 156.9767608642578
704.7587890625 153.25767517089844
726.5892944335938 149.52183532714844
748.2777709960938 145.79713439941406
769.6277465820312 142.2972412109375
790.824462890625 138.7312469482422
574.2947387695312 199.27635192871094
597.3585205078125 195.0547637939453
620.1102294921875 190.92420959472656
642.7601318359375 186.85687255859375
665.265869140625 182.89842224121094
687.5109252929688 178.9937286376953
709.5759887695312 175.1736297607422
731.466552734375 171.35289001464844
753.100341796875 167.5586700439453
774.5066528320312 163.84539794921875
795.6309814453125 160.2823028564453
579.073486328125 221.84017944335938
602.0296020507812 217.55673217773438
624.8612670898438 213.36537170410156
647.5509033203125 209.24647521972656
670.08447265625 205.1471405029297
692.356689453125 201.11685180664062
714.4544677734375 197.1636199951172
736.2929077148438 193.24415588378906
757.9280395507812 189.37826538085938
779.3323364257812 185.57957458496094
800.5328369140625 181.79896545410156
583.71728515625 244.53175354003906
606.7791748046875 240.1929931640625
629.6382446289062 235.80943298339844
652.384033203125 231.55276489257812
674.8366088867188 227.4197540283203
697.233154296875 223.28028869628906
719.2865600585938 219.2251739501953
741.1845092773438 215.20010375976562
762.746337890625 211.2419891357422
784.219970703125 207.34158325195312
805.367431640625 203.5192108154297
588.5372924804688 267.35113525390625
611.5570068359375 262.80047607421875
634.4989624023438 258.43035888671875
657.2261962890625 254.06509399414062
679.7000122070312 249.72950744628906
702.0078125 245.53622436523438
724.1736450195312 241.35667419433594
745.9802856445312 237.23423767089844
767.6356811523438 233.17926025390625
789.0369262695312 229.1824951171875
810.24169921875 225.22390747070312
593.3663330078125 290.1783447265625
616.4304809570312 285.55670166015625
639.3418579101562 281.0534362792969
662.0701293945312 276.5644226074219
684.587158203125 272.20074462890625
706.8468627929688 267.8313293457031
728.9885864257812 263.5440979003906
750.8323364257812 259.3603210449219
772.4994506835938 255.1588592529297
793.8570556640625 251.06396484375
815.03369140625 246.98081970214844
598.2085571289062 313.0965270996094
621.279541015625 308.4010009765625
644.1896362304688 303.7503662109375
666.92236328125 299.2384948730469
689.44677734375 294.65325927734375
711.726318359375 290.2590637207031
733.8049926757812 285.8276672363281
755.6743774414062 281.5014953613281
777.3551025390625 277.2512512207031
798.6624145507812 272.9910888671875
819.8218994140625 268.78961181640625