1 720 1333
608.9929809570312 227.5705108642578
622.3826904296875 228.20591735839844
636.0999145507812 228.646728515625
650.2924194335938 229.4002685546875
664.7630615234375 230.00302124023438
679.7677612304688 230.629150390625
695.3370971679688 231.43434143066406
711.2901611328125 232.1714630126953
727.6172485351562 232.8531494140625
744.612060546875 233.66876220703125
762.1502685546875 234.5437469482422
611.0023803710938 244.16847229003906
624.2550048828125 244.86526489257812
637.818603515625 245.69895935058594
651.8435668945312 246.5707244873047
666.3875122070312 247.50027465820312
681.2915649414062 248.46768188476562
696.552001953125 249.42965698242188
712.4219970703125 250.46441650390625
728.5737915039062 251.4934539794922
745.4450073242188 252.5451202392578
762.639404296875 253.63912963867188
612.8922729492188 260.43829345703125
626.0651245117188 261.4432373046875
639.5735473632812 262.47650146484375
653.5001831054688 263.5601806640625
667.805419921875 264.6290588378906
682.5650024414062 265.826904296875
697.7742919921875 267.13470458984375
713.4346313476562 268.39349365234375
729.5322875976562 269.6384582519531
746.2288818359375 271.0521240234375
763.34033203125 272.45794677734375
614.7280883789062 276.395263671875
627.8048095703125 277.580322265625
641.2979736328125 278.8406066894531
655.1585693359375 280.2528076171875
669.3076782226562 281.5347900390625
683.9346923828125 282.9419860839844
698.9514770507812 284.4516296386719
714.5067749023438 285.9029235839844
730.4480590820312 287.5113220214844
746.8822021484375 289.1853332519531
763.759521484375 290.7283020019531
616.6343994140625 292.102783203125
629.558837890625 293.50799560546875
642.86376953125 294.9970397949219
656.583251953125 296.52099609375
670.6982421875 298.163330078125
685.2651977539062 299.72601318359375
700.1946411132812 301.4437255859375
715.4921264648438 303.22344970703125
731.3302612304688 304.96368408203125
747.5745849609375 306.80938720703125
764.4379272460938 308.71038818359375
618.4338989257812 307.4725646972656
631.333984375 309.1719665527344
644.5166015625 310.7919921875
658.1784057617188 312.55035400390625
672.1384887695312 314.37139892578125
686.4921875 316.23040771484375
701.3050537109375 318.12939453125
716.5199584960938 320.10174560546875
732.18701171875 322.1423034667969
748.3401489257812 324.2289733886719
764.851318359375 326.36407470703125
620.267578125 322.6269836425781
632.908203125 324.4609375
646.1507568359375 326.3808288574219
659.5487670898438 328.3052673339844
673.485107421875 330.32159423828125
687.6871948242188 332.357421875
702.4535522460938 334.4539489746094
717.5123901367188 336.6312561035156
733.0159912109375 338.8536376953125
748.9178466796875 341.2062683105469
765.4165649414062 343.5349426269531
621.9027709960938 337.514892578125
634.5938720703125 339.5389404296875
647.5975341796875 341.594970703125
661.03662109375 343.71820068359375
674.7273559570312 345.89154052734375
688.9309692382812 348.1829833984375
703.4965209960938 350.455810546875
718.4803466796875 352.8008117675781
733.7512817382812 355.298583984375
749.632080078125 357.7326354980469
765.7820434570312 360.32318115234375