1 720 1333
167.3692626953125 119.75167083740234
204.03396606445312 111.76631164550781
239.1490936279297 104.2352066040039
272.624267578125 97.02208709716797
304.8070983886719 90.1243667602539
335.6244201660156 83.5523910522461
365.2880859375 77.360595703125
393.60357666015625 71.42972564697266
420.9017639160156 65.77418518066406
447.1097717285156 60.45805740356445
472.2698059082031 55.396636962890625
184.1999053955078 153.2213592529297
219.620849609375 144.6054229736328
253.56527709960938 136.44606018066406
286.1335144042969 128.58132934570312
317.3941955566406 121.24642181396484
347.32537841796875 114.13578796386719
376.11224365234375 107.40660858154297
403.73486328125 100.9728775024414
430.35650634765625 94.82621765136719
455.8686218261719 89.07801055908203
480.4375915527344 83.53148651123047
200.33436584472656 185.12966918945312
234.6124725341797 175.9964599609375
267.5262451171875 167.35169982910156
299.14227294921875 159.0172576904297
329.45849609375 151.14308166503906
358.5804443359375 143.58602905273438
386.6222839355469 136.39715576171875
413.5945129394531 129.5312957763672
439.53387451171875 122.97293090820312
464.44805908203125 116.6913833618164
488.39678955078125 110.70394897460938
215.78567504882812 215.71583557128906
249.09097290039062 206.1701202392578
280.96356201171875 197.0386962890625
311.6417236328125 188.303466796875
341.2202453613281 179.90048217773438
369.51177978515625 171.9674072265625
396.84454345703125 164.3657989501953
423.1493225097656 157.0750274658203
448.4444885253906 150.15455627441406
472.703369140625 143.4609832763672
496.1418151855469 137.08270263671875
230.6951141357422 245.08746337890625
262.9693908691406 235.12442016601562
293.9033508300781 225.51255798339844
323.76507568359375 216.4241943359375
352.52581787109375 207.64389038085938
380.20477294921875 199.32069396972656
406.7354736328125 191.3459014892578
432.37957763671875 183.60592651367188
457.0612487792969 176.31101989746094
480.69293212890625 169.2926788330078
503.5555419921875 162.48834228515625
245.16944885253906 273.25762939453125
276.3984375 262.81512451171875
306.5203552246094 252.92001342773438
335.5412292480469 243.4549560546875
363.505859375 234.38963317871094
390.419677734375 225.6316375732422
416.37713623046875 217.3055419921875
441.3404235839844 209.27955627441406
465.373779296875 201.5502471923828
488.49127197265625 194.17977905273438
510.7288818359375 187.0970916748047
258.9049377441406 300.2225341796875
289.3949890136719 289.5124816894531
318.63665771484375 279.324462890625
346.8886413574219 269.47052001953125
374.1474304199219 260.0207214355469
400.3722839355469 250.98626708984375
425.5896301269531 242.3392333984375
449.8860168457031 233.954833984375
473.3592834472656 225.92665100097656
495.9139709472656 218.2221221923828
517.6477661132812 210.7359161376953
272.372802734375 326.149169921875
301.8367004394531 315.20440673828125
330.413818359375 304.6071472167969
357.8565673828125 294.5132141113281
384.4300537109375 284.7531433105469
409.896240234375 275.4493408203125
434.53253173828125 266.4471130371094
458.2317810058594 257.75164794921875
481.11358642578125 249.43423461914062
503.1114501953125 241.3997802734375
524.3731689453125 233.63241577148438