1 720 1333
533.067626953125 432.3444519042969
540.2230224609375 439.2735900878906
547.6317138671875 446.4416809082031
555.3970336914062 453.9204406738281
563.4515991210938 461.6868896484375
571.8019409179688 469.79681396484375
580.5626220703125 478.2899475097656
589.6681518554688 487.07391357421875
599.2520141601562 496.2120666503906
609.2109375 505.7301940917969
619.58740234375 515.6967163085938
522.2069702148438 444.7846984863281
529.1446533203125 451.98828125
536.3969116210938 459.498046875
543.8942260742188 467.2845153808594
551.753662109375 475.3855285644531
559.962158203125 483.741943359375
568.5114135742188 492.53289794921875
577.415771484375 501.63946533203125
586.6392822265625 511.201171875
596.4228515625 521.1303100585938
606.5718994140625 531.5233764648438
511.171142578125 457.4266052246094
517.9030151367188 464.8336486816406
525.0086669921875 472.6144104003906
532.3834228515625 480.68896484375
539.9995727539062 489.1494445800781
548.010009765625 497.81695556640625
556.3558349609375 506.90606689453125
564.9854125976562 516.43603515625
574.0333862304688 526.3290405273438
583.5087280273438 536.6385498046875
593.456298828125 547.4638671875
500.04290771484375 470.1351318359375
506.6094055175781 477.8260498046875
513.530029296875 485.8669128417969
520.6402587890625 494.2857666015625
528.1637573242188 502.9734802246094
535.843994140625 512.0347290039062
543.9708862304688 521.4893798828125
552.4325561523438 531.3417358398438
561.2667846679688 541.5707397460938
570.489501953125 552.3477783203125
580.2020874023438 563.5659790039062
488.7453918457031 482.8603515625
495.2686462402344 490.8766174316406
501.8882141113281 499.26214599609375
508.8387451171875 507.8945617675781
516.1448974609375 516.9278564453125
523.6395874023438 526.36376953125
531.5322265625 536.1656494140625
539.7261352539062 546.3701171875
548.353515625 556.9908447265625
557.3792114257812 568.2118530273438
566.7402954101562 579.8125610351562
477.5087585449219 495.7507629394531
483.6649169921875 504.0862121582031
490.2545166015625 512.6822509765625
496.92413330078125 521.6614990234375
504.0097961425781 531.08642578125
511.3544006347656 540.7679443359375
518.9779052734375 550.9534912109375
526.9461669921875 561.5201416015625
535.3328247070312 572.58447265625
544.0722045898438 584.2061157226562
553.262939453125 596.3032836914062
466.0506591796875 508.7298278808594
472.1256408691406 517.3648071289062
478.39373779296875 526.3129272460938
484.9195556640625 535.6077270507812
491.712890625 545.3121948242188
498.8614501953125 555.4220581054688
506.355224609375 565.8754272460938
514.1203002929688 576.8623657226562
522.1988525390625 588.3519897460938
530.6603393554688 600.3705444335938
539.56787109375 612.8499145507812
454.49322509765625 521.8256225585938
460.3636779785156 530.6837768554688
466.46014404296875 539.9993286132812
472.7569885253906 549.60791015625
479.4399108886719 559.6312866210938
486.3629455566406 570.1167602539062
493.5396423339844 581.0133666992188
501.1162109375 592.3939819335938
508.9449157714844 604.2667846679688
517.2482299804688 616.6489868164062
525.8204956054688 629.6380615234375