1 720 1333
502.2604675292969 133.07614135742188
518.2324829101562 140.4002227783203
534.3049926757812 147.7266845703125
550.4127807617188 155.2058868408203
566.6395874023438 162.61322021484375
582.8736572265625 170.2010040283203
599.3383178710938 177.63134765625
615.7371826171875 185.2698974609375
632.3594360351562 192.8206024169922
648.9716186523438 200.4980926513672
665.6471557617188 208.2313995361328
493.64483642578125 148.54931640625
509.6302490234375 155.93431091308594
525.7135009765625 163.4127655029297
541.914306640625 170.84664916992188
558.2102661132812 178.4288330078125
574.5274658203125 185.91929626464844
590.8943481445312 193.53663635253906
607.404541015625 201.20013427734375
624.0277709960938 208.78709411621094
640.6665649414062 216.53343200683594
657.4708862304688 224.3632049560547
484.9820251464844 164.21324157714844
501.0855712890625 171.6173095703125
517.1723022460938 179.18003845214844
533.396728515625 186.66537475585938
549.6235961914062 194.27928161621094
566.0349731445312 201.85716247558594
582.4873046875 209.51512145996094
599.003662109375 217.2608642578125
615.6259155273438 224.88198852539062
632.4002685546875 232.70574951171875
649.2080078125 240.55332946777344
476.32659912109375 179.95611572265625
492.358154296875 187.47637939453125
508.51190185546875 195.03970336914062
524.717041015625 202.5996856689453
541.0706787109375 210.29856872558594
557.475830078125 217.91331481933594
573.959228515625 225.63320922851562
590.4912109375 233.41969299316406
607.2259521484375 241.2280731201172
623.9055786132812 249.03579711914062
640.7692260742188 256.9458923339844
467.5521240234375 195.76756286621094
483.62286376953125 203.39744567871094
499.75726318359375 211.02369689941406
516.1400756835938 218.66860961914062
532.4483642578125 226.39781188964844
548.8109130859375 234.15713500976562
565.403076171875 241.87359619140625
582.0211791992188 249.69544982910156
598.6622924804688 257.5530090332031
615.4981689453125 265.5155029296875
632.4036865234375 273.4964904785156
458.71612548828125 211.75653076171875
474.8049011230469 219.45706176757812
491.0867614746094 227.18594360351562
507.38134765625 234.8386688232422
523.7516479492188 242.62330627441406
540.2112426757812 250.46229553222656
556.7218627929688 258.3409118652344
573.3934326171875 266.20086669921875
590.1652221679688 274.1600646972656
606.9038696289062 282.1285705566406
623.8656616210938 290.2087707519531
449.843505859375 227.82870483398438
466.0540466308594 235.59503173828125
482.26239013671875 243.38748168945312
498.5984191894531 251.2037353515625
515.0136108398438 259.0269470214844
531.5313720703125 266.87451171875
548.1443481445312 274.7800598144531
564.7755126953125 282.7542419433594
581.5392456054688 290.73504638671875
598.4393920898438 298.8248291015625
615.3943481445312 306.96368408203125
440.916748046875 244.11199951171875
457.19232177734375 251.8199005126953
473.4544372558594 259.6801452636719
489.7508544921875 267.5777282714844
506.2862243652344 275.5193786621094
522.7220458984375 283.4660339355469
539.3936767578125 291.477294921875
556.109619140625 299.4895324707031
572.8951416015625 307.55767822265625
589.7863159179688 315.67547607421875
606.8143310546875 323.8645935058594