1 720 1333
423.2707214355469 91.97181701660156
439.7489013671875 103.55928802490234
456.35870361328125 115.24042510986328
472.90631103515625 126.80950927734375
489.4960021972656 138.52110290527344
506.0269775390625 150.23731994628906
522.5908203125 161.82098388671875
539.1580810546875 173.5023651123047
555.6174926757812 185.1053466796875
572.1796264648438 196.68858337402344
588.5555419921875 208.32228088378906
410.4971923828125 106.92243194580078
427.164794921875 118.56175231933594
443.7386779785156 130.31451416015625
460.4609069824219 141.9928436279297
477.18011474609375 153.68519592285156
493.7457580566406 165.4163818359375
510.4385986328125 177.15768432617188
527.0806274414062 188.78118896484375
543.6439208984375 200.47222900390625
560.264404296875 212.20001220703125
576.78173828125 223.76266479492188
397.5829162597656 122.07394409179688
414.38226318359375 133.7429656982422
431.11968994140625 145.51576232910156
447.8330078125 157.32806396484375
464.6291198730469 169.07571411132812
481.42352294921875 180.8047637939453
498.1798095703125 192.57664489746094
514.82763671875 204.35989379882812
531.5643920898438 216.03173828125
548.3019409179688 227.73733520507812
564.8721313476562 239.45130920410156
384.582275390625 137.390625
401.43402099609375 149.17181396484375
418.31011962890625 160.97727966308594
435.17962646484375 172.74609375
452.0412902832031 184.59674072265625
468.8291931152344 196.43812561035156
485.6910095214844 208.28700256347656
502.5259094238281 220.03680419921875
519.3945922851562 231.77781677246094
536.1636352539062 243.5604705810547
552.8468627929688 255.35342407226562
371.4722595214844 152.81317138671875
388.3995056152344 164.70208740234375
405.3497619628906 176.54815673828125
422.3308410644531 188.45230102539062
439.2852478027344 200.35629272460938
456.2458190917969 212.24911499023438
473.1966247558594 224.0956268310547
490.1412353515625 235.90582275390625
506.9873352050781 247.69329833984375
523.8616333007812 259.57904052734375
540.6946411132812 271.39508056640625
358.2376708984375 168.56155395507812
375.220947265625 180.45364379882812
392.2857971191406 192.4018096923828
409.319091796875 204.3310546875
426.41363525390625 216.3059539794922
443.44110107421875 228.18328857421875
460.4937744140625 240.1487274169922
477.5166931152344 251.9982147216797
494.5364685058594 263.8938903808594
511.4964599609375 275.7336730957031
528.4935913085938 287.6473388671875
344.7569274902344 184.42074584960938
361.9082336425781 196.40521240234375
379.01495361328125 208.37205505371094
396.2309875488281 220.37832641601562
413.3775329589844 232.3590850830078
430.5486145019531 244.3670654296875
447.66766357421875 256.3370056152344
464.7995300292969 268.3167724609375
481.9109191894531 280.2549743652344
499.0788879394531 292.2286682128906
516.1300659179688 304.13177490234375
331.3168640136719 200.4879913330078
348.49908447265625 212.45628356933594
365.6798400878906 224.50038146972656
382.94781494140625 236.5591278076172
400.2809753417969 248.64234924316406
417.51513671875 260.64581298828125
434.760986328125 272.7036437988281
452.09991455078125 284.7190856933594
469.29925537109375 296.73260498046875
486.4991149902344 308.73565673828125
503.6319274902344 320.7093811035156