1 720 1333
504.9455261230469 373.0571594238281
515.35009765625 379.816650390625
526.1703491210938 386.9947509765625
537.3493041992188 394.3779296875
548.9845581054688 402.0699768066406
561.1887817382812 410.03350830078125
573.8130493164062 418.3713684082031
587.1130981445312 427.0458679199219
600.865478515625 436.09783935546875
615.405029296875 445.4739990234375
630.5083618164062 455.2901611328125
503.6917724609375 390.0821838378906
514.065185546875 397.2686462402344
524.60693359375 404.52606201171875
535.695068359375 412.2726745605469
547.3018798828125 420.20062255859375
559.3308715820312 428.4857177734375
571.7211303710938 437.01702880859375
584.7820434570312 445.992919921875
598.3831176757812 455.34185791015625
612.6405029296875 465.0261535644531
627.51708984375 475.1340026855469
502.63861083984375 406.86822509765625
512.6754150390625 414.20025634765625
523.3658447265625 421.83709716796875
534.2396240234375 429.65911865234375
545.5771484375 437.9383850097656
557.4043579101562 446.4318542480469
569.699951171875 455.31048583984375
582.5474243164062 464.4913635253906
595.914306640625 474.1292419433594
609.945068359375 484.0839538574219
624.5894165039062 494.4770202636719
501.4978942871094 423.3063659667969
511.5376281738281 430.8864440917969
521.8179321289062 438.6329040527344
532.6812133789062 446.8401184082031
543.8388061523438 455.2854919433594
555.5697631835938 464.0550537109375
567.662841796875 473.14788818359375
580.4010009765625 482.5935363769531
593.5296020507812 492.4599914550781
607.3585205078125 502.65362548828125
621.6724853515625 513.3323364257812
500.46539306640625 439.4519958496094
510.34228515625 447.21502685546875
520.5468139648438 455.2737121582031
531.2574462890625 463.5596008300781
542.329345703125 472.25592041015625
553.7118530273438 481.232666015625
565.7428588867188 490.5401916503906
578.258056640625 500.2914123535156
591.2460327148438 510.35125732421875
604.727783203125 520.777587890625
618.9192504882812 531.6680297851562
499.363525390625 455.2336120605469
509.12884521484375 463.20782470703125
519.27587890625 471.4343566894531
529.6812133789062 479.956787109375
540.6456298828125 488.8271789550781
552.038818359375 498.037841796875
563.8085327148438 507.56060791015625
576.1747436523438 517.5166015625
588.8641967773438 527.7951049804688
602.315673828125 538.5070190429688
616.2505493164062 549.6041870117188
498.3293151855469 470.6550598144531
507.8319396972656 478.7917175292969
517.88427734375 487.30255126953125
528.3699340820312 496.050048828125
539.1790161132812 505.1285705566406
550.3848266601562 514.4838256835938
562.02734375 524.28076171875
574.1541748046875 534.3703002929688
586.6964721679688 544.8538208007812
599.8257446289062 555.733642578125
613.5633544921875 567.1077270507812
497.2405700683594 485.8226013183594
506.6608581542969 494.2264099121094
516.5962524414062 502.7790832519531
526.8651733398438 511.73504638671875
537.5558471679688 520.994873046875
548.6383666992188 530.5477294921875
560.2373046875 540.5036010742188
572.231201171875 550.7965698242188
584.583984375 561.5077514648438
597.5537109375 572.56201171875
611.0941772460938 584.1551513671875