1 720 1333
509.75439453125 244.34542846679688
530.1859741210938 243.28135681152344
550.9392700195312 242.19085693359375
572.21826171875 241.05247497558594
593.8329467773438 239.88438415527344
616.0243530273438 238.7322235107422
638.584228515625 237.64964294433594
661.64599609375 236.56101989746094
685.255126953125 235.4674835205078
709.2337036132812 234.4057159423828
733.6022338867188 233.30992126464844
512.9640502929688 266.6990661621094
533.186767578125 265.8685302734375
553.7327270507812 265.1075744628906
574.7408447265625 264.2564392089844
596.3661499023438 263.40045166015625
618.2815551757812 262.4739685058594
640.6284790039062 261.5602722167969
663.4913940429688 260.65692138671875
686.7745361328125 259.7908935546875
710.548583984375 258.9617614746094
734.7266845703125 258.1790466308594
516.0040893554688 288.7664489746094
536.0851440429688 288.29119873046875
556.5026245117188 287.5716247558594
577.377197265625 286.93414306640625
598.6561889648438 286.3875427246094
620.4562377929688 285.635498046875
642.61279296875 285.07476806640625
665.3648681640625 284.4398193359375
688.43603515625 283.733154296875
711.9656372070312 283.20794677734375
735.8824462890625 282.5206298828125
519.1381225585938 310.51287841796875
538.9089965820312 310.2155456542969
559.2646484375 309.6586608886719
579.8460083007812 309.39031982421875
601.0794067382812 308.89068603515625
622.5864868164062 308.5160827636719
644.6146850585938 308.18756103515625
667.1028442382812 307.64324951171875
689.9688720703125 307.37554931640625
713.32958984375 306.87701416015625
737.1195678710938 306.4976806640625
522.0797119140625 331.72552490234375
541.7420043945312 331.5988464355469
561.802734375 331.4822082519531
582.4154052734375 331.3409729003906
603.3685302734375 331.16058349609375
624.6918334960938 330.9111633300781
646.542724609375 330.659912109375
668.7740478515625 330.5330810546875
691.4974975585938 330.4195251464844
714.566650390625 330.2522277832031
738.1885986328125 329.99578857421875
525.0875854492188 352.6762390136719
544.553466796875 352.72784423828125
564.5086059570312 352.7723388671875
584.8018188476562 352.8188171386719
605.619873046875 352.8569641113281
626.7720947265625 352.8787841796875
648.5020141601562 352.91632080078125
670.5091552734375 352.94488525390625
692.9674682617188 353.01019287109375
715.7972412109375 353.0412902832031
739.236083984375 353.05535888671875
527.9234619140625 373.3289794921875
547.34423828125 373.5193786621094
567.1318969726562 373.6606140136719
587.3099975585938 373.9590148925781
607.8649291992188 374.3096923828125
628.8776245117188 374.4693298339844
650.3836669921875 374.6330261230469
672.2677612304688 374.89898681640625
694.470703125 375.1935119628906
717.1795654296875 375.39385986328125
740.242431640625 375.5732116699219
530.7686157226562 393.4766845703125
550.0517578125 393.7687683105469
569.6281127929688 394.3541564941406
589.6398315429688 394.6855773925781
610.1361083984375 395.2254943847656
630.9201049804688 395.56744384765625
652.2467651367188 395.978759765625
673.8070678710938 396.4272766113281
695.8529052734375 396.7643127441406
718.4036865234375 397.26837158203125
741.2195434570312 397.5720520019531