1 720 1333
503.1524963378906 102.25849151611328
508.24786376953125 124.21276092529297
513.2794799804688 145.80955505371094
518.2645874023438 167.27337646484375
523.1708984375 188.3901824951172
527.974853515625 209.20033264160156
532.7351684570312 229.69656372070312
537.4815673828125 249.980712890625
542.1452026367188 269.91656494140625
546.6987915039062 289.6975402832031
551.36767578125 309.20855712890625
486.73876953125 107.42921447753906
491.8216857910156 129.07418823242188
496.9134216308594 150.3938446044922
501.93670654296875 171.4425048828125
506.8888854980469 192.25390625
511.76995849609375 212.69830322265625
516.5780639648438 232.93682861328125
521.3889770507812 252.88131713867188
526.0399169921875 272.6365966796875
530.7119750976562 292.0869140625
535.3812866210938 311.3079833984375
470.78338623046875 112.51683044433594
475.9158020019531 133.71177673339844
481.0918884277344 154.71408081054688
486.1523132324219 175.48915100097656
491.14312744140625 195.94789123535156
496.08160400390625 216.191650390625
500.9037780761719 236.1332550048828
505.6647644042969 255.77859497070312
510.4787292480469 275.23944091796875
515.1744384765625 294.3979187011719
519.802001953125 313.3278503417969
455.3734130859375 117.40620422363281
460.5117492675781 138.3721160888672
465.6280212402344 159.02047729492188
470.707275390625 179.4821319580078
475.6979675292969 199.6102294921875
480.6787414550781 219.52601623535156
485.5991516113281 239.20870971679688
490.4909973144531 258.5785827636719
495.2239074707031 277.72467041015625
500.0019226074219 296.5953369140625
504.68707275390625 315.3160400390625
440.3249206542969 122.2476806640625
445.4677734375 142.80575561523438
450.6635437011719 163.25018310546875
455.7302551269531 183.350341796875
460.7855529785156 203.25576782226562
465.7570495605469 222.76600646972656
470.7413635253906 242.19766235351562
475.5906066894531 261.32427978515625
480.4674072265625 280.19873046875
485.2782897949219 298.76220703125
490.0250244140625 317.2333984375
425.62139892578125 126.86121368408203
430.8201904296875 147.2419891357422
436.0795593261719 167.29591369628906
441.21990966796875 187.09825134277344
446.2894287109375 206.64385986328125
451.3158264160156 225.96768188476562
456.287841796875 245.09115600585938
461.2381896972656 263.9014892578125
466.0225830078125 282.55474853515625
470.8465576171875 300.903564453125
475.6240539550781 319.11566162109375
411.43731689453125 131.46356201171875
416.64306640625 151.4763946533203
421.82647705078125 171.26937866210938
426.96209716796875 190.7157440185547
432.1881103515625 210.083984375
437.2223205566406 229.13259887695312
442.25372314453125 247.91180419921875
447.17254638671875 266.5107116699219
452.0576171875 284.8462829589844
456.86090087890625 302.9666748046875
461.7109069824219 320.8335266113281
397.5713806152344 135.91085815429688
402.7731018066406 155.603271484375
408.0657653808594 175.1238555908203
413.2613220214844 194.33750915527344
418.3812255859375 213.36688232421875
423.4778747558594 232.14942932128906
428.4748229980469 250.66883850097656
433.5226135253906 269.0431213378906
438.42694091796875 287.1655578613281
443.39080810546875 304.9747619628906
448.24041748046875 322.5994873046875