1 720 1333
588.9514770507812 250.84336853027344
608.1483154296875 252.68153381347656
627.2979736328125 254.55673217773438
646.53369140625 256.434814453125
665.783203125 258.3662109375
685.1982421875 260.2623291015625
704.501220703125 262.18212890625
723.8286743164062 264.09429931640625
743.31494140625 266.0445861816406
762.623046875 267.9885559082031
782.01806640625 269.9361877441406
587.876953125 270.10736083984375
606.8286743164062 271.8756103515625
625.9011840820312 273.73626708984375
644.9625244140625 275.6217346191406
664.2372436523438 277.5289001464844
683.347412109375 279.4659729003906
702.5411987304688 281.38720703125
721.7156982421875 283.3328857421875
741.0266723632812 285.2924499511719
760.2426147460938 287.2479553222656
779.457763671875 289.1927795410156
586.7957153320312 288.99871826171875
605.6717529296875 290.8188781738281
624.513916015625 292.67926025390625
643.5098266601562 294.5881652832031
662.5173950195312 296.48931884765625
681.544189453125 298.4276123046875
700.5924682617188 300.34130859375
719.6549072265625 302.28173828125
738.7371826171875 304.22802734375
757.8494262695312 306.172119140625
776.900390625 308.0936584472656
585.776123046875 307.6334228515625
604.4864501953125 309.515380859375
623.2954711914062 311.4169006347656
642.0380249023438 313.34271240234375
660.8477172851562 315.2274169921875
679.7340087890625 317.0935974121094
698.6906127929688 318.9988708496094
717.5994873046875 320.863525390625
736.592041015625 322.8292236328125
755.5007934570312 324.7188415527344
774.4833374023438 326.685791015625
584.7278442382812 326.0331115722656
603.4127197265625 327.85882568359375
621.8973999023438 329.7438659667969
640.6046142578125 331.6446533203125
659.357666015625 333.5712585449219
678.1122436523438 335.4996337890625
696.8063354492188 337.4146728515625
715.6073608398438 339.3627624511719
734.4185180664062 341.3107604980469
753.2498779296875 343.2252197265625
771.9794311523438 345.0967712402344
583.7963256835938 344.1839599609375
602.2833251953125 346.03277587890625
620.64404296875 347.8914489746094
639.2408447265625 349.7755432128906
657.7341918945312 351.6754455566406
676.3732299804688 353.5962219238281
694.9833374023438 355.52685546875
713.5994262695312 357.45013427734375
732.3021240234375 359.392822265625
750.863037109375 361.3158874511719
769.5279541015625 363.20684814453125
582.7920532226562 361.9526062011719
601.18994140625 363.8522033691406
619.4633178710938 365.7189636230469
637.743408203125 367.63037109375
656.2862548828125 369.56756591796875
674.6156616210938 371.4807434082031
693.21337890625 373.4099426269531
711.61669921875 375.3194885253906
730.1969604492188 377.2397766113281
748.596435546875 379.09796142578125
767.1356811523438 380.9246520996094
581.8869018554688 379.5216979980469
600.0935668945312 381.4598693847656
618.2706909179688 383.36810302734375
636.4744873046875 385.31915283203125
654.652099609375 387.2192687988281
673.0552368164062 389.07470703125
691.376708984375 390.9085388183594
709.6673583984375 392.751953125
728.0630493164062 394.65301513671875
746.3987426757812 396.5399475097656
764.6946411132812 398.4129333496094