1 720 1333
531.1868896484375 225.263671875
541.423095703125 226.5316619873047
552.1851806640625 227.8841094970703
563.224365234375 229.35740661621094
574.7202758789062 230.73553466796875
586.60009765625 232.37269592285156
599.0261840820312 233.91622924804688
611.7877197265625 235.5850067138672
625.1417236328125 237.37857055664062
638.9974975585938 239.2145233154297
653.4307250976562 241.12168884277344
526.407470703125 241.17823791503906
536.6635131835938 242.6990966796875
547.3104248046875 244.40757751464844
558.328125 246.1226348876953
569.669189453125 247.84234619140625
581.5437622070312 249.6755828857422
593.748291015625 251.60745239257812
606.5333862304688 253.5928497314453
619.6864013671875 255.6469268798828
633.5231323242188 257.8305358886719
647.8155517578125 260.152099609375
521.693115234375 257.1184387207031
531.8489379882812 258.94097900390625
542.46923828125 260.8534240722656
553.3792114257812 262.8769836425781
564.6732788085938 264.9173889160156
576.3984375 267.145263671875
588.5826416015625 269.350830078125
601.22900390625 271.65435791015625
614.3677978515625 274.088134765625
628.0125122070312 276.5897521972656
642.2877197265625 279.2801208496094
517.0457763671875 273.1195068359375
527.14697265625 275.2391052246094
537.5601806640625 277.4262390136719
548.4367065429688 279.6837463378906
559.5980834960938 282.1038818359375
571.31494140625 284.5393981933594
583.3589477539062 287.12738037109375
595.87939453125 289.6884765625
608.8521728515625 292.4961242675781
622.5128784179688 295.404541015625
636.5911254882812 298.3768005371094
512.3374633789062 289.05194091796875
522.364013671875 291.4778137207031
532.6773681640625 293.9485168457031
543.4419555664062 296.5425109863281
554.5855102539062 299.227783203125
566.17041015625 302.00482177734375
578.1625366210938 304.843505859375
590.555419921875 307.8365478515625
603.5115966796875 310.9605712890625
616.9562377929688 314.27093505859375
631.0520629882812 317.5826721191406
507.5841064453125 305.0958251953125
517.5359497070312 307.6947326660156
527.79443359375 310.5169677734375
538.5072631835938 313.4227294921875
549.525634765625 316.4006042480469
561.0189208984375 319.48101806640625
572.8928833007812 322.65216064453125
585.2775268554688 326.04669189453125
598.0947265625 329.4970703125
611.47802734375 333.1242370605469
625.43505859375 336.81671142578125
502.8678894042969 321.11102294921875
512.718017578125 324.0464782714844
522.91455078125 327.1068420410156
533.5382080078125 330.2945251464844
544.5221557617188 333.5427551269531
555.8836669921875 336.93499755859375
567.6961669921875 340.5048828125
579.9358520507812 344.20660400390625
592.6822509765625 347.99053955078125
606.0092163085938 351.9820556640625
619.7825317382812 356.15728759765625
498.216552734375 337.14666748046875
507.9177551269531 340.3500061035156
518.15576171875 343.6819152832031
528.5713500976562 347.1558532714844
539.5379028320312 350.739013671875
550.76318359375 354.4928283691406
562.5281372070312 358.37384033203125
574.6807861328125 362.3922119140625
587.4149169921875 366.55963134765625
600.5557861328125 370.8739929199219
614.3126220703125 375.4198913574219