1 720 1333
596.610595703125 398.6977233886719
605.8117065429688 403.389404296875
615.3617553710938 408.2449035644531
625.2463989257812 413.2329406738281
635.3902587890625 418.3625793457031
645.9602661132812 423.6423645019531
656.76318359375 429.16290283203125
668.1724853515625 434.8446350097656
679.7265625 440.696044921875
691.9309692382812 446.78564453125
704.4638671875 453.1835021972656
591.5300903320312 412.6481628417969
600.615478515625 417.5326843261719
610.1322631835938 422.5904846191406
619.8246459960938 427.7696838378906
629.9193115234375 433.22906494140625
640.3915405273438 438.7414245605469
651.2200927734375 444.5277404785156
662.3579711914062 450.48052978515625
673.8795166015625 456.59197998046875
685.8831176757812 462.9957275390625
698.4063720703125 469.574951171875
586.43505859375 426.5573425292969
595.5042114257812 431.6520690917969
604.7753295898438 436.8881530761719
614.4866333007812 442.41937255859375
624.4676513671875 447.9934997558594
634.8229370117188 453.7968444824219
645.5098266601562 459.8072509765625
656.5513916015625 466.03851318359375
667.9641723632812 472.4739685058594
679.8740234375 479.1412048339844
692.26611328125 486.028564453125
581.3648681640625 440.4629211425781
590.3053588867188 445.7319641113281
599.5314331054688 451.2938537597656
609.1611938476562 456.9316101074219
619.0515747070312 462.7804870605469
629.2830810546875 468.8445129394531
639.8112182617188 475.1262512207031
650.7432250976562 481.55902099609375
662.1472778320312 488.3066101074219
673.8529663085938 495.2332763671875
686.16064453125 502.42669677734375
576.2850952148438 454.27239990234375
585.1557006835938 459.7939147949219
594.3145751953125 465.54498291015625
603.720947265625 471.4359130859375
613.5526733398438 477.5361328125
623.6708374023438 483.7921447753906
634.2119750976562 490.38720703125
645.0215454101562 497.106201171875
656.273681640625 504.0675048828125
667.9168701171875 511.30206298828125
680.0447387695312 518.6914672851562
571.1637573242188 468.12841796875
579.9351806640625 473.81988525390625
589.033935546875 479.7671813964844
598.4270629882812 485.9360656738281
608.1453247070312 492.2970886230469
618.1970825195312 498.8023376464844
628.5281982421875 505.5512390136719
639.3179321289062 512.5860595703125
650.4219360351562 519.768798828125
661.9448852539062 527.2810668945312
673.9254150390625 535.03173828125
566.1049194335938 481.8697814941406
574.7053833007812 487.8084411621094
583.7399291992188 494.0369873046875
593.05712890625 500.40240478515625
602.6727905273438 506.9433288574219
612.6060791015625 513.6961059570312
622.9225463867188 520.7130737304688
633.54736328125 527.9625244140625
644.5910034179688 535.4828491210938
656.0425415039062 543.2877807617188
667.8739624023438 551.2970581054688
560.8944702148438 495.6282653808594
569.568603515625 501.7986755371094
578.4749755859375 508.23480224609375
587.7069091796875 514.775634765625
597.2683715820312 521.5816650390625
607.1736450195312 528.6634521484375
617.3387451171875 535.87939453125
627.8511352539062 543.4166870117188
638.7472534179688 551.195556640625
650.195556640625 559.2257690429688
661.8763427734375 567.509521484375