1 720 1333
618.4719848632812 434.6092529296875
635.3338623046875 438.43865966796875
652.2440795898438 442.27191162109375
669.3033447265625 446.0769958496094
686.402587890625 449.8623962402344
703.5772094726562 453.7170715332031
720.8651733398438 457.5321044921875
738.32373046875 461.38525390625
755.725830078125 465.2462158203125
773.3318481445312 469.10723876953125
790.8982543945312 472.92926025390625
613.6005859375 450.37420654296875
630.6278076171875 454.24993896484375
647.7710571289062 458.16998291015625
665.0713500976562 462.0931701660156
682.4247436523438 465.9759826660156
699.8234252929688 469.8968505859375
717.413818359375 473.86279296875
735.0005493164062 477.749267578125
752.7008056640625 481.6902770996094
770.4946899414062 485.6727294921875
788.3685913085938 489.633544921875
608.6600952148438 466.4698181152344
625.9180908203125 470.4800109863281
643.3121948242188 474.50079345703125
660.7291870117188 478.5028991699219
678.3596801757812 482.53192138671875
696.0234375 486.565185546875
713.7427978515625 490.5804748535156
731.6194458007812 494.62890625
749.5543823242188 498.647216796875
767.58154296875 502.7082824707031
785.65966796875 506.7626953125
603.583251953125 483.07000732421875
621.06787109375 487.2174072265625
638.5953369140625 491.29388427734375
656.3511962890625 495.4252624511719
674.1770629882812 499.5347595214844
692.0531616210938 503.6549987792969
710.1005859375 507.8039245605469
728.166259765625 511.95013427734375
746.35986328125 516.12939453125
764.5868530273438 520.3015747070312
782.9663696289062 524.49609375
598.3763427734375 500.09027099609375
616.0607299804688 504.3162536621094
633.8181762695312 508.5034484863281
651.77392578125 512.7177734375
669.8074951171875 516.985107421875
687.9718017578125 521.288330078125
706.2407836914062 525.5
724.5781860351562 529.7376708984375
743.02685546875 534.0245361328125
761.52294921875 538.3448486328125
780.1682739257812 542.6080322265625
592.9857177734375 517.5443115234375
610.8663940429688 521.8407592773438
628.90966796875 526.2728881835938
647.1651611328125 530.5956420898438
665.4400634765625 534.981689453125
683.7424926757812 539.340576171875
702.326904296875 543.690185546875
720.84033203125 548.1178588867188
739.56298828125 552.4810791015625
758.3864135742188 556.8533325195312
777.2991943359375 561.3646240234375
587.43798828125 535.5370483398438
605.592529296875 540.0006103515625
623.8721313476562 544.46728515625
642.35546875 548.92578125
660.8082885742188 553.4279174804688
679.492431640625 557.9066772460938
698.2594604492188 562.4718017578125
717.1163330078125 566.9370727539062
736.06640625 571.455810546875
755.1591796875 576.0034790039062
774.3096923828125 580.5736083984375
581.7235107421875 554.0545654296875
600.1737670898438 558.6265869140625
618.6477661132812 563.267333984375
637.3903198242188 567.8167724609375
656.2005004882812 572.4834594726562
675.06494140625 577.141357421875
694.1087036132812 581.70947265625
713.2327880859375 586.4164428710938
732.4456176757812 591.0525512695312
751.7376708984375 595.6921997070312
771.21533203125 600.4291381835938