1 720 1333
609.5414428710938 319.30792236328125
622.0255126953125 322.15618896484375
634.745849609375 325.0968017578125
647.7898559570312 328.0828857421875
661.126708984375 331.19329833984375
674.643798828125 334.31402587890625
688.4990844726562 337.4960021972656
702.6536254882812 340.70989990234375
717.0867309570312 344.0959777832031
731.8716430664062 347.49810791015625
746.873046875 350.924072265625
605.0996704101562 333.3738098144531
617.5573120117188 336.4017333984375
630.3165283203125 339.5099182128906
643.3095092773438 342.6502685546875
656.5658569335938 345.85498046875
670.1429443359375 349.22418212890625
683.9500122070312 352.53662109375
698.09326171875 355.9905090332031
712.5059204101562 359.4783020019531
727.3040161132812 363.0950012207031
742.3823852539062 366.71014404296875
600.5830078125 347.51617431640625
613.0679321289062 350.6922302246094
625.744140625 353.930908203125
638.6884765625 357.3200378417969
652.00537109375 360.6690979003906
665.514892578125 364.1781005859375
679.4053955078125 367.6724853515625
693.4780883789062 371.3276062011719
707.8502197265625 374.9294738769531
722.6412963867188 378.6904602050781
737.6593627929688 382.5569763183594
596.1709594726562 361.74298095703125
608.5310668945312 365.13909912109375
621.2416381835938 368.5466003417969
634.2236328125 372.0365295410156
647.4332275390625 375.5792236328125
660.889892578125 379.2590637207031
674.717041015625 382.87078857421875
688.8170776367188 386.6471862792969
703.299560546875 390.5491943359375
717.9957885742188 394.4811706542969
733.0349731445312 398.5034484863281
591.5958251953125 376.0917663574219
603.9876708984375 379.5816955566406
616.6356811523438 383.1637268066406
629.575927734375 386.77239990234375
642.806396484375 390.5308532714844
656.325927734375 394.3774719238281
670.132080078125 398.2655334472656
684.2035522460938 402.2052307128906
698.5655517578125 406.2354736328125
713.2918090820312 410.35003662109375
728.3787841796875 414.53021240234375
587.0853271484375 390.46234130859375
599.45263671875 394.1450500488281
612.1214599609375 397.8310546875
625.0609741210938 401.6317138671875
638.24658203125 405.56817626953125
651.6580200195312 409.5264587402344
665.4529418945312 413.56060791015625
679.5394897460938 417.6895446777344
693.8663330078125 421.89007568359375
708.60205078125 426.2619934082031
723.6097412109375 430.6085510253906
582.54638671875 404.8286437988281
594.85791015625 408.661376953125
607.5185546875 412.57916259765625
620.4364013671875 416.56414794921875
633.5972290039062 420.6222229003906
647.0633544921875 424.7561340332031
660.795166015625 428.9888916015625
674.7890014648438 433.34112548828125
689.2631225585938 437.6900634765625
703.8628540039062 442.22607421875
718.8993530273438 446.74652099609375
577.9759521484375 419.3609619140625
590.320068359375 423.3505554199219
602.8513793945312 427.4010925292969
615.7478637695312 431.5328063964844
628.9172973632812 435.7477111816406
642.4066162109375 440.1299743652344
656.1524047851562 444.5149230957031
670.1924438476562 448.9917297363281
684.493896484375 453.570556640625
699.2230224609375 458.3107604980469
714.2246704101562 463.0439453125