1 720 1333
743.6949462890625 387.2247009277344
759.6832275390625 383.1867370605469
775.2156982421875 379.23553466796875
790.0911865234375 375.4422607421875
804.4642333984375 371.7237854003906
818.3927001953125 368.25634765625
831.7152099609375 364.7309875488281
844.7427368164062 361.47320556640625
857.4525756835938 358.25494384765625
869.5531005859375 355.1438293457031
881.4136962890625 352.0906066894531
743.2741088867188 406.5550842285156
759.2050170898438 402.2581787109375
774.4125366210938 398.0092468261719
789.2438354492188 393.95208740234375
803.45166015625 390.0489501953125
817.32275390625 386.1988220214844
830.5515747070312 382.5223083496094
843.5460205078125 378.90496826171875
856.0921630859375 375.4862365722656
868.2203369140625 372.1615905761719
879.7772216796875 368.8358459472656
742.7118530273438 425.55926513671875
758.4669189453125 420.933349609375
773.6239013671875 416.4895935058594
788.3865356445312 412.1648254394531
802.4743041992188 407.91339111328125
816.2406616210938 403.86822509765625
829.4742431640625 399.90997314453125
842.340576171875 396.1787414550781
854.74853515625 392.427734375
866.6773071289062 388.81646728515625
878.462646484375 385.3793029785156
742.4072265625 444.2024230957031
757.8456420898438 439.3437805175781
772.89111328125 434.556884765625
787.5017700195312 429.9835510253906
801.5543823242188 425.54132080078125
815.2266235351562 421.27301025390625
828.3670654296875 417.09722900390625
841.1480102539062 413.0360107421875
853.4625244140625 409.1760559082031
865.4600830078125 405.3117370605469
876.9243774414062 401.6117248535156
741.8240356445312 462.4053649902344
757.3558349609375 457.3156433105469
772.314697265625 452.33770751953125
786.5973510742188 447.5092468261719
800.55712890625 442.8011474609375
814.1806030273438 438.3344421386719
827.2362670898438 433.867919921875
839.7731323242188 429.63067626953125
852.247802734375 425.5050354003906
864.0291137695312 421.4949035644531
875.5466918945312 417.55487060546875
741.46630859375 480.2796630859375
756.67626953125 474.9017639160156
771.5267944335938 469.6719055175781
785.751220703125 464.6578369140625
799.6304931640625 459.7503662109375
813.1143798828125 455.04864501953125
826.1217651367188 450.4369812011719
838.6339111328125 445.93115234375
850.8204956054688 441.59442138671875
862.6587524414062 437.41290283203125
874.2053833007812 433.308837890625
741.0765380859375 497.7255859375
756.284423828125 492.19622802734375
770.7977905273438 486.7486572265625
785.0767822265625 481.4953308105469
798.71728515625 476.417236328125
812.0963134765625 471.45098876953125
824.9403686523438 466.6195983886719
837.4725341796875 461.9352722167969
849.573974609375 457.4331359863281
861.3541870117188 453.0090026855469
872.6658935546875 448.6972961425781
740.600341796875 514.8731689453125
755.63916015625 509.14544677734375
770.2781982421875 503.480712890625
784.354736328125 498.0091247558594
797.8037109375 492.6854553222656
811.1090087890625 487.5592346191406
823.7772827148438 482.55609130859375
836.2838134765625 477.6570739746094
848.339599609375 472.9181823730469
859.8999633789062 468.3385925292969
871.2839965820312 463.829345703125