1 720 1333
561.670166015625 450.1481628417969
575.211669921875 455.5946960449219
588.91455078125 461.30328369140625
603.0720825195312 467.0735778808594
617.55712890625 472.9090270996094
632.4268188476562 478.99383544921875
647.5874633789062 485.1559143066406
663.228515625 491.4542541503906
679.2084350585938 497.8254089355469
695.5347290039062 504.4845275878906
712.3466796875 511.252685546875
552.9376831054688 464.6251525878906
566.3973999023438 470.4402160644531
580.2592163085938 476.3315734863281
594.4159545898438 482.3600769042969
608.9395751953125 488.4897155761719
623.7952270507812 494.734130859375
639.1437377929688 501.24359130859375
654.7516479492188 507.74163818359375
670.8123168945312 514.4974365234375
687.2966918945312 521.4273681640625
704.235107421875 528.4700317382812
543.919921875 479.5113220214844
557.4739379882812 485.5136413574219
571.3482666015625 491.6276550292969
585.5496826171875 497.88397216796875
600.14111328125 504.3718566894531
615.1126098632812 510.902587890625
630.428466796875 517.614990234375
646.173828125 524.505126953125
662.2887573242188 531.5120239257812
678.8388671875 538.677978515625
695.7720947265625 546.1324462890625
534.7190551757812 494.667724609375
548.3275756835938 500.92071533203125
562.2500610351562 507.35986328125
576.47314453125 513.8384399414062
591.1461181640625 520.5906982421875
606.094970703125 527.4340209960938
621.514404296875 534.4676513671875
637.32470703125 541.6076049804688
653.5177612304688 548.9073486328125
670.1976928710938 556.4965209960938
687.2752075195312 564.2482299804688
525.3435668945312 510.2492980957031
538.9345703125 516.654541015625
552.8218383789062 523.3626708984375
567.2304077148438 530.2111206054688
581.8051147460938 537.2025756835938
596.8902587890625 544.33935546875
612.3950805664062 551.6300048828125
628.2875366210938 559.1747436523438
644.5341186523438 566.750244140625
661.3274536132812 574.6526489257812
678.4752197265625 582.719970703125
515.6644287109375 526.0474853515625
529.3668212890625 532.7970581054688
543.3646240234375 539.7421875
557.673583984375 546.8289794921875
572.436767578125 554.1986694335938
587.5269775390625 561.5869750976562
603.0592651367188 569.2910766601562
618.9724731445312 577.0833129882812
635.3717041015625 585.0969848632812
652.1998291015625 593.3349609375
669.4939575195312 601.704833984375
505.7846374511719 542.2651977539062
519.4979858398438 549.31396484375
533.5377807617188 556.5223999023438
547.9591674804688 563.9124755859375
562.7249145507812 571.5220947265625
577.8806762695312 579.3269653320312
593.5081176757812 587.3167114257812
609.5114135742188 595.4634399414062
625.966796875 603.7926025390625
642.8336791992188 612.4341430664062
660.2694702148438 621.2984008789062
495.71026611328125 558.7559814453125
509.4488220214844 566.1805419921875
523.5394897460938 573.6519775390625
537.9934692382812 581.4253540039062
552.7922973632812 589.3723754882812
568.1190185546875 597.4728393554688
583.7110595703125 605.744384765625
599.7955322265625 614.3413696289062
616.3577270507812 623.1080322265625
633.3606567382812 632.0579833984375
650.75634765625 641.2689208984375