1 720 1333
523.2333984375 217.64614868164062
541.3473510742188 217.426513671875
559.4529418945312 217.0688934326172
577.66357421875 216.70404052734375
595.9959716796875 216.46682739257812
614.3883666992188 216.23538208007812
632.7337646484375 215.83822631835938
651.3775634765625 215.59051513671875
669.8250122070312 215.4188995361328
688.5202026367188 215.25103759765625
707.1817016601562 214.90872192382812
525.4496459960938 235.5933837890625
543.3709716796875 235.4062957763672
561.2933959960938 235.15476989746094
579.3257446289062 234.75363159179688
597.3825073242188 234.5434112548828
615.4950561523438 234.37538146972656
633.686767578125 234.0974578857422
652.0596923828125 233.79173278808594
670.4155883789062 233.60165405273438
688.7040405273438 233.44851684570312
707.2649536132812 233.32125854492188
527.6431274414062 253.309814453125
545.3172607421875 253.0021514892578
563.0398559570312 252.64654541015625
580.7672119140625 252.50936889648438
598.652587890625 252.3258056640625
616.5791625976562 252.05543518066406
634.6149291992188 251.77720642089844
652.66455078125 251.5976104736328
670.8233032226562 251.46299743652344
689.0892944335938 251.34756469726562
707.303955078125 251.14988708496094
529.7692260742188 270.42962646484375
547.2852783203125 270.23443603515625
564.6965942382812 269.9608154296875
582.3795776367188 269.679443359375
599.9593505859375 269.5556945800781
617.6835327148438 269.4244384765625
635.5133056640625 269.2737121582031
653.446533203125 269.06414794921875
671.3652954101562 268.8463134765625
689.3660278320312 268.6526794433594
707.3325805664062 268.5564880371094
531.9132690429688 287.2310791015625
549.1766357421875 286.9704284667969
566.4491577148438 286.74163818359375
583.7592163085938 286.6131286621094
601.3524169921875 286.49395751953125
618.7160034179688 286.37060546875
636.4412841796875 286.24652099609375
654.1035766601562 286.0378112792969
671.7662353515625 285.84783935546875
689.535400390625 285.71844482421875
707.4069213867188 285.615478515625
533.9210815429688 303.5543212890625
551.0167846679688 303.46685791015625
568.0874633789062 303.3602600097656
585.3276977539062 303.2398376464844
602.5127563476562 303.03887939453125
619.8224487304688 302.8387145996094
637.313232421875 302.710693359375
654.7014770507812 302.6216735839844
672.2904052734375 302.558349609375
689.7556762695312 302.467529296875
707.4002685546875 302.3915710449219
535.98876953125 319.57012939453125
552.77392578125 319.5379943847656
569.6796875 319.4244689941406
586.6658325195312 319.36865234375
603.7157592773438 319.2521667480469
620.8270263671875 319.1250915527344
638.1573486328125 319.0188293457031
655.40380859375 318.86083984375
672.6448364257812 318.75714111328125
690.0328369140625 318.66485595703125
707.460205078125 318.5811767578125
537.966064453125 335.34033203125
554.5827026367188 335.2887268066406
571.3289184570312 335.18017578125
588.1666870117188 335.099853515625
605.0046997070312 334.9952697753906
621.8903198242188 334.8831787109375
638.8877563476562 334.7956237792969
656.013916015625 334.71319580078125
673.1697998046875 334.6518859863281
690.3313598632812 334.5753479003906
707.4547119140625 334.5397033691406