1 720 1333
488.56982421875 58.12240982055664
501.8319396972656 77.79630279541016
515.0989379882812 97.42835998535156
528.2348022460938 116.9068374633789
541.2698974609375 136.30422973632812
554.1572265625 155.4576416015625
566.9344482421875 174.46607971191406
579.6043090820312 193.35595703125
592.2525634765625 211.95361328125
604.65283203125 230.55892944335938
617.0725708007812 248.9298858642578
468.9219055175781 68.42416381835938
482.4760437011719 88.30419921875
495.8238525390625 108.05355072021484
509.2118225097656 127.6332015991211
522.4404296875 147.1659393310547
535.5392456054688 166.44615173339844
548.5211791992188 185.5740203857422
561.4315795898438 204.53163146972656
574.2362670898438 223.38748168945312
586.8267211914062 242.05245971679688
599.4120483398438 260.5594787597656
449.0021057128906 78.89710235595703
462.6563415527344 98.94606018066406
476.3404541015625 118.77852630615234
489.8230895996094 138.58145141601562
503.32586669921875 158.23681640625
516.5916137695312 177.63999938964844
529.7784423828125 196.8851318359375
542.8635864257812 216.04954528808594
555.8517456054688 234.93263244628906
568.6873779296875 253.7301483154297
581.4834594726562 272.3967590332031
428.6556091308594 89.67786407470703
442.5728759765625 109.79466247558594
456.4210510253906 129.8141326904297
470.20794677734375 149.71922302246094
483.77008056640625 169.5035858154297
497.35162353515625 189.0669403076172
510.7039489746094 208.50633239746094
524.0419311523438 227.66847229003906
537.2422485351562 246.75965881347656
550.297607421875 265.6644287109375
563.2722778320312 284.47039794921875
408.0061950683594 100.64608001708984
422.12579345703125 120.9083480834961
436.1918640136719 141.13819885253906
450.13385009765625 161.16595458984375
463.9752197265625 181.02935791015625
477.6615905761719 200.7172393798828
491.38519287109375 220.30406188964844
504.8117370605469 239.62965393066406
518.2824096679688 258.79876708984375
531.5097045898438 277.85076904296875
544.6336669921875 296.74298095703125
386.9399719238281 111.87674713134766
401.3125 132.3170928955078
415.4996643066406 152.58941650390625
429.6495056152344 172.71656799316406
443.7210388183594 192.76388549804688
457.6966247558594 212.60855102539062
471.591796875 232.34010314941406
485.34625244140625 251.75201416015625
498.9194641113281 271.1472473144531
512.4403076171875 290.3334045410156
525.7640991210938 309.32891845703125
365.53314208984375 123.37005615234375
380.07586669921875 143.8784637451172
394.528076171875 164.347900390625
408.83251953125 184.6112823486328
423.2327880859375 204.74049377441406
437.399169921875 224.725830078125
451.48272705078125 244.54269409179688
465.46258544921875 264.2132263183594
479.3183288574219 283.6331481933594
493.0139465332031 302.9019470214844
506.5827941894531 322.05877685546875
343.75408935546875 135.0756072998047
358.4947814941406 155.68040466308594
373.20037841796875 176.31326293945312
387.7371826171875 196.7001190185547
402.31451416015625 217.00074768066406
416.6980895996094 237.15516662597656
431.0740661621094 257.07733154296875
445.2640380859375 276.8036193847656
459.3526916503906 296.4219055175781
473.29376220703125 315.7757263183594
487.1161193847656 335.0312805175781