1 720 1333
532.347900390625 382.41375732421875
549.6000366210938 385.6343078613281
567.4319458007812 388.99029541015625
585.5140991210938 392.38519287109375
604.2041625976562 395.8254089355469
623.1378173828125 399.3684387207031
642.521240234375 402.9707946777344
662.3849487304688 406.6334228515625
682.5352172851562 410.3745422363281
703.2868041992188 414.165771484375
724.3762817382812 417.9802551269531
532.560302734375 401.02374267578125
549.7339477539062 404.4304504394531
567.4193115234375 407.8897705078125
585.407470703125 411.49188232421875
603.679443359375 415.1676940917969
622.5176391601562 418.7843933105469
641.6808471679688 422.5672302246094
661.364990234375 426.4167785644531
681.3460693359375 430.3393249511719
701.7246704101562 434.2856750488281
722.5684814453125 438.2791442871094
532.8538208007812 419.28387451171875
549.908203125 422.8189697265625
567.4093017578125 426.503662109375
585.1857299804688 430.2449645996094
603.4060668945312 434.03778076171875
621.9114990234375 437.8503112792969
640.912109375 441.7762145996094
660.375 445.78631591796875
680.1407470703125 449.8141784667969
700.3763427734375 453.9329528808594
720.904052734375 458.1303405761719
533.2321166992188 437.2379150390625
550.19384765625 440.9096374511719
567.3883056640625 444.7025146484375
584.953857421875 448.60308837890625
602.9896850585938 452.55401611328125
621.4308471679688 456.5595703125
640.251953125 460.6054992675781
659.368896484375 464.72808837890625
678.8988647460938 468.9900817871094
698.8854370117188 473.260986328125
719.3223876953125 477.5238037109375
533.515625 454.75299072265625
550.2998046875 458.6470642089844
567.3916015625 462.5880126953125
584.7340698242188 466.5960388183594
602.60595703125 470.6514892578125
620.7880249023438 474.8185729980469
639.4296264648438 479.0758972167969
658.4359130859375 483.36578369140625
677.6944580078125 487.68408203125
697.5108032226562 492.07666015625
717.6449584960938 496.5181884765625
533.7169799804688 472.08233642578125
550.4414672851562 476.1012878417969
567.3721923828125 480.1500549316406
584.5726928710938 484.31024169921875
602.33447265625 488.49444580078125
620.35986328125 492.7182922363281
638.6617431640625 497.1322937011719
657.4918212890625 501.50250244140625
676.5614624023438 506.0060119628906
696.214111328125 510.5355529785156
716.109619140625 515.1876220703125
534.1748657226562 489.0538330078125
550.5099487304688 493.1678161621094
567.3753051757812 497.34991455078125
584.4581909179688 501.5777587890625
601.9615478515625 505.9053955078125
619.7063598632812 510.33868408203125
638.0123291015625 514.7261962890625
656.5436401367188 519.3283081054688
675.5322875976562 523.8838500976562
694.7880249023438 528.5654296875
714.5331420898438 533.312255859375
534.3967895507812 505.6491394042969
550.6336669921875 509.8828125
567.33740234375 514.245361328125
584.3195190429688 518.5775146484375
601.5546875 523.0233764648438
619.3342895507812 527.5206298828125
637.3502197265625 532.1199340820312
655.6677856445312 536.6871337890625
674.456298828125 541.4664306640625
693.5543823242188 546.2463989257812
713.0784301757812 551.1018676757812