1 720 1333
549.134521484375 199.73483276367188
559.4022827148438 199.35897827148438
570.1061401367188 198.7036590576172
581.097900390625 198.32252502441406
592.5262451171875 197.66476440429688
604.4204711914062 197.23211669921875
616.6419677734375 196.57086181640625
629.4791259765625 195.9997100830078
642.6647338867188 195.43896484375
656.5391845703125 194.71923828125
670.8560791015625 194.2267608642578
549.5770874023438 216.36891174316406
559.7803955078125 216.1118621826172
570.4874877929688 215.80929565429688
581.481201171875 215.58425903320312
592.7601928710938 215.4368896484375
604.6043090820312 215.21426391601562
616.8359985351562 214.8535919189453
629.5441284179688 214.600341796875
642.704345703125 214.44358825683594
656.5034790039062 214.24539184570312
670.7197875976562 213.9172821044922
550.15087890625 232.60694885253906
560.3504028320312 232.65817260742188
570.7861328125 232.69432067871094
581.7598266601562 232.7496795654297
593.1751098632812 232.85455322265625
604.813720703125 232.93869018554688
617.1069946289062 233.09303283691406
629.6488037109375 233.24099731445312
642.73046875 233.33872985839844
656.4820556640625 233.4246826171875
670.61865234375 233.53451538085938
550.5769653320312 248.8566436767578
560.684326171875 249.31015014648438
571.319091796875 249.5572052001953
582.16259765625 249.87940979003906
593.478759765625 250.35345458984375
605.109375 250.635498046875
617.2872314453125 251.1541290283203
629.733642578125 251.4940948486328
642.77978515625 251.91307067871094
656.44580078125 252.43902587890625
670.5476684570312 252.88404846191406
551.0822143554688 265.0080871582031
561.270263671875 265.57977294921875
571.5943603515625 266.2801818847656
582.5140380859375 266.7875671386719
593.62548828125 267.5181579589844
605.3851928710938 268.2532653808594
617.404296875 268.8689880371094
629.8721313476562 269.60906982421875
642.7935791015625 270.47332763671875
656.4649047851562 271.3245849609375
670.4751586914062 272.1947937011719
551.5604248046875 280.9376220703125
561.5646362304688 281.74359130859375
572.12109375 282.6611633300781
582.7430419921875 283.6069030761719
594.0315551757812 284.56182861328125
605.5125732421875 285.5469665527344
617.549560546875 286.58111572265625
630.0005493164062 287.6532897949219
642.8983154296875 288.723388671875
656.4067993164062 289.913818359375
670.4186401367188 291.1979675292969
552.0540771484375 296.7484436035156
562.1575317382812 297.8623046875
572.4261474609375 299.0590515136719
583.225341796875 300.2748107910156
594.2998046875 301.48773193359375
605.7460327148438 302.7105712890625
617.7000122070312 304.1343688964844
630.2325439453125 305.4944152832031
642.989990234375 306.8991394042969
656.4426879882812 308.43695068359375
670.3359375 309.98345947265625
552.4930419921875 312.44195556640625
562.481201171875 313.7709655761719
572.7418823242188 315.2691955566406
583.5022583007812 316.6839294433594
594.5330200195312 318.258544921875
606.0897827148438 319.78936767578125
617.9114379882812 321.4494323730469
630.3469848632812 323.19281005859375
643.1812744140625 324.8525390625
656.4453735351562 326.71282958984375
670.3314208984375 328.6235046386719