1 720 1333
275.765380859375 368.2489318847656
304.6107482910156 363.54888916015625
333.27178955078125 358.8991394042969
361.6148376464844 354.3568420410156
389.6834716796875 349.75250244140625
417.4281005859375 345.2484436035156
444.769775390625 340.7081298828125
471.7952880859375 336.3039245605469
498.4955749511719 331.863525390625
524.7347412109375 327.45330810546875
550.7129516601562 323.1271057128906
287.667724609375 385.6052551269531
315.60186767578125 381.0245056152344
343.34661865234375 376.4650573730469
370.7236633300781 371.947021484375
397.9294738769531 367.4323425292969
424.71575927734375 362.93792724609375
451.3031005859375 358.50213623046875
477.43328857421875 354.11737060546875
503.3068542480469 349.737548828125
528.7232666015625 345.3921813964844
553.9332885742188 341.088623046875
298.87811279296875 402.0213928222656
325.9786376953125 397.47674560546875
352.7559509277344 393.0009460449219
379.3996887207031 388.504150390625
405.6630859375 384.08831787109375
431.64971923828125 379.65069580078125
457.3816833496094 375.2839050292969
482.6914367675781 370.9299621582031
507.7430725097656 366.6439208984375
532.5450439453125 362.3623352050781
556.9765625 358.0758361816406
309.52178955078125 417.432373046875
335.7356872558594 412.9844055175781
361.7080383300781 408.5453796386719
387.517578125 404.18817138671875
413.0009765625 399.7099609375
438.2564392089844 395.44189453125
463.1702575683594 391.1387634277344
487.72149658203125 386.8154602050781
512.0845947265625 382.6043395996094
536.1394653320312 378.3462219238281
559.8265991210938 374.1508483886719
319.53961181640625 431.9330139160156
344.98553466796875 427.5886535644531
370.2281494140625 423.2450256347656
395.2210693359375 418.8807678222656
419.9287414550781 414.5617370605469
444.40447998046875 410.3321838378906
468.59332275390625 406.07086181640625
492.48101806640625 401.8100891113281
516.18408203125 397.64105224609375
539.502685546875 393.4664306640625
562.5941162109375 389.33538818359375
329.0627136230469 445.646240234375
353.71820068359375 441.40679931640625
378.2370910644531 437.1497497558594
402.4836120605469 432.81024169921875
426.5010070800781 428.6016540527344
450.281494140625 424.3831787109375
473.75274658203125 420.2360534667969
497.0111999511719 416.0270690917969
520.01611328125 411.9198913574219
542.7008056640625 407.7489318847656
565.2260131835938 403.6492919921875
338.0611572265625 458.616943359375
361.9930725097656 454.4734191894531
385.7913818359375 450.2732238769531
409.3844909667969 446.04766845703125
432.7248229980469 441.84423828125
455.7888488769531 437.6837463378906
478.6806640625 433.5455322265625
501.3025207519531 429.4276123046875
523.6583251953125 425.3878173828125
545.7506103515625 421.3253173828125
567.6771240234375 417.25872802734375
346.5157470703125 470.9306640625
369.84759521484375 466.823486328125
392.95428466796875 462.6678771972656
415.9037780761719 458.5750732421875
438.6111145019531 454.447998046875
461.17071533203125 450.3311462402344
483.3815002441406 446.24591064453125
505.4030456542969 442.1474914550781
527.1793823242188 438.1400146484375
548.6950073242188 434.0528564453125
570.0209350585938 430.08770751953125