1 720 1333
577.2590942382812 210.00515747070312
595.3457641601562 209.62332153320312
613.4647827148438 209.4487762451172
631.6035766601562 209.1903839111328
649.8270874023438 208.78939819335938
668.2211303710938 208.58486938476562
686.4754028320312 208.41619873046875
704.7227783203125 208.2264404296875
723.1727905273438 207.96897888183594
741.435302734375 207.7054901123047
759.689208984375 207.57737731933594
578.1727294921875 228.47532653808594
596.1404418945312 228.21910095214844
614.1961669921875 227.8084259033203
632.2574462890625 227.5598602294922
650.3841552734375 227.41986083984375
668.4853515625 227.1905059814453
686.6087646484375 226.881591796875
704.786376953125 226.63278198242188
723.086669921875 226.5197296142578
741.2733764648438 226.39169311523438
759.4473876953125 226.2318878173828
579.0188598632812 246.61056518554688
596.8407592773438 246.4272918701172
614.723876953125 246.14712524414062
632.6981201171875 245.79708862304688
650.7162475585938 245.5725555419922
668.7368774414062 245.4285125732422
686.7709350585938 245.2701416015625
704.8731689453125 245.00453186035156
723.0219116210938 244.72972106933594
741.1453857421875 244.60214233398438
759.1968994140625 244.49024963378906
579.9149780273438 264.5960693359375
597.5919189453125 264.4278259277344
615.4766235351562 264.1744079589844
633.3353271484375 263.8440246582031
651.2492065429688 263.6193542480469
669.1550903320312 263.4814453125
687.0994262695312 263.349853515625
704.9658203125 263.1232604980469
722.9524536132812 262.89739990234375
740.8721313476562 262.6737365722656
758.7962646484375 262.57244873046875
580.7584228515625 282.41448974609375
598.451416015625 282.1836242675781
616.1742553710938 281.8574523925781
633.7872924804688 281.6187438964844
651.564453125 281.4787902832031
669.4218139648438 281.36224365234375
687.2505493164062 281.15576171875
705.1035766601562 280.8791809082031
722.8394775390625 280.7006530761719
740.6646118164062 280.5894775390625
758.5107421875 280.4681396484375
581.6891479492188 299.83477783203125
599.2577514648438 299.63702392578125
616.71435546875 299.46466064453125
634.4041137695312 299.3459167480469
652.0794677734375 299.114501953125
669.638671875 298.8202819824219
687.4480590820312 298.67108154296875
705.1488037109375 298.5359191894531
722.7747802734375 298.441162109375
740.510009765625 298.31829833984375
758.32763671875 298.1288757324219
582.5657958984375 317.2100524902344
599.9885864257812 316.93560791015625
617.4312744140625 316.7472839355469
634.8696899414062 316.5666198730469
652.4684448242188 316.4413146972656
670.0130004882812 316.34173583984375
687.5435180664062 316.1374816894531
705.2435913085938 315.8971862792969
722.6951293945312 315.7295837402344
740.41748046875 315.5914306640625
757.8460083007812 315.5072326660156
583.4821166992188 334.2666015625
600.7022094726562 334.070068359375
618.10107421875 333.8086242675781
635.4718627929688 333.6734619140625
652.7755126953125 333.5650634765625
670.330078125 333.4403381347656
687.7008056640625 333.3182678222656
705.2662963867188 333.10791015625
722.646728515625 332.9079284667969
740.207275390625 332.72833251953125
757.5933227539062 332.5806579589844