1 720 1333
422.91326904296875 56.46254348754883
435.9884033203125 69.46844482421875
449.0777282714844 82.47067260742188
462.0939636230469 95.41744232177734
475.1214599609375 108.32023620605469
487.9942321777344 121.21675109863281
500.8782958984375 133.89906311035156
513.707275390625 146.72793579101562
526.4683837890625 159.4049072265625
539.258056640625 171.99098205566406
551.8278198242188 184.5360107421875
417.6893615722656 70.11656188964844
430.5654296875 82.79534912109375
443.4109802246094 95.55115509033203
456.2417907714844 108.25716400146484
468.9197998046875 120.8510513305664
481.63555908203125 133.43267822265625
494.3623046875 146.13722229003906
506.8915710449219 158.49822998046875
519.4583740234375 170.99522399902344
531.88232421875 183.32546997070312
544.3909912109375 195.55006408691406
412.66656494140625 83.23269653320312
425.34527587890625 95.7063217163086
437.8871154785156 108.19756317138672
450.4730529785156 120.63286590576172
463.0533752441406 133.00828552246094
475.5140686035156 145.43338012695312
487.9357604980469 157.6155548095703
500.36468505859375 169.94554138183594
512.588623046875 182.13087463378906
524.9041748046875 194.2120361328125
537.1500244140625 206.30995178222656
407.7965087890625 95.89593505859375
420.2825622558594 108.1694564819336
432.60198974609375 120.3911361694336
444.99249267578125 132.560302734375
457.3567810058594 144.8184814453125
469.5799865722656 156.77146911621094
481.78240966796875 168.9625701904297
493.9734802246094 180.8705291748047
506.1295166015625 192.8581085205078
518.1593627929688 204.739501953125
530.2063598632812 216.5252685546875
403.232666015625 108.1904067993164
415.3905029296875 120.21086883544922
427.54412841796875 132.17372131347656
439.6673889160156 144.18211364746094
451.7937316894531 156.04005432128906
463.8434753417969 167.94493103027344
475.8826599121094 179.69866943359375
487.8357849121094 191.56240844726562
499.7122497558594 203.2940673828125
511.6211242675781 214.833251953125
523.4400024414062 226.54052734375
398.6399841308594 120.00257873535156
410.6488037109375 131.7299346923828
422.6080627441406 143.57867431640625
434.5870361328125 155.28492736816406
446.5108337402344 167.07994079589844
458.4200744628906 178.5869598388672
470.24346923828125 190.33181762695312
481.958251953125 201.78451538085938
493.6502685546875 213.3177490234375
505.3708190917969 224.74240112304688
516.9539794921875 236.0884246826172
394.37030029296875 131.4121856689453
406.1763000488281 143.04605102539062
417.882080078125 154.52786254882812
429.6318359375 166.17572021484375
441.4060363769531 177.51339721679688
453.09576416015625 189.07501220703125
464.6732177734375 200.37120056152344
476.3305969238281 211.69541931152344
487.7738037109375 223.06063842773438
499.3480529785156 234.1807861328125
510.7233581542969 245.4081268310547
390.16339111328125 142.52764892578125
401.70941162109375 153.8374481201172
413.3663635253906 165.27304077148438
424.899169921875 176.47789001464844
436.4276123046875 187.78712463378906
447.94537353515625 199.00201416015625
459.40460205078125 210.21975708007812
470.8089294433594 221.3269500732422
482.2093811035156 232.316650390625
493.51007080078125 243.42295837402344
504.7601623535156 254.3402099609375