1 720 1333
322.92852783203125 301.3868103027344
342.6976623535156 303.7955627441406
362.6604919433594 306.3417663574219
382.7624816894531 308.74664306640625
403.12860107421875 311.3420104980469
423.5794677734375 313.7398986816406
444.2207946777344 316.27508544921875
464.9619445800781 318.71868896484375
485.8329162597656 321.3098449707031
506.91827392578125 323.6602478027344
528.123046875 326.2076416015625
331.75067138671875 315.1723937988281
351.1397399902344 317.5894470214844
370.5642395019531 320.1127014160156
390.2336730957031 322.57647705078125
409.9664611816406 325.1259460449219
429.8969421386719 327.5527648925781
450.0172119140625 330.10125732421875
470.2582092285156 332.5474548339844
490.52008056640625 335.1363830566406
511.0912780761719 337.530029296875
531.6472778320312 340.0787658691406
340.27056884765625 328.2708740234375
359.1050720214844 330.6773376464844
378.06158447265625 333.233642578125
397.25946044921875 335.669189453125
416.5132751464844 338.2284851074219
435.9494934082031 340.68072509765625
455.5079040527344 343.23114013671875
475.275146484375 345.68603515625
495.0761413574219 348.3002624511719
515.0130004882812 350.6850891113281
535.1314697265625 353.2527770996094
348.3141174316406 340.67718505859375
366.633056640625 343.25030517578125
385.2303771972656 345.6278991699219
403.8788146972656 348.2296447753906
422.73095703125 350.6863708496094
441.64154052734375 353.2515563964844
460.72137451171875 355.6647033691406
479.95501708984375 358.288818359375
499.3211364746094 360.7093505859375
518.7208251953125 363.2733154296875
538.3690185546875 365.6983947753906
355.94366455078125 352.5523376464844
373.8828430175781 355.0882263183594
391.9996032714844 357.5229187011719
410.3092041015625 360.0622863769531
428.6187744140625 362.5499267578125
447.1522521972656 365.05352783203125
465.7207946777344 367.57366943359375
484.46331787109375 370.1087341308594
503.35125732421875 372.58880615234375
522.3323364257812 375.1138000488281
541.4544067382812 377.5623779296875
363.27276611328125 363.8055419921875
380.7754821777344 366.4045104980469
398.4930725097656 368.8035583496094
416.3354187011719 371.36199951171875
434.29217529296875 373.8201904296875
452.3304443359375 376.3730163574219
470.51861572265625 378.8441467285156
488.7353515625 381.40533447265625
507.22509765625 383.8700256347656
525.7150268554688 386.4010009765625
544.3927612304688 388.80389404296875
370.2810974121094 374.5991516113281
387.38275146484375 377.179931640625
404.6746520996094 379.6145935058594
422.10858154296875 382.1646423339844
439.6445617675781 384.6340637207031
457.2978210449219 387.1458740234375
475.08203125 389.5909118652344
492.8459167480469 392.12689208984375
510.8957824707031 394.6032409667969
528.9939575195312 397.1033935546875
547.2484741210938 399.52978515625
376.86822509765625 384.87945556640625
393.651611328125 387.4460144042969
410.5741882324219 389.9231872558594
427.61859130859375 392.46502685546875
444.7231750488281 394.88531494140625
462.04522705078125 397.41162109375
479.4443054199219 399.85382080078125
496.86273193359375 402.36639404296875
514.4611206054688 404.754638671875
532.1689453125 407.26922607421875
549.9629516601562 409.68280029296875