1 720 1333
497.4776611328125 176.4472198486328
511.97216796875 191.61163330078125
526.1928100585938 206.52464294433594
540.0438232421875 221.08596801757812
553.6063232421875 235.34434509277344
566.9019165039062 249.281494140625
579.9786987304688 262.8795471191406
592.7347412109375 276.3125305175781
605.3253173828125 289.42901611328125
617.6113891601562 302.2755126953125
629.64697265625 314.78936767578125
486.4080505371094 187.08897399902344
500.678466796875 201.90777587890625
514.7425537109375 216.4584503173828
528.5003662109375 230.62986755371094
542.0054931640625 244.5650634765625
555.2107543945312 258.21722412109375
568.144287109375 271.5279235839844
580.7569580078125 284.62005615234375
593.2733154296875 297.48406982421875
605.4853515625 310.07220458984375
617.4805297851562 322.3965148925781
475.5658264160156 197.41981506347656
489.7655029296875 211.83694458007812
503.6659240722656 226.0969696044922
517.3798217773438 239.913818359375
530.6776733398438 253.54275512695312
543.7719116210938 266.83734130859375
556.6319580078125 279.916015625
569.2439575195312 292.7127380371094
581.5684814453125 305.3597717285156
593.6854248046875 317.6047668457031
605.6177978515625 329.66217041015625
465.22088623046875 207.36192321777344
479.2568054199219 221.5254669189453
493.0532531738281 235.38511657714844
506.5337219238281 248.941162109375
519.7638549804688 262.2865295410156
532.7460327148438 275.3255920410156
545.5096435546875 288.0660095214844
558.0313720703125 300.58599853515625
570.295654296875 312.890869140625
582.3365478515625 324.94610595703125
594.1685180664062 336.7297668457031
455.1669006347656 217.05001831054688
469.0826721191406 230.78363037109375
482.69293212890625 244.40443420410156
496.1455993652344 257.6266784667969
509.2625732421875 270.6559753417969
522.1444702148438 283.4357604980469
534.7046508789062 295.9403076171875
547.1658935546875 308.2486572265625
559.3453369140625 320.32452392578125
571.326904296875 332.08612060546875
583.056884765625 343.62823486328125
445.42584228515625 226.35736083984375
459.2461242675781 239.84890747070312
472.7030944824219 253.1483612060547
485.9953918457031 266.1529846191406
499.0389099121094 278.7774963378906
511.7787170410156 291.3628845214844
524.3485717773438 303.5524597167969
536.6202392578125 315.602783203125
548.7073364257812 327.4300842285156
560.5819702148438 338.96881103515625
572.3152465820312 350.3347473144531
435.9978332519531 235.44175720214844
449.6456298828125 248.62982177734375
463.0976867675781 261.5820007324219
476.2641906738281 274.3167419433594
489.1674499511719 286.7371520996094
501.7764587402344 298.991455078125
514.2799072265625 310.9459533691406
526.4763793945312 322.7010803222656
538.4833374023438 334.3336486816406
550.28857421875 345.60491943359375
561.8484497070312 356.7174072265625
426.8623046875 244.21702575683594
440.4237976074219 257.1756591796875
453.6914367675781 269.7552490234375
466.7069396972656 282.2874755859375
479.55218505859375 294.4369812011719
492.15899658203125 306.42449951171875
504.4776611328125 318.172607421875
516.5943603515625 329.63720703125
528.513671875 340.96820068359375
540.2901611328125 352.0879821777344
551.728271484375 362.9375915527344