1 720 1333
159.99464416503906 207.33914184570312
179.5583038330078 199.3871307373047
199.29440307617188 191.35159301757812
219.305419921875 183.27001953125
239.5020294189453 175.08534240722656
259.983154296875 166.7745819091797
280.6664123535156 158.46437072753906
301.6476745605469 150.09872436523438
322.81915283203125 141.5779266357422
344.37213134765625 133.0807342529297
366.0491638183594 124.4687728881836
175.97825622558594 228.30767822265625
195.20623779296875 220.5949249267578
214.7004852294922 212.80023193359375
234.39303588867188 204.9333038330078
254.37254333496094 197.035888671875
274.49237060546875 189.04461669921875
294.9371337890625 180.96853637695312
315.55987548828125 172.80690002441406
336.4938659667969 164.62649536132812
357.6403503417969 156.3936767578125
379.07733154296875 148.10691833496094
191.4058380126953 248.57240295410156
210.43226623535156 241.16311645507812
229.53965759277344 233.57968139648438
249.04664611816406 225.94345092773438
268.6488037109375 218.34884643554688
288.5713806152344 210.55508422851562
308.6648254394531 202.71803283691406
329.1365966796875 194.8115234375
349.6403503417969 186.9462432861328
370.5531921386719 178.91134643554688
391.62188720703125 170.88644409179688
206.4506072998047 268.27435302734375
225.07574462890625 261.0065612792969
244.05050659179688 253.666748046875
263.21173095703125 246.35964965820312
282.6139221191406 238.86805725097656
302.2122497558594 231.43148803710938
322.180908203125 223.80804443359375
342.20947265625 216.2476806640625
362.5359191894531 208.52880859375
383.0670471191406 200.74717712402344
403.8542785644531 192.9505615234375
220.83030700683594 287.3222351074219
239.37454223632812 280.2615051269531
258.0081481933594 273.19970703125
276.9742431640625 266.0668640136719
296.1046142578125 258.7686462402344
315.50482177734375 251.55767822265625
335.0950622558594 244.23574829101562
354.88348388671875 236.7994384765625
374.8955993652344 229.4139404296875
395.245361328125 221.81385803222656
415.66162109375 214.33021545410156
234.88865661621094 305.609130859375
253.15016174316406 298.85162353515625
271.6440734863281 292.031982421875
290.2835388183594 285.1070556640625
309.2790222167969 278.1228942871094
328.3405456542969 271.08648681640625
347.70086669921875 263.90673828125
367.2619323730469 256.7390441894531
387.025390625 249.53085327148438
406.99822998046875 242.2919158935547
427.1936950683594 234.84852600097656
248.56626892089844 323.533203125
266.53955078125 316.8398742675781
284.76531982421875 310.27685546875
303.31390380859375 303.54864501953125
321.8834228515625 296.706298828125
340.7966613769531 289.9073486328125
359.89501953125 283.0227966308594
379.2240295410156 276.04425048828125
398.7200927734375 269.1117248535156
418.4023132324219 261.9051208496094
438.3005065917969 254.76300048828125
261.71826171875 340.7138671875
279.5913391113281 334.4244079589844
297.58447265625 327.9300842285156
315.8035888671875 321.40130615234375
334.3153991699219 314.8046875
352.9348449707031 308.2005920410156
371.72265625 301.46759033203125
390.8236389160156 294.6767272949219
410.0389404296875 287.8187255859375
429.4861145019531 280.95465087890625
449.11279296875 274.0318298339844