1 720 1333
278.5813293457031 186.9507598876953
295.6280212402344 182.63316345214844
312.9869689941406 178.24072265625
330.56402587890625 173.74302673339844
348.40216064453125 169.27845764160156
366.49395751953125 164.674560546875
384.86376953125 160.13107299804688
403.5387878417969 155.47866821289062
422.38641357421875 150.75897216796875
441.5626220703125 146.09742736816406
460.9638366699219 141.35153198242188
288.5694274902344 206.23883056640625
305.4415283203125 202.06842041015625
322.5718078613281 197.8280487060547
339.9034729003906 193.5467529296875
357.6115417480469 189.3185577392578
375.5040588378906 184.91810607910156
393.6614685058594 180.56979370117188
412.0918884277344 176.1688690185547
430.7071838378906 171.66384887695312
449.6528625488281 167.2032928466797
468.80535888671875 162.59291076660156
298.2283630371094 224.90362548828125
314.968505859375 220.93374633789062
331.8322448730469 216.9208984375
349.16668701171875 212.8346710205078
366.5361633300781 208.73866271972656
384.3253479003906 204.60304260253906
402.27044677734375 200.4272918701172
420.45965576171875 196.24644470214844
438.8008728027344 191.95260620117188
457.5550231933594 187.61622619628906
476.4854431152344 183.3122100830078
307.7156677246094 243.20721435546875
324.25433349609375 239.39678955078125
341.08209228515625 235.53611755371094
358.0438232421875 231.6549835205078
375.3555908203125 227.6997528076172
392.8117370605469 223.74722290039062
410.5982971191406 219.77464294433594
428.52935791015625 215.75743103027344
446.76116943359375 211.66534423828125
465.247802734375 207.50453186035156
483.9169616699219 203.36990356445312
316.8504333496094 260.9361572265625
333.3746032714844 257.3167419433594
349.890625 253.63912963867188
366.7413024902344 249.88150024414062
383.8336486816406 246.26345825195312
401.2484130859375 242.42999267578125
418.6955871582031 238.5883026123047
436.5021057128906 234.7452850341797
454.4519348144531 230.8077392578125
472.67108154296875 226.8268585205078
491.16107177734375 222.82376098632812
326.00250244140625 278.2350158691406
342.204345703125 274.7489013671875
358.5963439941406 271.31048583984375
375.3283386230469 267.7261962890625
392.2525329589844 264.1734924316406
409.343994140625 260.5318298339844
426.654052734375 256.87664794921875
444.2294616699219 253.22372436523438
461.97467041015625 249.466796875
479.9852600097656 245.63291931152344
498.2181091308594 241.72915649414062
334.7450256347656 295.0991516113281
350.7823791503906 291.723876953125
367.1489562988281 288.4530029296875
383.5810546875 285.0533447265625
400.352783203125 281.61553955078125
417.2751159667969 278.2233581542969
434.4100646972656 274.6099548339844
451.71112060546875 271.18572998046875
469.3326110839844 267.51513671875
487.05755615234375 263.8297424316406
505.1370849609375 260.23187255859375
343.3489685058594 311.45074462890625
359.3099060058594 308.3502502441406
375.3345031738281 305.14971923828125
391.6846618652344 301.8952331542969
408.23095703125 298.6239929199219
424.9640808105469 295.3350830078125
441.8998107910156 291.9651184082031
459.1145324707031 288.5231628417969
476.4187927246094 285.1496276855469
494.0072937011719 281.5827941894531
511.7305908203125 278.081787109375