1 720 1333
240.2584686279297 101.51795196533203
259.5654296875 98.55359649658203
279.0142822265625 95.67913055419922
298.71429443359375 92.67989349365234
318.5824279785156 89.83421325683594
338.6652526855469 86.86022186279297
358.91510009765625 83.9462890625
379.4271545410156 81.03709411621094
400.08209228515625 78.06505584716797
420.9060363769531 75.20928192138672
441.9638977050781 72.26071166992188
236.69798278808594 119.25887298583984
256.1889343261719 116.46625518798828
275.84991455078125 113.5084457397461
295.68585205078125 110.69916534423828
315.7721252441406 107.72738647460938
336.075927734375 104.83518981933594
356.55426025390625 101.94186401367188
377.2476806640625 99.07765197753906
398.1388244628906 96.1375503540039
419.24041748046875 93.31121826171875
440.4918518066406 90.39454650878906
233.17115783691406 137.50584411621094
252.76239013671875 134.59669494628906
272.592041015625 131.80201721191406
292.6880798339844 128.8968505859375
312.9519348144531 126.1344223022461
333.4571533203125 123.27047729492188
354.1462707519531 120.41995239257812
375.00555419921875 117.4819107055664
396.1197509765625 114.58549499511719
417.4199523925781 111.73582458496094
438.9210205078125 108.89798736572266
229.47952270507812 156.0859375
249.3036346435547 153.3418731689453
269.3775329589844 150.49227905273438
289.5588073730469 147.66262817382812
310.09466552734375 144.82431030273438
330.7057189941406 142.054443359375
351.6252136230469 139.2742462158203
372.7013244628906 136.41378784179688
394.0683898925781 133.51614379882812
415.5984802246094 130.72012329101562
437.393310546875 127.96099090576172
225.7093505859375 175.1122589111328
245.76512145996094 172.3743133544922
265.9222412109375 169.60919189453125
286.4486999511719 166.78848266601562
307.1093444824219 164.13787841796875
328.0277099609375 161.3406219482422
349.1081237792969 158.52662658691406
370.4255065917969 155.6865997314453
391.956298828125 152.89077758789062
413.7742614746094 150.2259979248047
435.7824401855469 147.43492126464844
221.9757080078125 194.55918884277344
242.14291381835938 191.8113250732422
262.60687255859375 189.18043518066406
283.1610412597656 186.5045166015625
304.2057189941406 183.68785095214844
325.2093200683594 181.0848388671875
346.5604248046875 178.30648803710938
368.1548767089844 175.53172302246094
389.90264892578125 172.74729919433594
411.94805908203125 170.17727661132812
434.2956848144531 167.44346618652344
218.1857147216797 214.34803771972656
238.5097198486328 211.71820068359375
259.1742858886719 209.1939697265625
279.9795837402344 206.49496459960938
301.0654296875 203.84083557128906
322.45916748046875 201.25067138671875
343.94464111328125 198.58367919921875
365.7850036621094 195.81088256835938
387.8117980957031 193.22715759277344
410.22088623046875 190.51904296875
432.60357666015625 187.8819122314453
214.23208618164062 234.65061950683594
234.80393981933594 232.08570861816406
255.58154296875 229.53541564941406
276.6786804199219 226.96212768554688
298.0132751464844 224.45887756347656
319.5492248535156 221.82643127441406
341.4538879394531 219.30328369140625
363.45709228515625 216.69552612304688
385.73260498046875 214.07069396972656
408.35479736328125 211.5002899169922
431.1897277832031 208.83583068847656