1 720 1333
495.7256774902344 313.30816650390625
516.1551513671875 321.38140869140625
536.0905151367188 329.27789306640625
555.5479125976562 336.8721008300781
574.6184692382812 344.4501037597656
593.304931640625 351.8061218261719
611.5638427734375 358.97637939453125
629.4419555664062 366.04229736328125
646.9421997070312 372.8631286621094
664.024658203125 379.54241943359375
680.6814575195312 386.0994567871094
487.81072998046875 330.5560302734375
508.0241394042969 338.3650817871094
527.7583618164062 345.8760070800781
547.1632080078125 353.38128662109375
566.1087646484375 360.58612060546875
584.5648803710938 367.6536865234375
602.6997680664062 374.5749206542969
620.4779052734375 381.3973388671875
637.80859375 388.028076171875
654.8275146484375 394.45172119140625
671.463623046875 400.6965026855469
480.1407165527344 347.42230224609375
500.2066955566406 354.8529357910156
519.7273559570312 362.19378662109375
538.9039916992188 369.3739318847656
557.6795654296875 376.3743591308594
576.1089477539062 383.225341796875
594.1385498046875 389.8473815917969
611.6995239257812 396.39971923828125
629.0445556640625 402.7811584472656
645.8856201171875 408.98077392578125
662.426513671875 415.0893859863281
472.6097717285156 363.7845458984375
492.4967041015625 371.0249938964844
511.9015808105469 378.0964050292969
530.9483032226562 384.9424743652344
549.60205078125 391.6952209472656
567.7655029296875 398.32232666015625
585.6878051757812 404.72259521484375
603.2448120117188 411.1340637207031
620.3749389648438 417.2816162109375
637.1998291015625 423.25421142578125
653.564453125 429.0701904296875
465.3645324707031 379.807373046875
485.061279296875 386.7390441894531
504.3316345214844 393.5370178222656
523.2247924804688 400.2490234375
541.678955078125 406.6766357421875
559.7234497070312 413.0618896484375
577.520263671875 419.3162536621094
594.84130859375 425.384765625
611.9302978515625 431.3609619140625
628.5972900390625 437.05816650390625
644.9658203125 442.693115234375
458.2180480957031 395.423828125
477.71612548828125 402.11419677734375
496.8755798339844 408.62713623046875
515.587646484375 415.1043395996094
533.9220581054688 421.3575134277344
551.8710327148438 427.4600524902344
569.5232543945312 433.47210693359375
586.7804565429688 439.335205078125
603.6626586914062 445.0811462402344
620.3184204101562 450.6245422363281
636.5079345703125 456.06121826171875
451.3169860839844 410.5936584472656
470.635986328125 417.0889587402344
489.6254577636719 423.39886474609375
508.28564453125 429.57012939453125
526.4525756835938 435.6018981933594
544.3079223632812 441.5066833496094
561.7188720703125 447.3132019042969
578.8692626953125 452.8826904296875
595.666259765625 458.46258544921875
612.1923217773438 463.7943420410156
628.2822875976562 469.0871276855469
444.5257873535156 425.4505920410156
463.7575378417969 431.6398620605469
482.5854187011719 437.7265319824219
501.0892639160156 443.7028503417969
519.151611328125 449.5060729980469
536.7913208007812 455.2421875
554.2366333007812 460.7371520996094
571.200439453125 466.2596435546875
587.7965698242188 471.5056457519531
604.249267578125 476.6346740722656
620.2460327148438 481.6819152832031