1 720 1333
566.8197631835938 227.5560760498047
571.2396240234375 215.4461669921875
575.739501953125 202.81991577148438
580.526123046875 189.5682373046875
585.524658203125 175.93927001953125
590.673095703125 161.46527099609375
596.2132568359375 146.51754760742188
601.846435546875 130.71926879882812
607.7999267578125 114.32111358642578
614.2219848632812 97.02928161621094
620.7686767578125 78.9104232788086
577.445068359375 239.44802856445312
582.064208984375 227.43948364257812
586.8327026367188 214.97354125976562
591.8939819335938 202.06491088867188
597.2042846679688 188.4033966064453
602.6343994140625 174.33680725097656
608.4512329101562 159.43563842773438
614.464599609375 143.9819793701172
620.7210693359375 127.64752960205078
627.45458984375 110.60340118408203
634.44775390625 92.68041229248047
588.1934204101562 251.3920440673828
593.0552368164062 239.64883422851562
598.1229248046875 227.342041015625
603.4263916015625 214.53208923339844
608.9163818359375 201.25003051757812
614.7193603515625 187.17774963378906
620.7902221679688 172.57485961914062
627.2039794921875 157.2996368408203
633.7850341796875 141.3040008544922
640.8209838867188 124.3957748413086
648.304443359375 106.69791412353516
599.078369140625 263.6352844238281
604.1694946289062 251.97117614746094
609.50341796875 239.91664123535156
615.0846557617188 227.30210876464844
620.843505859375 214.1105499267578
627.02685546875 200.38983154296875
633.4286499023438 185.8834686279297
640.144775390625 170.83897399902344
647.131591796875 154.96075439453125
654.5344848632812 138.41693115234375
662.358642578125 120.92929077148438
609.99267578125 275.8909606933594
615.4041137695312 264.5646057128906
620.9586181640625 252.5547637939453
626.8070678710938 240.23672485351562
632.9949340820312 227.2383575439453
639.4457397460938 213.6345977783203
646.2199096679688 199.4815673828125
653.2161865234375 184.58157348632812
660.5704345703125 169.04263305664062
668.4058227539062 152.6006317138672
676.5841064453125 135.4151611328125
621.1665649414062 288.4800109863281
626.707763671875 277.1918029785156
632.6222534179688 265.52764892578125
638.768798828125 253.2340087890625
645.3145141601562 240.5391845703125
652.0563354492188 227.171875
659.1278686523438 213.24234008789062
666.5271606445312 198.56781005859375
674.2896728515625 183.24508666992188
682.4984741210938 167.1074676513672
691.1444702148438 150.12020874023438
632.3703002929688 301.0901794433594
638.33251953125 290.1293640136719
644.4656372070312 278.5535888671875
650.9328002929688 266.5707702636719
657.6865234375 253.9170379638672
664.7611083984375 240.86886596679688
672.2910766601562 227.11917114257812
680.0455322265625 212.7066192626953
688.2537841796875 197.61082458496094
696.7860107421875 181.70388793945312
705.8499145507812 165.0395965576172
643.6821899414062 313.9234619140625
649.8682861328125 303.1292724609375
656.431884765625 291.8127136230469
663.2473754882812 280.0006103515625
670.3599243164062 267.69427490234375
677.7343139648438 254.715576171875
685.5560913085938 241.28721618652344
693.72021484375 227.07203674316406
702.3776245117188 212.23263549804688
711.4252319335938 196.57472229003906
720.8953857421875 180.13108825683594