1 720 1333
642.6617431640625 202.32835388183594
651.60107421875 214.94696044921875
660.1036987304688 227.0055694580078
668.1383666992188 238.44056701660156
675.7030029296875 249.3304443359375
682.919189453125 259.5904846191406
689.8165893554688 269.4710998535156
696.4324340820312 278.78521728515625
702.6371459960938 287.7852478027344
708.5924682617188 296.3235168457031
714.318115234375 304.4805908203125
628.0667114257812 217.71310424804688
637.439453125 230.1143035888672
646.2926025390625 241.72909545898438
654.65576171875 252.82432556152344
662.6397705078125 263.39971923828125
670.2937622070312 273.387451171875
677.46044921875 282.876708984375
684.386962890625 292.0126953125
690.8959350585938 300.6595764160156
697.1994018554688 308.9500732421875
703.1619262695312 316.8018493652344
613.37744140625 233.38893127441406
623.1882934570312 245.29782104492188
632.4308471679688 256.5956726074219
641.2565307617188 267.35272216796875
649.5549926757812 277.5347595214844
657.4879150390625 287.2334289550781
665.0706176757812 296.44927978515625
672.30029296875 305.2622375488281
679.1753540039062 313.6441345214844
685.6311645507812 321.63458251953125
691.8642578125 329.34002685546875
598.5982666015625 249.11109924316406
608.8124389648438 260.6081848144531
618.5076904296875 271.5322265625
627.6539916992188 281.89935302734375
636.4262084960938 291.7544860839844
644.6512451171875 301.1893005371094
652.568359375 310.0708923339844
660.1482543945312 318.5616760253906
667.3228149414062 326.6598205566406
674.1277465820312 334.4471740722656
680.5897216796875 341.7714538574219
583.8118896484375 264.83050537109375
594.4940185546875 276.00079345703125
604.5526733398438 286.5430908203125
614.1744384765625 296.5640869140625
623.258056640625 306.10943603515625
631.8246459960938 315.1392517089844
640.0848999023438 323.7062072753906
647.894775390625 331.8880920410156
655.413330078125 339.7745056152344
662.5036010742188 347.2315368652344
669.322021484375 354.3551025390625
569.0679931640625 280.6957092285156
580.163818359375 291.4927062988281
590.5872192382812 301.6149597167969
600.5406494140625 311.30279541015625
609.9866943359375 320.46392822265625
618.9443359375 329.1933288574219
627.5264892578125 337.4534912109375
635.6464233398438 345.3744201660156
643.4747924804688 352.8563537597656
650.80322265625 360.1003723144531
657.892822265625 366.85882568359375
554.2887573242188 296.6440734863281
565.7095336914062 306.968994140625
576.5950317382812 316.7395324707031
586.911376953125 326.0688171386719
596.7034301757812 334.8392333984375
606.0823974609375 343.25555419921875
614.9249267578125 351.249267578125
623.4270629882812 358.7512512207031
631.4794921875 366.05322265625
639.1997680664062 372.8697204589844
646.5009155273438 379.473876953125
539.4241943359375 312.64129638671875
551.36474609375 322.5803527832031
562.6080932617188 331.95465087890625
573.3688354492188 340.8588562011719
583.4904174804688 349.3327941894531
593.1697998046875 357.3768615722656
602.3778686523438 364.9491271972656
611.1420288085938 372.271728515625
619.4609375 379.1553955078125
627.4252319335938 385.7110900878906
635.010986328125 392.0238952636719