1 720 1333
402.6271667480469 279.39306640625
434.3658447265625 267.9627380371094
465.4756164550781 256.7389831542969
495.99267578125 245.82321166992188
525.9408569335938 235.14691162109375
555.2498168945312 224.66302490234375
584.004150390625 214.46478271484375
612.2120361328125 204.4591064453125
639.7271118164062 194.75779724121094
666.7756958007812 185.3707275390625
693.2047119140625 176.15713500976562
415.64959716796875 309.7272033691406
447.18719482421875 298.0318908691406
477.9339904785156 286.58697509765625
508.2501220703125 275.3740539550781
537.8302612304688 264.4319152832031
566.8693237304688 253.65940856933594
595.4296264648438 243.17373657226562
623.4137573242188 232.8639373779297
650.753173828125 222.89352416992188
677.5936889648438 213.2281951904297
703.760498046875 203.74179077148438
428.6252746582031 339.75885009765625
459.7571716308594 327.8124694824219
490.3727111816406 316.15789794921875
520.3111572265625 304.6429748535156
549.6671752929688 293.4340515136719
578.501708984375 282.45672607421875
606.77734375 271.64959716796875
634.5574340820312 261.18365478515625
661.7405395507812 250.87808227539062
688.38330078125 240.91494750976562
714.3742065429688 231.21238708496094
441.5797424316406 369.5589294433594
472.44439697265625 357.39886474609375
502.6489562988281 345.4734191894531
532.3553466796875 333.69915771484375
561.4945068359375 322.2975158691406
590.0834350585938 311.03729248046875
618.1798706054688 300.0155029296875
645.6805419921875 289.2619323730469
672.6417846679688 278.7099304199219
699.07861328125 268.4657897949219
724.7874145507812 258.4934997558594
454.4193420410156 399.0513610839844
484.8970642089844 386.63861083984375
514.8457641601562 374.5110168457031
544.3296508789062 362.55877685546875
573.1992797851562 350.8093566894531
601.5418701171875 339.40911865234375
629.42822265625 328.1523132324219
656.701171875 317.1346740722656
683.4993896484375 306.3495178222656
709.5944213867188 295.8061218261719
735.2207641601562 285.54302978515625
467.1864318847656 428.23651123046875
497.4005126953125 415.6000671386719
527.1170654296875 403.2754821777344
556.2686767578125 391.1456604003906
584.841796875 379.2615966796875
612.9675903320312 367.5273742675781
640.5810546875 356.03753662109375
667.64111328125 344.7550354003906
694.24560546875 333.7293395996094
720.1375732421875 322.9745178222656
745.4478759765625 312.47607421875
479.7651062011719 457.0917053222656
509.72979736328125 444.2986145019531
539.197509765625 431.65252685546875
568.0786743164062 419.3956298828125
596.4597778320312 407.2879333496094
624.3355712890625 395.37335205078125
651.6434936523438 383.6462097167969
678.5374145507812 372.211669921875
704.74072265625 360.91070556640625
730.4930419921875 349.9048156738281
755.59375 339.20562744140625
492.3548889160156 485.5589599609375
522.04736328125 472.5594482421875
551.230224609375 459.8005065917969
579.7945556640625 447.3435974121094
607.9085083007812 435.0002136230469
635.5343627929688 422.851318359375
662.6329956054688 410.978759765625
689.2908935546875 399.32696533203125
715.2769165039062 387.7732849121094
740.6516723632812 376.5996398925781
765.5526123046875 365.56170654296875