1 720 1333
553.98828125 434.23089599609375
556.614013671875 444.5623779296875
559.46826171875 455.4244384765625
562.3880615234375 466.6853332519531
565.4531860351562 478.51568603515625
568.6107177734375 490.8711242675781
571.989501953125 503.81903076171875
575.5230712890625 517.4324340820312
579.25439453125 531.67529296875
583.1416625976562 546.7266235351562
587.245849609375 562.5681762695312
540.189697265625 443.26483154296875
542.492919921875 453.746826171875
544.9336547851562 464.76385498046875
547.5799560546875 476.2994384765625
550.3433227539062 488.3069152832031
553.1681518554688 500.845703125
556.1443481445312 514.1011352539062
559.2317504882812 527.8577270507812
562.4783325195312 542.404052734375
565.909912109375 557.6702270507812
569.5455322265625 573.7763061523438
526.3643188476562 452.2314453125
528.423095703125 462.9376220703125
530.5636596679688 474.13177490234375
532.7916259765625 485.749267578125
535.2302856445312 498.04486083984375
537.6278076171875 510.8047790527344
540.2919311523438 524.2615356445312
542.9707641601562 538.3063354492188
545.741455078125 553.040771484375
548.7584838867188 568.5799560546875
551.9337768554688 584.9725952148438
512.5595092773438 461.1957702636719
514.3402709960938 472.0323791503906
516.1888427734375 483.4471130371094
518.1561279296875 495.30194091796875
520.1287231445312 507.71307373046875
522.2742309570312 520.6622314453125
524.4811401367188 534.3759155273438
526.710693359375 548.5924072265625
529.1878051757812 563.6047973632812
531.725830078125 579.4423828125
534.4688110351562 596.1248779296875
498.7557678222656 470.05963134765625
500.346435546875 481.16302490234375
501.78887939453125 492.62261962890625
503.4630432128906 504.7398376464844
505.1752014160156 517.37060546875
506.830322265625 530.5809936523438
508.6560363769531 544.4334716796875
510.5906982421875 558.9252319335938
512.600830078125 574.198486328125
514.751953125 590.2561645507812
517.0968017578125 607.1323852539062
485.1761169433594 478.9863586425781
486.337646484375 490.1261291503906
487.50506591796875 501.94964599609375
488.7654724121094 514.2081909179688
490.2359313964844 526.9645385742188
491.5565490722656 540.4163208007812
493.0372009277344 554.4857177734375
494.5679626464844 569.2247314453125
496.19482421875 584.657470703125
497.8601379394531 600.9234619140625
499.68316650390625 618.1371459960938
471.4592590332031 487.6687316894531
472.4277648925781 499.186767578125
473.3193359375 511.0906677246094
474.32989501953125 523.5260009765625
475.32342529296875 536.5509033203125
476.3788146972656 550.213623046875
477.4623107910156 564.456787109375
478.58367919921875 579.4723510742188
479.74267578125 595.14208984375
481.1645202636719 611.6629028320312
482.474365234375 629.0364990234375
457.8143005371094 496.51092529296875
458.4291687011719 508.1437072753906
459.12286376953125 520.2583618164062
459.6128845214844 532.868408203125
460.4356384277344 546.1382446289062
461.22412109375 559.8798828125
461.8906555175781 574.4722290039062
462.70068359375 589.56787109375
463.542724609375 605.5638427734375
464.45733642578125 622.3338012695312
465.4805603027344 639.87158203125