1 720 1333
694.6653442382812 453.0779724121094
712.4769287109375 456.96441650390625
730.0746459960938 460.7877197265625
747.5036010742188 464.6383972167969
764.7691650390625 468.4677429199219
781.8916015625 472.2613525390625
798.968017578125 475.9110412597656
815.8221435546875 479.6082763671875
832.60009765625 483.2602233886719
849.2695922851562 486.839111328125
865.6151733398438 490.48992919921875
692.7902221679688 469.9302673339844
710.8532104492188 473.8302917480469
728.7131958007812 477.69512939453125
746.5031127929688 481.5188903808594
764.1572875976562 485.3703308105469
781.514892578125 489.1072998046875
798.7634887695312 492.7504577636719
815.9796142578125 496.4463806152344
833.0158081054688 500.1053466796875
849.8256225585938 503.6809997558594
866.56103515625 507.2950744628906
690.905517578125 487.3753662109375
709.31787109375 491.3079833984375
727.4592895507812 495.1631164550781
745.4853515625 498.9197998046875
763.4122924804688 502.7137145996094
781.1431884765625 506.4962463378906
798.61767578125 510.18560791015625
816.1697387695312 513.80859375
833.4700927734375 517.4435424804688
850.5104370117188 521.0864868164062
867.5227661132812 524.6561279296875
688.913330078125 505.37481689453125
707.5730590820312 509.2810974121094
726.125732421875 513.1503295898438
744.4352416992188 516.8916625976562
762.58935546875 520.6975708007812
780.5846557617188 524.45654296875
798.4837036132812 528.1204223632812
816.27587890625 531.7637329101562
833.7431030273438 535.40234375
851.2818603515625 539.0270385742188
868.4868774414062 542.542724609375
686.8916015625 523.929443359375
705.8570556640625 527.809814453125
724.656005859375 531.6665649414062
743.4061279296875 535.5116577148438
761.7791137695312 539.2867431640625
780.2522583007812 543.0339965820312
798.3568115234375 546.6798095703125
816.3990478515625 550.353515625
834.2828979492188 553.907470703125
851.8513793945312 557.5095825195312
869.4649658203125 561.1126098632812
684.7528076171875 543.1988525390625
704.1678466796875 547.077880859375
723.3018798828125 550.8799438476562
742.2862548828125 554.6857299804688
761.0973510742188 558.5067749023438
779.6055297851562 562.2254028320312
798.2097778320312 565.8492431640625
816.4891357421875 569.5036010742188
834.6029052734375 573.0615234375
852.5916748046875 576.6390991210938
870.4258422851562 580.1776733398438
682.5982055664062 563.0494995117188
702.3373413085938 566.9432373046875
721.7135009765625 570.7489624023438
741.1416625976562 574.573974609375
760.2730102539062 578.341064453125
779.1642456054688 582.0396728515625
797.9500122070312 585.6439208984375
816.5228271484375 589.3102416992188
835.0821533203125 592.8567504882812
853.377197265625 596.4166870117188
871.4577026367188 599.8760375976562
680.4196166992188 583.6281127929688
700.4156494140625 587.5338745117188
720.2787475585938 591.3793334960938
739.8541259765625 595.1574096679688
759.3858642578125 598.8388061523438
778.6153564453125 602.5603637695312
797.6741943359375 606.2202758789062
816.62353515625 609.760009765625
835.4564819335938 613.3435668945312
854.034912109375 616.8169555664062
872.3946533203125 620.2932739257812