1 720 1333
872.5645141601562 148.64637756347656
887.9022827148438 145.6895751953125
902.6385498046875 142.90411376953125
916.6171875 140.27967834472656
930.1565551757812 137.67141723632812
942.767578125 135.32591247558594
955.1731567382812 132.8983917236328
966.712890625 130.70880126953125
978.2030029296875 128.58236694335938
988.753662109375 126.60234832763672
999.2600708007812 124.61859130859375
875.0658569335938 175.6649932861328
890.324462890625 172.17823791503906
904.6829223632812 168.73471069335938
918.6034545898438 165.53472900390625
931.7780151367188 162.4607696533203
944.4996948242188 159.52609252929688
956.576171875 156.7064208984375
968.2950439453125 154.030029296875
979.4044799804688 151.45176696777344
990.1168823242188 148.9872589111328
1000.281005859375 146.62191772460938
877.5321044921875 202.16574096679688
892.4876098632812 198.0594940185547
906.7721557617188 194.1669921875
920.4898681640625 190.35682678222656
933.553955078125 186.73646545410156
946.1342163085938 183.38653564453125
958.13623046875 180.09259033203125
969.5670776367188 176.8967742919922
980.63134765625 173.92112731933594
991.2495727539062 171.03585815429688
1001.3983764648438 168.30458068847656
879.870849609375 228.11273193359375
894.6964721679688 223.43911743164062
908.7933959960938 218.9994659423828
922.3684692382812 214.7223358154297
935.3253784179688 210.65328979492188
947.6063232421875 206.76988220214844
959.5150756835938 203.07073974609375
970.8663940429688 199.4998321533203
981.8428955078125 196.0482177734375
992.3470458984375 192.73744201660156
1002.364990234375 189.6005096435547
882.316162109375 253.4915008544922
896.8143310546875 248.33778381347656
910.7817993164062 243.3728790283203
924.1903076171875 238.63070678710938
936.8994140625 234.16456604003906
949.2081298828125 229.7464599609375
960.8367919921875 225.62570190429688
972.2355346679688 221.61024475097656
983.0459594726562 217.81317138671875
993.4025268554688 214.1336669921875
1003.3434448242188 210.5854034423828
884.5574340820312 278.3708190917969
898.8705444335938 272.701904296875
912.6841430664062 267.3148193359375
925.8755493164062 262.1496276855469
938.535888671875 257.17218017578125
950.6203002929688 252.395263671875
962.2817993164062 247.7727508544922
973.4598388671875 243.4374542236328
984.1893920898438 239.2364959716797
994.3893432617188 235.18423461914062
1004.236328125 231.2542266845703
886.71826171875 302.6814270019531
901.0459594726562 296.5679626464844
914.5570678710938 290.69842529296875
927.6044311523438 285.1226806640625
940.1094970703125 279.6941223144531
952.0281372070312 274.54010009765625
963.4976196289062 269.5703430175781
974.521484375 264.7711181640625
985.188720703125 260.24676513671875
995.3485717773438 255.75022888183594
1005.0422973632812 251.54930114746094
889.0004272460938 326.5417785644531
903.0184936523438 320.00634765625
916.456787109375 313.6627197265625
929.3221435546875 307.64617919921875
941.5625 301.8424987792969
953.4231567382812 296.3296203613281
964.6801147460938 290.93328857421875
975.5385131835938 285.80291748046875
986.12548828125 280.8179626464844
996.123779296875 276.1678466796875
1005.6958618164062 271.5169372558594