1 720 1333
551.5493774414062 457.43170166015625
562.4085693359375 465.42913818359375
573.5142822265625 473.6836853027344
585.1797485351562 482.3279113769531
597.1903076171875 491.22216796875
609.618896484375 500.4021301269531
622.5521240234375 509.8857727050781
636.0462646484375 519.7710571289062
649.9506225585938 530.0723876953125
664.5123291015625 540.6910400390625
679.5891723632812 551.7749633789062
539.1595458984375 470.4438171386719
549.7201538085938 478.685546875
560.8252563476562 487.3540954589844
572.2938842773438 496.2692565917969
584.2401733398438 505.4870910644531
596.5374145507812 515.0538940429688
609.3987426757812 524.9689331054688
622.6412963867188 535.2794799804688
636.5426635742188 545.9053955078125
650.928955078125 557.0712280273438
665.9744873046875 568.5872802734375
526.398681640625 483.585205078125
536.899658203125 492.2945556640625
547.7959594726562 501.2152404785156
559.2531127929688 510.4637451171875
570.91357421875 520.0728149414062
583.2505493164062 529.9856567382812
595.84423828125 540.3416137695312
609.1394653320312 551.0543212890625
622.7433471679688 562.1622924804688
637.1349487304688 573.7064208984375
651.9893798828125 585.729736328125
513.4006958007812 497.1600341796875
523.7474975585938 506.0574035644531
534.5935668945312 515.3458251953125
545.7642822265625 524.902099609375
557.4730834960938 534.8701171875
569.5040893554688 545.2816772460938
582.1638793945312 556.0050048828125
595.1734008789062 567.156005859375
608.7395629882812 578.6914672851562
622.8933715820312 590.7490234375
637.66259765625 603.3651733398438
500.2399597167969 510.7433776855469
510.444091796875 520.1083374023438
521.1433715820312 529.6831665039062
532.2115478515625 539.6640625
543.6377563476562 550.0982666015625
555.6004028320312 560.7890014648438
568.032470703125 571.9605712890625
580.931884765625 583.5764770507812
594.4020385742188 595.6099853515625
608.453369140625 608.2723999023438
623.0874633789062 621.362060546875
486.6447448730469 524.7233276367188
496.7772216796875 534.418701171875
507.323974609375 544.4424438476562
518.2747192382812 554.7611083984375
529.5697631835938 565.542236328125
541.410400390625 576.7077026367188
553.6288452148438 588.3820190429688
566.4278564453125 600.4173583984375
579.6773071289062 612.9432373046875
593.5845336914062 626.0955200195312
608.1365966796875 639.6983642578125
472.89520263671875 538.958740234375
482.839599609375 548.9478149414062
493.2967224121094 559.3917236328125
504.01983642578125 570.1983642578125
515.2826538085938 581.373291015625
526.804931640625 592.9421997070312
538.988037109375 605.0707397460938
551.574462890625 617.5971069335938
564.6973266601562 630.6902465820312
578.466064453125 644.3545532226562
592.7803344726562 658.5409545898438
458.8180847167969 553.4676513671875
468.63861083984375 563.8522338867188
478.8719787597656 574.6013793945312
489.51312255859375 585.8040771484375
500.53009033203125 597.4934692382812
512.0462646484375 609.5447387695312
523.9758911132812 622.13232421875
536.4801635742188 635.2470703125
549.4553833007812 648.7581176757812
563.0384521484375 662.9722290039062
577.240966796875 677.7269287109375