1 720 1333
596.85693359375 369.4595947265625
618.7493286132812 371.64703369140625
641.2145385742188 373.85638427734375
663.842041015625 376.2801818847656
687.1031494140625 378.5384521484375
710.5811157226562 380.891357421875
734.5001220703125 383.3749694824219
758.783203125 385.711181640625
783.4691162109375 388.23309326171875
808.542724609375 390.6636962890625
833.9495239257812 393.244140625
597.3743286132812 391.03680419921875
618.9334716796875 393.42498779296875
641.07421875 395.84185791015625
663.5264892578125 398.3385925292969
686.4452514648438 400.7735595703125
709.6200561523438 403.3584899902344
733.329833984375 405.86053466796875
757.30810546875 408.4957275390625
781.5816040039062 411.1553039550781
806.3787841796875 413.63824462890625
831.4700317382812 416.40087890625
597.6427612304688 412.1161804199219
619.196533203125 414.6449279785156
640.9100341796875 417.2961120605469
663.2135009765625 419.86956787109375
685.7203979492188 422.52752685546875
708.64453125 425.2449645996094
732.0833129882812 427.8807067871094
755.6569213867188 430.5997619628906
779.7185668945312 433.4205017089844
804.2154541015625 436.183349609375
829.0132446289062 438.9508972167969
598.1921997070312 432.7144470214844
619.3707275390625 435.4412536621094
640.751708984375 438.2171325683594
662.75732421875 440.9161376953125
685.1661987304688 443.75689697265625
707.7061157226562 446.5721435546875
730.7281494140625 449.4206237792969
754.2393798828125 452.3325500488281
777.890380859375 455.2636413574219
802.08642578125 458.12640380859375
826.5166015625 461.1272277832031
598.5076293945312 452.8257751464844
619.4742431640625 455.69659423828125
640.7048950195312 458.5923767089844
662.4505004882812 461.51129150390625
684.4716796875 464.4693603515625
706.7631225585938 467.4085998535156
729.5811767578125 470.41253662109375
752.6346435546875 473.3910827636719
776.1566772460938 476.457763671875
799.9401245117188 479.4670715332031
824.1878051757812 482.5677490234375
598.8350219726562 472.54815673828125
619.5372314453125 475.5267639160156
640.6204833984375 478.54962158203125
662.1312866210938 481.56640625
683.7640991210938 484.6302490234375
705.93798828125 487.6850891113281
728.4461059570312 490.80548095703125
751.2988891601562 493.9867248535156
774.403564453125 497.212646484375
797.887451171875 500.36834716796875
821.7576904296875 503.55615234375
599.3491821289062 491.7510681152344
619.64501953125 494.8605041503906
640.5340576171875 498.0043029785156
661.6273193359375 501.2160949707031
683.2808837890625 504.3845520019531
705.0682983398438 507.51812744140625
727.314453125 510.7374572753906
749.724365234375 514.0538940429688
772.6402587890625 517.3824462890625
795.8724365234375 520.6307983398438
819.5133666992188 524.0396728515625
599.57421875 510.56524658203125
619.7849731445312 513.7808227539062
640.4207153320312 517.0462036132812
661.398681640625 520.3489990234375
682.5887451171875 523.606689453125
704.2673950195312 526.8970336914062
726.1798095703125 530.2942504882812
748.4381103515625 533.616455078125
770.998779296875 537.0584716796875
793.9337158203125 540.4700927734375
817.2957763671875 543.9512939453125