1 720 1333
753.3171997070312 459.3482666015625
767.655029296875 457.9480285644531
781.6500244140625 456.65863037109375
795.260986328125 455.4098815917969
808.4669799804688 454.236572265625
821.22802734375 452.8973693847656
833.6638793945312 451.77520751953125
845.7742919921875 450.62969970703125
857.559814453125 449.4781799316406
869.0443725585938 448.4486083984375
880.1861572265625 447.3879089355469
759.8673706054688 476.12127685546875
774.4396362304688 474.5051574707031
788.4817504882812 472.8510437011719
802.2061157226562 471.38995361328125
815.3995971679688 469.8401184082031
828.3299560546875 468.49505615234375
840.7741088867188 467.0957946777344
852.9358520507812 465.63592529296875
864.8047485351562 464.3695373535156
876.3026733398438 462.99493408203125
887.4918212890625 461.6838073730469
766.740966796875 493.34527587890625
781.3507690429688 491.4034729003906
795.5137939453125 489.5525817871094
809.2646484375 487.73699951171875
822.58837890625 486.0606384277344
835.525634765625 484.37420654296875
848.1195678710938 482.6491394042969
860.3665771484375 481.0957336425781
872.258056640625 479.44720458984375
883.7443237304688 477.96234130859375
894.92822265625 476.4905090332031
773.7550659179688 511.0592346191406
788.50927734375 508.81658935546875
802.6919555664062 506.6765441894531
816.57421875 504.6268005371094
829.963623046875 502.6142883300781
842.9540405273438 500.63494873046875
855.5950927734375 498.70648193359375
867.8866577148438 496.86224365234375
879.81591796875 495.09423828125
891.4082641601562 493.31292724609375
902.6675415039062 491.6314697265625
781.1082153320312 529.314453125
795.83544921875 526.7350463867188
810.2361450195312 524.3516845703125
824.1087036132812 521.9254150390625
837.564208984375 519.6361694335938
850.6216430664062 517.4450073242188
863.3485107421875 515.254150390625
875.6707763671875 513.1616821289062
887.6004638671875 511.0186462402344
899.2774658203125 509.0409851074219
910.5054931640625 507.0874328613281
788.5277709960938 548.0914916992188
803.4633178710938 545.2659301757812
817.8529663085938 542.48046875
831.80322265625 539.77734375
845.3986206054688 537.203369140625
858.4747924804688 534.6301879882812
871.2985229492188 532.2055053710938
883.6012573242188 529.7521362304688
895.60107421875 527.4688110351562
907.27685546875 525.2089233398438
918.5733642578125 522.9772338867188
796.3074951171875 567.4259033203125
811.2869262695312 564.2290649414062
825.7374267578125 561.177001953125
839.7803955078125 558.173583984375
853.4195556640625 555.2222290039062
866.5692138671875 552.4056396484375
879.3740844726562 549.58984375
891.7400512695312 546.8871459960938
903.7769165039062 544.2960205078125
915.4712524414062 541.7176513671875
926.7755126953125 539.2962646484375
804.2738037109375 587.3696899414062
819.3380737304688 583.7417602539062
833.8807983398438 580.3436889648438
848.0050048828125 576.9630737304688
861.6356811523438 573.7023315429688
874.8253173828125 570.5432739257812
887.64453125 567.498046875
900.1097412109375 564.4656372070312
912.1870727539062 561.5486450195312
923.7398681640625 558.732177734375
935.1963500976562 555.996826171875