1 720 1333
705.755126953125 160.3763885498047
731.8526611328125 157.8208770751953
757.6337890625 155.44371032714844
783.0341186523438 153.15919494628906
808.0872192382812 150.74899291992188
832.612060546875 148.527587890625
856.9215698242188 146.35792541503906
880.815673828125 144.2147674560547
904.4691772460938 142.1032257080078
927.5542602539062 140.0386962890625
950.4148559570312 138.07015991210938
708.4278564453125 188.16741943359375
734.3587036132812 185.5077362060547
759.7626342773438 182.89352416992188
784.9713745117188 180.42042541503906
809.680908203125 177.9205780029297
834.2498168945312 175.5195770263672
858.312744140625 173.1619415283203
882.0174560546875 170.73855590820312
905.425537109375 168.4906005859375
928.4005126953125 166.31602478027344
950.937255859375 164.19973754882812
710.9647216796875 215.45785522460938
736.6178588867188 212.6245574951172
761.928955078125 209.9240264892578
786.8513793945312 207.32801818847656
811.5040893554688 204.63565063476562
835.640625 202.11497497558594
859.5433959960938 199.5325927734375
883.1380004882812 197.0242156982422
906.361572265625 194.57180786132812
929.1494750976562 192.2269287109375
951.5340576171875 189.80987548828125
713.539306640625 242.4097442626953
739.0167236328125 239.45460510253906
764.0790405273438 236.570556640625
788.7118530273438 233.7306671142578
813.210693359375 230.9933624267578
837.2201538085938 228.29000854492188
860.7669677734375 225.54379272460938
884.230224609375 222.86642456054688
907.240234375 220.3104705810547
929.7638549804688 217.65835571289062
952.1585083007812 215.24990844726562
716.0733642578125 268.8492736816406
741.3316650390625 265.7423400878906
766.1668701171875 262.763916015625
790.6209106445312 259.7899169921875
814.71826171875 256.8893127441406
838.5717163085938 254.017333984375
862.0975952148438 251.21217346191406
885.2569580078125 248.38392639160156
908.0852661132812 245.569580078125
930.4608764648438 242.8009033203125
952.56396484375 240.2215576171875
718.5094604492188 295.027587890625
743.5117797851562 291.7879638671875
768.2392578125 288.60235595703125
792.4681396484375 285.5104675292969
816.4197387695312 282.4476623535156
839.9503784179688 279.4097595214844
863.2744750976562 276.4088439941406
886.224853515625 273.4395751953125
908.7987670898438 270.5243225097656
931.1456909179688 267.6075744628906
953.0363159179688 264.755859375
720.8977661132812 320.74249267578125
745.7230224609375 317.40667724609375
770.2135620117188 314.077880859375
794.2831420898438 310.72607421875
817.8905639648438 307.546875
841.3593139648438 304.3927001953125
864.4024047851562 301.2621765136719
887.1640014648438 298.15399169921875
909.5336303710938 295.0984191894531
931.6004638671875 292.0357360839844
953.4291381835938 289.05718994140625
723.3526611328125 346.1161804199219
747.8723754882812 342.58392333984375
772.1568603515625 339.12274169921875
795.9096069335938 335.6467590332031
819.481689453125 332.32867431640625
842.58154296875 328.949462890625
865.4568481445312 325.6192321777344
887.9713134765625 322.4116516113281
910.2987060546875 319.2084655761719
932.15869140625 316.0452880859375
953.6574096679688 312.8498840332031