1 720 1333
571.1188354492188 158.29388427734375
593.48046875 156.7205352783203
616.5289306640625 155.38555908203125
640.3395385742188 153.79107666015625
664.7368774414062 152.39932250976562
690.0804443359375 150.8052520751953
716.0498046875 149.3565216064453
742.75244140625 147.72291564941406
770.4195556640625 146.22158813476562
798.7706298828125 144.59420776367188
828.1822509765625 143.02227783203125
571.812744140625 184.0260467529297
594.203857421875 182.86883544921875
617.0682983398438 181.7906036376953
640.6300659179688 180.7282257080078
664.968505859375 179.6370086669922
690.0866088867188 178.56640625
715.7929077148438 177.50381469726562
742.4622802734375 176.43638610839844
769.708251953125 175.35374450683594
798.0492553710938 174.22975158691406
827.0717163085938 173.01646423339844
572.6405639648438 209.4718017578125
594.7310180664062 208.66256713867188
617.5343017578125 208.04840087890625
640.9832763671875 207.38014221191406
665.2434692382812 206.61387634277344
690.075439453125 205.96157836914062
715.6293334960938 205.33950805664062
742.1263427734375 204.5924530029297
769.2783203125 203.93325805664062
797.2359619140625 203.3733367919922
826.0486450195312 202.58563232421875
573.4600219726562 234.55072021484375
595.4277954101562 234.28598022460938
618.060302734375 233.83702087402344
641.3886108398438 233.5502471923828
665.4022827148438 233.32005310058594
690.1133422851562 232.93722534179688
715.508544921875 232.64561462402344
741.6367797851562 232.472900390625
768.6060791015625 232.30003356933594
796.4182739257812 232.033203125
824.9371948242188 231.73782348632812
574.2459106445312 259.4059753417969
596.01123046875 259.42840576171875
618.4600830078125 259.4345397949219
641.6016845703125 259.47540283203125
665.50927734375 259.5249938964844
690.1079711914062 259.6015319824219
715.372802734375 259.6888732910156
741.3765869140625 259.86004638671875
768.0848388671875 260.17803955078125
795.576171875 260.3683776855469
823.880859375 260.52490234375
574.876220703125 283.8330993652344
596.55419921875 284.30877685546875
618.8679809570312 284.5762634277344
641.9293823242188 285.0676574707031
665.622802734375 285.48883056640625
690.0828857421875 285.93048095703125
715.2235717773438 286.4697570800781
740.94775390625 287.0514221191406
767.4981689453125 287.5920715332031
794.7459106445312 288.3002624511719
822.8274536132812 288.7785339355469
575.5687255859375 308.1352844238281
597.21923828125 308.7535705566406
619.4244995117188 309.5198059082031
642.3148193359375 310.34954833984375
665.738525390625 311.1455993652344
690.1031494140625 311.8827819824219
714.9546508789062 312.7492980957031
740.57177734375 313.6903991699219
766.8820190429688 314.6616516113281
793.976318359375 315.6354064941406
821.7456665039062 316.6460266113281
576.3733520507812 331.96099853515625
597.6763305664062 333.0443420410156
619.7705688476562 334.18133544921875
642.529296875 335.2946472167969
665.9515380859375 336.4206848144531
690.0416259765625 337.5792541503906
714.7249145507812 338.77471923828125
740.2796020507812 340.1507568359375
766.39794921875 341.4283142089844
793.2144165039062 342.6715087890625
820.6995849609375 344.2028503417969