1 720 1333
606.7337036132812 466.492431640625
623.502685546875 472.5762634277344
640.502685546875 478.7206115722656
657.7406616210938 484.9606018066406
675.3042602539062 491.35443115234375
693.0982055664062 497.7192077636719
711.1246948242188 504.25933837890625
729.4622802734375 510.7337341308594
747.9964599609375 517.4270629882812
766.8255004882812 524.1668090820312
786.0193481445312 530.9689331054688
598.7701416015625 482.3205871582031
615.6910400390625 488.58258056640625
632.894775390625 494.9712219238281
650.3880615234375 501.47235107421875
668.1478881835938 508.05206298828125
686.127685546875 514.645751953125
704.3965454101562 521.3948974609375
722.9100952148438 528.1859130859375
741.742431640625 535.0602416992188
760.8280639648438 542.0709228515625
780.2792358398438 549.177490234375
590.5787963867188 498.5503845214844
607.66455078125 505.1251525878906
625.1126098632812 511.6917419433594
642.7272338867188 518.4315185546875
660.6572875976562 525.2203369140625
678.9017333984375 532.0979614257812
697.4483032226562 539.067626953125
716.2387084960938 546.1432495117188
735.3358764648438 553.2824096679688
754.65771484375 560.5132446289062
774.37109375 567.88232421875
582.1708374023438 515.3368530273438
599.4647827148438 522.1038818359375
617.0645141601562 528.92138671875
634.8671264648438 535.8483276367188
653.12841796875 542.938232421875
671.5103759765625 550.1116333007812
690.27685546875 557.34423828125
709.3317260742188 564.6174926757812
728.625732421875 572.0477294921875
748.2975463867188 579.591552734375
768.2459716796875 587.3265991210938
573.447509765625 532.5496215820312
590.8946533203125 539.5570068359375
608.68310546875 546.642822265625
626.7889404296875 553.8717651367188
645.196044921875 561.2623291015625
663.8521728515625 568.6195068359375
682.8045043945312 576.1477661132812
702.2012939453125 583.7242431640625
721.71142578125 591.4588012695312
741.634765625 599.3236694335938
761.8485717773438 607.2986450195312
564.439208984375 550.3801879882812
582.164794921875 557.6035766601562
600.1784057617188 565.0414428710938
618.4475708007812 572.5030517578125
637.073974609375 580.1119384765625
655.9605102539062 587.7534790039062
675.236572265625 595.608642578125
694.70751953125 603.5076904296875
714.6188354492188 611.5304565429688
734.7667236328125 619.6548461914062
755.3634033203125 628.02880859375
555.1771240234375 568.6719970703125
573.08935546875 576.281494140625
591.3226928710938 583.88720703125
609.8009033203125 591.638916015625
628.6409912109375 599.5556640625
647.7792358398438 607.5783081054688
667.342529296875 615.7069702148438
687.1438598632812 623.92333984375
707.2841186523438 632.34130859375
727.7433471679688 640.7437744140625
748.5277099609375 649.37890625
545.5589599609375 587.629638671875
563.6528930664062 595.466796875
582.1469116210938 603.456787109375
600.8677978515625 611.49169921875
619.9977416992188 619.7194213867188
639.401123046875 628.0823974609375
659.1576538085938 636.5291137695312
679.2350463867188 645.0896606445312
699.6592407226562 653.7393188476562
720.4120483398438 662.54931640625
741.5266723632812 671.5348510742188