1 720 1333
529.4613037109375 357.2912902832031
544.6729125976562 361.95269775390625
560.6063842773438 366.9046936035156
577.2593383789062 371.9804382324219
594.4832153320312 377.3724365234375
612.4583740234375 382.8625793457031
631.2987670898438 388.64569091796875
650.6978759765625 394.63385009765625
671.1688232421875 400.8734436035156
692.3618774414062 407.3831787109375
714.508544921875 414.2057189941406
529.7241821289062 377.33587646484375
544.9981079101562 382.4554443359375
560.6790771484375 387.63934326171875
577.18994140625 393.24224853515625
594.2625122070312 398.8287658691406
611.99169921875 404.7476806640625
630.4537963867188 410.8714599609375
649.6619262695312 417.3147888183594
669.6985473632812 423.8956604003906
690.6832275390625 430.791015625
712.5293579101562 437.9400939941406
530.3654174804688 397.1255187988281
545.31591796875 402.4403076171875
560.7987060546875 408.07745361328125
577.0589599609375 413.83978271484375
593.9030151367188 419.8653259277344
611.4642944335938 426.1948547363281
629.6718139648438 432.5846252441406
648.6494140625 439.3738708496094
668.4795532226562 446.39971923828125
689.1286010742188 453.55670166015625
710.548095703125 461.15435791015625
530.6328735351562 416.40228271484375
545.535888671875 422.1131591796875
560.866943359375 427.9115905761719
576.92333984375 434.1018371582031
593.5626220703125 440.42315673828125
610.9080810546875 446.98016357421875
628.9269409179688 453.7724304199219
647.6489868164062 460.8451232910156
667.2304077148438 468.23150634765625
687.4967651367188 475.75872802734375
708.6384887695312 483.6514587402344
531.15869140625 435.3059997558594
545.6864013671875 441.2276611328125
561.0890502929688 447.4206848144531
576.8465576171875 453.7801208496094
593.4255981445312 460.46966552734375
610.447998046875 467.3199157714844
628.2889404296875 474.43939208984375
646.6717529296875 481.77056884765625
665.8818969726562 489.47894287109375
685.9271240234375 497.3719177246094
706.7576904296875 505.5577697753906
531.4982299804688 453.7206726074219
546.1412353515625 460.0138854980469
561.1797485351562 466.4320068359375
576.77685546875 473.1495361328125
593.1201782226562 480.0032043457031
609.9769287109375 487.1476745605469
627.5052490234375 494.5173034667969
645.6815185546875 502.2233581542969
664.665771484375 510.182861328125
684.451416015625 518.3662719726562
704.9656372070312 526.8484497070312
531.8468017578125 471.8310241699219
546.3297119140625 478.3237609863281
561.3153076171875 485.0216369628906
576.6858520507812 491.902587890625
592.7804565429688 499.0906982421875
609.5098266601562 506.47119140625
626.78076171875 514.1514892578125
644.7944946289062 522.0811767578125
663.52783203125 530.299560546875
683.05517578125 538.7470703125
703.2970581054688 547.6128540039062
532.3090209960938 489.5251770019531
546.5189819335938 496.2841491699219
561.3628540039062 503.19342041015625
576.6293334960938 510.3392639160156
592.5535888671875 517.6744995117188
609.0671997070312 525.360595703125
626.2505493164062 533.2744750976562
644.0328369140625 541.4537963867188
662.4754028320312 549.90625
681.6216430664062 558.6380004882812
701.5573120117188 567.7266845703125