1 720 1333
698.1632690429688 602.9005126953125
680.9846801757812 599.7568359375
664.057373046875 596.6443481445312
647.30322265625 593.515625
630.6620483398438 590.4320068359375
614.2654418945312 587.3873291015625
597.9830932617188 584.32666015625
581.8484497070312 581.2625732421875
565.9191284179688 578.2705688476562
550.2110595703125 575.2837524414062
534.6110229492188 572.3115844726562
700.9498901367188 591.0714111328125
684.296630859375 588.0172119140625
667.671875 584.9729614257812
651.3060302734375 582.0659790039062
635.08935546875 579.0969848632812
618.9700317382812 576.142333984375
603.1193237304688 573.2509155273438
587.3455810546875 570.3011474609375
571.726318359375 567.355712890625
556.3263549804688 564.5101318359375
541.0980834960938 561.6797485351562
703.6439208984375 579.60693359375
687.3668212890625 576.7510986328125
671.1618041992188 573.9193725585938
655.1643676757812 571.08935546875
639.2649536132812 568.2427978515625
623.5140380859375 565.4071044921875
607.9363403320312 562.5528564453125
592.5442504882812 559.748779296875
577.2847900390625 556.9786376953125
562.1962280273438 554.2859497070312
547.2088623046875 551.5413818359375
706.29736328125 568.797607421875
690.3358154296875 566.0133056640625
674.4647216796875 563.2979125976562
658.73974609375 560.55712890625
643.2742309570312 557.7909545898438
627.8165893554688 555.121826171875
612.584716796875 552.4498291015625
597.4932861328125 549.67724609375
582.565185546875 547.0503540039062
567.6991577148438 544.4468383789062
553.1396484375 541.8093872070312
708.7233276367188 558.4178466796875
693.1600952148438 555.7481079101562
677.5942993164062 553.1754150390625
662.3216552734375 550.4895629882812
647.035888671875 547.873779296875
632.011962890625 545.30419921875
617.0777587890625 542.6664428710938
602.2911376953125 540.182861328125
587.5806274414062 537.5333251953125
573.1378173828125 535.0925903320312
558.70703125 532.5332641601562
711.1611938476562 548.5182495117188
695.7780151367188 545.89111328125
680.6354370117188 543.4058227539062
665.5820922851562 540.8630981445312
650.6962280273438 538.4000244140625
635.89501953125 535.8582763671875
621.3202514648438 533.4443969726562
606.783203125 530.8495483398438
592.470458984375 528.4600830078125
578.2391967773438 526.0442504882812
564.18310546875 523.6278076171875
713.4103393554688 538.996337890625
698.41748046875 536.5509643554688
683.5252685546875 534.1329956054688
668.8002319335938 531.6557006835938
654.2194213867188 529.3276977539062
639.7203369140625 526.8927612304688
625.4014892578125 524.5059204101562
611.208251953125 522.1743774414062
597.1053466796875 519.7385864257812
583.1676635742188 517.4683227539062
569.30810546875 515.17236328125
715.54150390625 529.9048461914062
700.8411254882812 527.5145874023438
686.3593139648438 525.2094116210938
671.8338012695312 522.8211669921875
657.55908203125 520.5626220703125
643.3351440429688 518.3121337890625
629.3291015625 516.0143432617188
615.3402099609375 513.6991577148438
601.5436401367188 511.46539306640625
587.7939453125 509.26092529296875
574.3098754882812 507.053955078125