1 720 1333
713.5615234375 365.5598449707031
737.1083984375 365.058837890625
760.32568359375 364.5075988769531
783.43994140625 364.05157470703125
806.3720092773438 363.5614013671875
829.1526489257812 363.05450439453125
851.655029296875 362.51995849609375
874.2621459960938 362.0791931152344
896.5084228515625 361.5674743652344
918.6543579101562 361.02496337890625
940.6279296875 360.5028991699219
713.0692138671875 387.68597412109375
736.254150390625 387.283203125
759.2583618164062 386.593505859375
782.1065063476562 386.1636962890625
804.6920166015625 385.54803466796875
827.2928466796875 384.95367431640625
849.6088256835938 384.4194641113281
871.7945556640625 383.75823974609375
893.9490966796875 383.3359375
915.807861328125 382.6595153808594
937.613525390625 382.2119140625
712.5012817382812 409.5717468261719
735.421875 408.87384033203125
758.1974487304688 408.3606872558594
780.6973266601562 407.6309509277344
803.22900390625 406.9787902832031
825.4697265625 406.42218017578125
847.5493774414062 405.6922912597656
869.5693359375 405.19879150390625
891.4452514648438 404.5435791015625
913.1884155273438 403.8444519042969
934.6412963867188 403.3509826660156
711.852783203125 430.7301940917969
734.55322265625 430.2156677246094
757.0841064453125 429.4651184082031
779.4249267578125 428.7151794433594
801.5665893554688 428.168701171875
823.63427734375 427.4088439941406
845.532470703125 426.6590270996094
867.3402099609375 426.1269836425781
888.9403076171875 425.4057922363281
910.4490356445312 424.65618896484375
931.7138061523438 423.9604797363281
711.4342041015625 451.5279846191406
733.70263671875 450.77008056640625
756.0087280273438 450.128173828125
778.1329956054688 449.4288330078125
800.1421508789062 448.5964050292969
821.82666015625 447.8211669921875
843.5863647460938 447.1731262207031
865.14111328125 446.44268798828125
886.5272216796875 445.66619873046875
907.7283325195312 444.9197082519531
928.87744140625 444.3067321777344
710.766357421875 471.66485595703125
732.933349609375 471.02252197265625
754.9341430664062 470.3334045410156
776.7742309570312 469.51983642578125
798.539794921875 468.6963195800781
820.1923217773438 467.8907165527344
841.55615234375 467.1908264160156
862.9291381835938 466.3990783691406
884.1664428710938 465.5802307128906
905.2215576171875 464.80499267578125
926.03369140625 464.0898132324219
710.3507080078125 491.5386657714844
732.246826171875 490.7391357421875
753.9256591796875 489.9513244628906
775.5305786132812 489.1997375488281
797.0946655273438 488.3910217285156
818.4223022460938 487.5470886230469
839.6358642578125 486.6756286621094
860.7154541015625 485.8142395019531
881.72705078125 485.1019592285156
902.5509033203125 484.3140563964844
923.3065795898438 483.4344482421875
709.7440185546875 510.84271240234375
731.4583129882812 510.12750244140625
752.8898315429688 509.2359619140625
774.4002075195312 508.4210510253906
795.55517578125 507.5608825683594
816.709228515625 506.6209411621094
837.70849609375 505.7171630859375
858.6271362304688 504.8883056640625
879.3861694335938 504.1754150390625
900.041259765625 503.20452880859375
920.479248046875 502.3350830078125