1 720 1333
338.1889953613281 24.39187240600586
356.6029052734375 28.335811614990234
375.130615234375 32.38161087036133
393.7631530761719 36.41223907470703
412.608154296875 40.53430938720703
431.5822448730469 44.683929443359375
450.6141662597656 48.913841247558594
469.809814453125 53.26079559326172
489.15472412109375 57.509151458740234
508.59002685546875 61.87272262573242
528.12744140625 66.32720184326172
334.4720764160156 44.61717224121094
352.7225341796875 48.66679000854492
371.3013610839844 52.71308135986328
389.81982421875 56.78920364379883
408.6005554199219 61.0484504699707
427.4486083984375 65.25593566894531
446.4872131347656 69.50428009033203
465.55157470703125 73.78828430175781
484.75787353515625 78.15670776367188
504.16522216796875 82.56703186035156
523.6088256835938 87.00444793701172
330.6875 64.81314086914062
349.05548095703125 68.84029388427734
367.37982177734375 73.02482604980469
385.9114990234375 77.17911529541016
404.54156494140625 81.38784790039062
423.4242858886719 85.64198303222656
442.29901123046875 89.9190673828125
461.3616027832031 94.31346130371094
480.4758605957031 98.66708374023438
499.7292785644531 103.19009399414062
519.1724243164062 107.64540100097656
327.0803527832031 84.83415222167969
345.25872802734375 89.04400634765625
363.5764465332031 93.20391845703125
382.0205993652344 97.43360900878906
400.63360595703125 101.63084411621094
419.3563537597656 105.95774841308594
438.23504638671875 110.34170532226562
457.15679931640625 114.66912841796875
476.2491760253906 119.17682647705078
495.4250183105469 123.62521362304688
514.7122192382812 128.19305419921875
323.4682922363281 104.83419036865234
341.55499267578125 108.98784637451172
359.7759704589844 113.25867462158203
378.1961669921875 117.46311950683594
396.70843505859375 121.75588989257812
415.38433837890625 126.1966552734375
434.1585693359375 130.5040283203125
452.9766540527344 134.97061157226562
471.99932861328125 139.46987915039062
491.181640625 143.97291564941406
510.360595703125 148.5697021484375
319.82745361328125 124.63803100585938
337.9251708984375 128.85548400878906
356.0626220703125 133.18019104003906
374.4228515625 137.4727783203125
392.8465576171875 141.7862091064453
411.4344482421875 146.22967529296875
430.1554260253906 150.62945556640625
448.885009765625 155.16468811035156
467.7977294921875 159.58502197265625
486.85406494140625 164.2206573486328
506.05010986328125 168.74179077148438
316.3796081542969 144.4049072265625
334.32403564453125 148.6059112548828
352.4767761230469 152.94471740722656
370.6195373535156 157.32321166992188
389.0939025878906 161.66029357910156
407.53192138671875 166.1952667236328
426.21441650390625 170.60690307617188
444.8212585449219 175.1803741455078
463.7369079589844 179.68727111816406
482.6298828125 184.26968383789062
501.7429504394531 188.8520050048828
312.8292236328125 163.92263793945312
330.7203674316406 168.31814575195312
348.7509765625 172.5843505859375
366.9705810546875 177.0509490966797
385.2811279296875 181.4934539794922
403.6997375488281 185.91163635253906
422.2597351074219 190.47401428222656
440.9305419921875 195.0216064453125
459.6631774902344 199.58384704589844
478.57952880859375 204.2539825439453
497.5193786621094 208.8367156982422