1 720 1333
596.5083618164062 19.714872360229492
616.67578125 37.064453125
635.88232421875 53.53834915161133
654.15185546875 69.24919128417969
671.4679565429688 84.22062683105469
687.8911743164062 98.42217254638672
703.6140747070312 112.05081939697266
718.6085205078125 124.9730453491211
732.9231567382812 137.38819885253906
746.5498046875 149.2550506591797
759.5999145507812 160.5818634033203
584.8076171875 44.29607391357422
605.4354858398438 60.98124694824219
624.8443603515625 76.82278442382812
643.4255981445312 92.01224517822266
661.0109252929688 106.4067611694336
677.7013549804688 120.14640808105469
693.6778564453125 133.18475341796875
708.9213256835938 145.6034393310547
723.5089111328125 157.5716094970703
737.35888671875 168.99649047851562
750.5693969726562 179.84085083007812
573.2822875976562 68.87969970703125
594.1331787109375 84.94429779052734
613.8524780273438 100.25084686279297
632.6692504882812 114.71957397460938
650.5579223632812 128.59420776367188
667.548095703125 141.7350616455078
683.7326049804688 154.32684326171875
699.2963256835938 166.33615112304688
714.095458984375 177.71401977539062
728.1312866210938 188.68954467773438
741.560546875 199.2216796875
561.6238403320312 93.55689239501953
582.8102416992188 108.95781707763672
602.861083984375 123.57793426513672
621.9763793945312 137.55441284179688
640.1896362304688 150.81065368652344
657.3919677734375 163.44317626953125
673.812744140625 175.47738647460938
689.5527954101562 186.95042419433594
704.5824584960938 197.93470764160156
718.8357543945312 208.45701599121094
732.5301513671875 218.54034423828125
550.135009765625 118.29122924804688
571.54443359375 133.0191192626953
591.912109375 147.05174255371094
611.3265991210938 160.4040069580078
629.6581420898438 173.05020141601562
647.236572265625 185.1732635498047
663.9220581054688 196.61846923828125
679.8599853515625 207.6034393310547
695.1490478515625 218.1933135986328
709.59033203125 228.25714111328125
723.4888916015625 237.83738708496094
538.5169677734375 142.9783477783203
560.3251953125 157.09829711914062
580.9555053710938 170.47271728515625
600.56494140625 183.2183074951172
619.2747802734375 195.3524169921875
637.036865234375 206.8054962158203
653.9659423828125 217.79745483398438
670.1923217773438 228.36119079589844
685.602783203125 238.41317749023438
700.3552856445312 248.02523803710938
714.4395751953125 257.2605285644531
527.0211181640625 167.67633056640625
549.1016235351562 181.1781005859375
570.0259399414062 193.86720275878906
589.8554077148438 206.02914428710938
608.7999877929688 217.54502868652344
626.79296875 228.5355224609375
644.0302734375 239.01016235351562
660.44384765625 249.07595825195312
676.1166381835938 258.6092224121094
691.0869750976562 267.7757568359375
705.3630981445312 276.5431823730469
515.50634765625 192.46315002441406
537.8281860351562 205.2553253173828
559.1070556640625 217.38528442382812
579.2794189453125 228.82347106933594
598.4268798828125 239.817138671875
616.6072387695312 250.2712860107422
634.069580078125 260.2874755859375
650.6411743164062 269.7021484375
666.5531616210938 278.83795166015625
681.651611328125 287.5215759277344
696.2523193359375 295.9028015136719