1 720 1333
360.45404052734375 53.56044006347656
384.59814453125 56.897865295410156
408.56488037109375 60.335060119628906
432.3448486328125 63.654335021972656
455.8870544433594 67.12247467041016
479.2894287109375 70.482177734375
502.4003601074219 73.86074829101562
525.3381958007812 77.25579071044922
548.0390625 80.53803253173828
570.497802734375 83.94120788574219
592.6937255859375 87.35460662841797
356.0126037597656 72.09535217285156
380.4591369628906 75.42281341552734
404.7232666015625 78.69853210449219
428.7972717285156 82.03959655761719
452.7058410644531 85.42009735107422
476.37078857421875 88.71771240234375
499.7604675292969 92.08161926269531
523.0462646484375 95.4063949584961
546.0419921875 98.64995574951172
568.7068481445312 101.98135375976562
591.3387451171875 105.31007385253906
351.464111328125 91.10265350341797
376.2820129394531 94.36898803710938
400.8089599609375 97.57902526855469
425.2782897949219 100.88827514648438
449.44525146484375 104.20055389404297
473.4400634765625 107.48695373535156
497.2178955078125 110.72663116455078
520.6444702148438 113.99684143066406
543.9447631835938 117.2458267211914
567.0166625976562 120.49903106689453
589.7337036132812 123.705810546875
346.7886047363281 110.53719329833984
371.9060363769531 113.70927429199219
396.8390197753906 117.0240707397461
421.5809020996094 120.25981903076172
446.1660461425781 123.47859954833984
470.41583251953125 126.64827728271484
494.4867248535156 129.88232421875
518.3063354492188 133.13827514648438
541.8404541015625 136.28285217285156
565.2337646484375 139.47293090820312
588.31640625 142.62301635742188
342.0624084472656 130.517578125
367.54803466796875 133.67428588867188
392.7622985839844 136.830810546875
417.8639831542969 140.09542846679688
442.7103271484375 143.2812957763672
467.3809814453125 146.4174346923828
491.6962890625 149.51248168945312
515.8366088867188 152.64981079101562
539.716796875 155.70294189453125
563.3616333007812 158.85031127929688
586.6602172851562 161.9396514892578
337.2529602050781 151.0966796875
363.060546875 154.1993408203125
388.6332092285156 157.30947875976562
414.1390686035156 160.4435577392578
439.32958984375 163.50225830078125
464.2434997558594 166.5981903076172
488.9051208496094 169.6689453125
513.350830078125 172.70753479003906
537.525634765625 175.7408905029297
561.437744140625 178.75816345214844
585.112548828125 181.7777099609375
332.2987365722656 172.20497131347656
358.476806640625 175.22891235351562
384.46343994140625 178.2757568359375
410.2542419433594 181.31784057617188
435.7456970214844 184.3612060546875
461.0624694824219 187.40765380859375
486.0626525878906 190.42800903320312
510.7469482421875 193.3672332763672
535.3030395507812 196.32965087890625
559.4907836914062 199.2652130126953
583.4517211914062 202.1838836669922
327.2748107910156 193.71726989746094
353.74859619140625 196.68020629882812
380.19586181640625 199.69097900390625
406.2979431152344 202.66046142578125
432.21466064453125 205.6806182861328
457.7507019042969 208.61827087402344
483.16583251953125 211.58216857910156
508.2365417480469 214.51194763183594
532.9949951171875 217.404541015625
557.49560546875 220.26290893554688
581.6981811523438 223.06350708007812