1 720 1333
588.1294555664062 268.4697265625
602.4917602539062 261.6387023925781
616.1814575195312 255.19955444335938
629.2853393554688 248.97325134277344
641.75927734375 243.10610961914062
653.7742309570312 237.4241180419922
665.3402099609375 231.97109985351562
676.3762817382812 226.742431640625
686.9374389648438 221.7891082763672
697.1543579101562 217.02987670898438
706.8472900390625 212.43597412109375
592.8193359375 288.7173156738281
606.86328125 281.588623046875
620.3578491210938 274.7158508300781
633.2391357421875 268.2360534667969
645.5368041992188 261.9158020019531
657.3212280273438 255.94940185546875
668.6419677734375 250.2303009033203
679.4874877929688 244.69493103027344
689.9651489257812 239.42385864257812
699.9287719726562 234.3816680908203
709.5650024414062 229.4550323486328
597.4705810546875 308.5627746582031
611.3243408203125 301.05126953125
624.4511108398438 293.8125305175781
637.1624755859375 286.9770202636719
649.2027587890625 280.44366455078125
660.766357421875 274.12353515625
671.8529663085938 268.0765380859375
682.6266479492188 262.2567443847656
692.8419799804688 256.6890563964844
702.7189331054688 251.35877990722656
712.2348022460938 246.23275756835938
602.0553588867188 327.88067626953125
615.5489501953125 320.0867614746094
628.5175170898438 312.54736328125
640.8495483398438 305.3912353515625
652.8189697265625 298.48089599609375
664.1939086914062 291.884765625
675.2171630859375 285.52105712890625
685.6165161132812 279.4996643066406
695.797119140625 273.58514404296875
705.4528198242188 268.0256652832031
714.77880859375 262.55914306640625
606.4806518554688 346.74560546875
619.75732421875 338.60015869140625
632.4415893554688 330.77056884765625
644.6473999023438 323.3448486328125
656.3474731445312 316.175537109375
667.5568237304688 309.29052734375
678.3011474609375 302.6405029296875
688.6669921875 296.287109375
698.5931396484375 290.24896240234375
708.2230834960938 284.2897033691406
717.3343505859375 278.6667175292969
610.86279296875 365.1500244140625
623.8406372070312 356.67034912109375
636.3917846679688 348.6316833496094
648.32568359375 340.8521423339844
659.7813720703125 333.4394836425781
670.7371215820312 326.3163757324219
681.44580078125 319.3988037109375
691.5188598632812 312.8092956542969
701.4336547851562 306.4286804199219
710.7063598632812 300.3846435546875
719.8040771484375 294.42633056640625
615.2333984375 383.0371398925781
627.9013061523438 374.3998718261719
640.2079467773438 365.93658447265625
651.8837280273438 358.0426940917969
663.2041015625 350.2980651855469
673.9634399414062 342.8764343261719
684.384765625 335.7810363769531
694.4166259765625 328.8937683105469
704.0433959960938 322.40338134765625
713.333251953125 315.9881286621094
722.2095947265625 309.8790588378906
619.3885498046875 400.51544189453125
631.879638671875 391.5644226074219
643.8345336914062 383.04937744140625
655.4627685546875 374.6546630859375
666.4636840820312 366.8333740234375
677.1585693359375 359.1751403808594
687.3082885742188 351.8115234375
697.2040405273438 344.71112060546875
706.5816650390625 337.92352294921875
715.6956787109375 331.3714294433594
724.4878540039062 325.0529479980469