1 720 1333
678.6837158203125 216.39706420898438
681.4706420898438 235.27723693847656
683.9887084960938 253.2794189453125
686.4926147460938 270.12335205078125
688.6752319335938 286.3240966796875
690.8172607421875 301.5044250488281
692.8956298828125 316.0228576660156
694.834228515625 329.7802734375
696.690185546875 342.97979736328125
698.4639282226562 355.4017333984375
700.1318969726562 367.34344482421875
661.9719848632812 229.49331665039062
665.2693481445312 248.4437255859375
668.3519897460938 266.2254333496094
671.2178955078125 283.14764404296875
673.8899536132812 299.0787658691406
676.4749755859375 314.2676696777344
678.9313354492188 328.5750427246094
681.3171997070312 342.2852783203125
683.5167236328125 355.2918395996094
685.573974609375 367.615234375
687.5482788085938 379.4015808105469
644.67724609375 243.26307678222656
648.5484008789062 261.9184875488281
652.1647338867188 279.68145751953125
655.5349731445312 296.4369812011719
658.7039794921875 312.2967224121094
661.7409057617188 327.309326171875
664.5988159179688 341.5254821777344
667.4049072265625 355.02740478515625
669.9802856445312 367.86865234375
672.4286499023438 380.1094665527344
674.6803588867188 391.690185546875
626.9634399414062 257.33343505859375
631.3837890625 276.0013427734375
635.5043334960938 293.5559997558594
639.4224853515625 310.21063232421875
643.1642456054688 325.8890380859375
646.5670776367188 340.7303161621094
649.8656616210938 354.8111267089844
653.1245727539062 368.1983947753906
656.140625 380.8233947753906
658.84765625 392.8688049316406
661.5758666992188 404.3454895019531
608.5581665039062 271.9618225097656
613.6189575195312 290.4788818359375
618.3964233398438 307.8718566894531
622.81396484375 324.39996337890625
627.0682373046875 339.8487548828125
631.1368408203125 354.5301208496094
634.8171997070312 368.4817199707031
638.4646606445312 381.60687255859375
641.846435546875 394.1826477050781
645.1263427734375 405.9369201660156
648.1282348632812 417.2587890625
589.65625 287.1053466796875
595.4225463867188 305.4509582519531
600.703857421875 322.69403076171875
605.77490234375 338.9591064453125
610.5728149414062 354.3135070800781
615.13818359375 368.72955322265625
619.3883056640625 382.46826171875
623.4520874023438 395.4403991699219
627.3342895507812 407.6994323730469
630.84814453125 419.405029296875
634.351318359375 430.41607666015625
570.2036743164062 302.7253723144531
576.5790405273438 320.883056640625
582.60888671875 337.9646911621094
588.3433837890625 353.972900390625
593.6268310546875 369.153076171875
598.6569213867188 383.3740234375
603.4776000976562 396.79400634765625
608.0072021484375 409.5545349121094
612.3388061523438 421.62933349609375
616.36865234375 433.067626953125
620.240234375 443.8937683105469
550.12353515625 318.9400634765625
557.3076171875 336.87518310546875
564.0128784179688 353.6531066894531
570.3494873046875 369.4961853027344
576.3013305664062 384.3773498535156
581.8460693359375 398.4069519042969
587.2298583984375 411.54949951171875
592.242919921875 424.0669860839844
596.9256591796875 435.8189392089844
601.4295654296875 447.0312805175781
605.6696166992188 457.6063232421875