1 720 1333
463.4828796386719 196.03028869628906
483.5162658691406 200.50201416015625
503.3977355957031 204.90814208984375
523.0602416992188 209.34068298339844
542.5452880859375 213.63015747070312
561.7830810546875 217.93637084960938
580.8792724609375 222.20811462402344
599.7922973632812 226.38560485839844
618.573974609375 230.5525360107422
637.191650390625 234.6338653564453
655.51513671875 238.73074340820312
463.09442138671875 211.57125854492188
482.6129455566406 215.9012908935547
502.0689392089844 220.24014282226562
521.2902221679688 224.45767211914062
540.3587036132812 228.6132354736328
559.186767578125 232.72898864746094
577.8336791992188 236.81533813476562
596.4291381835938 240.8607177734375
614.6947021484375 244.89901733398438
632.9271240234375 248.86904907226562
650.939453125 252.85748291015625
462.62530517578125 226.50582885742188
481.7227783203125 230.66510009765625
500.7208557128906 234.79359436035156
519.5288696289062 238.88116455078125
538.2313842773438 242.9549560546875
556.6492309570312 246.9161376953125
574.9544067382812 250.88197326660156
593.1425170898438 254.841796875
611.12158203125 258.6998291015625
628.860107421875 262.5705261230469
646.5549926757812 266.4319152832031
462.35809326171875 240.76722717285156
480.9915466308594 244.8042449951172
499.5203552246094 248.77944946289062
517.8866577148438 252.7599639892578
536.2183227539062 256.69000244140625
554.2703247070312 260.54974365234375
572.1807250976562 264.41937255859375
589.9336547851562 268.2181396484375
607.5505981445312 271.9773254394531
625.04296875 275.669189453125
642.3516235351562 279.42840576171875
461.9031677246094 254.50210571289062
480.2989196777344 258.4167175292969
498.3980712890625 262.28607177734375
516.402099609375 266.1077575683594
534.27392578125 269.8615417480469
551.8997192382812 273.6064453125
569.5022583007812 277.3674011230469
586.87646484375 281.013427734375
604.1838989257812 284.6744384765625
621.3079223632812 288.2973327636719
638.32275390625 291.8244323730469
461.5771789550781 267.5766906738281
479.5145263671875 271.4073486328125
497.3100280761719 275.15863037109375
514.8644409179688 278.8127136230469
532.3976440429688 282.5216979980469
549.7027587890625 286.1756591796875
566.9094848632812 289.72119140625
584.0076904296875 293.343994140625
600.912841796875 296.83380126953125
617.7322387695312 300.3413391113281
634.4258422851562 303.7857971191406
461.3265075683594 280.2093811035156
478.7991943359375 283.8410339355469
496.2648620605469 287.4861755371094
513.4548950195312 291.1312561035156
530.6143798828125 294.61431884765625
547.5863647460938 298.1812744140625
564.4962768554688 301.62957763671875
581.2639770507812 305.1111755371094
597.8208618164062 308.5259704589844
614.3410034179688 311.8850402832031
630.66943359375 315.28790283203125
460.94927978515625 292.2878112792969
478.2121276855469 295.8353576660156
495.2384338378906 299.4081115722656
512.13720703125 302.8515319824219
528.8863525390625 306.34423828125
545.607666015625 309.6854553222656
562.1619262695312 313.1156005859375
578.5620727539062 316.43902587890625
594.8403930664062 319.71673583984375
611.0960693359375 323.01318359375
627.107421875 326.2717590332031