1 720 1333
179.95138549804688 131.98545837402344
207.59942626953125 125.337890625
235.10926818847656 118.65400695800781
262.4138488769531 112.1452407836914
289.4678649902344 105.60615539550781
316.3451843261719 99.2864761352539
343.0181884765625 92.94705963134766
369.4864807128906 86.77714538574219
395.6947937011719 80.6429443359375
421.7433166503906 74.71809387207031
447.53240966796875 68.85580444335938
191.5492706298828 159.39093017578125
218.80514526367188 152.59056091308594
245.88796997070312 145.8852996826172
272.8389892578125 139.33677673339844
299.567138671875 132.73095703125
326.16741943359375 126.34239196777344
352.480712890625 119.9932861328125
378.5945129394531 113.69551086425781
404.5523986816406 107.60981750488281
430.32391357421875 101.5588607788086
455.7060852050781 95.61719512939453
202.87628173828125 186.17581176757812
229.78221130371094 179.36236572265625
256.53399658203125 172.572021484375
283.1300354003906 165.93943786621094
309.519287109375 159.38674926757812
335.7017517089844 152.91671752929688
361.7554016113281 146.49935913085938
387.6393127441406 140.26974487304688
413.2983093261719 133.99884033203125
438.6344909667969 127.89100646972656
463.83795166015625 121.8763198852539
214.06808471679688 212.4252166748047
240.5614471435547 205.54835510253906
266.9609069824219 198.74099731445312
293.28802490234375 192.1210174560547
319.3588562011719 185.47314453125
345.2413024902344 178.9219970703125
370.966552734375 172.53985595703125
396.5222473144531 166.2252197265625
421.8180847167969 159.90142822265625
446.9167175292969 153.75405883789062
471.7884521484375 147.70272827148438
224.91261291503906 238.08299255371094
251.20632934570312 231.21803283691406
277.2792053222656 224.40957641601562
303.1999206542969 217.64956665039062
328.9717712402344 211.03639221191406
354.5595397949219 204.51866149902344
380.0069885253906 197.9762420654297
405.2940368652344 191.6237030029297
430.3319091796875 185.33700561523438
455.10992431640625 179.1456756591797
479.6572265625 172.9970703125
235.6805877685547 263.2691345214844
261.558349609375 256.37451171875
287.39508056640625 249.52679443359375
312.9858703613281 242.73890686035156
338.4901123046875 236.16558837890625
363.7541809082031 229.51634216308594
388.90509033203125 223.019287109375
413.79541015625 216.57156372070312
438.5622863769531 210.2686309814453
463.0760192871094 203.88905334472656
487.3636474609375 197.717529296875
246.25140380859375 287.8216552734375
271.7854919433594 280.92120361328125
297.3327941894531 274.1175537109375
322.631103515625 267.3706970214844
347.7711181640625 260.62237548828125
372.8049621582031 254.05804443359375
397.641357421875 247.48655700683594
422.3169250488281 241.00820922851562
446.6631774902344 234.59249877929688
470.89208984375 228.2938690185547
494.838623046875 221.98043823242188
256.6011657714844 311.9648132324219
281.863525390625 305.056640625
307.1222229003906 298.2061767578125
332.1391296386719 291.40362548828125
357.0362854003906 284.63519287109375
381.6708068847656 278.033935546875
406.29718017578125 271.40081787109375
430.5450744628906 264.8680114746094
454.64324951171875 258.4476623535156
478.54705810546875 252.01980590820312
502.2604064941406 245.6753692626953