1 720 1333
575.5081787109375 189.1744842529297
596.5729370117188 186.66859436035156
616.9110107421875 184.35494995117188
636.6265258789062 182.09429931640625
655.6072998046875 179.8331756591797
674.0527954101562 177.7735595703125
691.7205200195312 175.7608184814453
708.9723510742188 173.81900024414062
725.6024169921875 172.0534210205078
741.6681518554688 170.2783966064453
757.35107421875 168.505859375
577.8439331054688 212.9669647216797
598.6381225585938 210.14608764648438
618.70458984375 207.4070587158203
638.2110595703125 204.72494506835938
656.8880004882812 202.27703857421875
675.1134643554688 199.76962280273438
692.617431640625 197.47500610351562
709.6036376953125 195.27130126953125
726.1820678710938 193.07728576660156
742.0366821289062 190.99594116210938
757.4614868164062 188.91015625
580.2440185546875 236.24667358398438
600.6415405273438 233.00315856933594
620.4948120117188 229.90399169921875
639.6280517578125 226.93826293945312
658.2578735351562 224.07359313964844
676.1917724609375 221.34791564941406
693.4950561523438 218.63916015625
710.3616943359375 216.13311767578125
726.5718383789062 213.62872314453125
742.3828125 211.29312133789062
757.5503540039062 208.95083618164062
582.49169921875 258.90570068359375
602.6290283203125 255.38267517089844
622.2760620117188 251.87596130371094
641.1808471679688 248.5998077392578
659.4733276367188 245.43931579589844
677.23583984375 242.37582397460938
694.3723754882812 239.42385864257812
710.9228515625 236.55575561523438
727.1234130859375 233.7865447998047
742.602294921875 231.17654418945312
757.654541015625 228.56414794921875
584.6306762695312 281.1012878417969
604.58251953125 277.2520446777344
623.8524169921875 273.44287109375
642.5938110351562 269.7900390625
660.6368408203125 266.35491943359375
678.2824096679688 262.958984375
695.1846923828125 259.6809997558594
711.5685424804688 256.553466796875
727.5079345703125 253.54800415039062
742.8629760742188 250.5951690673828
757.755859375 247.74403381347656
586.8037109375 302.7186279296875
606.4900512695312 298.53399658203125
625.5628051757812 294.5000305175781
644.0032958984375 290.5591735839844
661.8250122070312 286.72454833984375
679.2129516601562 283.1502380371094
695.9410400390625 279.5792236328125
712.242919921875 276.20745849609375
727.978759765625 272.86761474609375
743.2297973632812 269.6593017578125
757.9658203125 266.569091796875
588.9129638671875 323.86151123046875
608.4266967773438 319.3941650390625
627.219482421875 315.0499572753906
645.423828125 310.8108215332031
663.01318359375 306.7587890625
680.2080688476562 302.7985534667969
696.6625366210938 299.0645751953125
712.7279052734375 295.3880920410156
728.3865356445312 291.78125
743.4680786132812 288.38623046875
758.0589599609375 285.0183410644531
591.0850219726562 344.5027770996094
610.2694702148438 339.7169189453125
628.7216796875 335.2013854980469
646.7266845703125 330.6289367675781
664.2312622070312 326.36181640625
681.0757446289062 322.1849670410156
697.4610595703125 318.0971984863281
713.3908081054688 314.1824645996094
728.6828002929688 310.38409423828125
743.5521240234375 306.6509704589844
758.1585083007812 303.1242370605469