1 720 1333
265.09674072265625 269.72662353515625
282.49334716796875 270.5699157714844
300.3212585449219 271.4403076171875
318.5605163574219 272.26409912109375
337.4878845214844 273.0874938964844
356.6612548828125 273.65289306640625
376.6607971191406 274.6021728515625
397.1184997558594 275.49749755859375
418.1196594238281 276.41558837890625
439.65679931640625 277.2690734863281
461.83990478515625 278.1111145019531
277.01043701171875 289.0929870605469
294.1767272949219 290.1261291503906
311.51611328125 290.99884033203125
329.79937744140625 292.26898193359375
348.1781921386719 293.1872863769531
367.3160400390625 294.3639831542969
386.73760986328125 295.37969970703125
406.8194885253906 296.5176086425781
427.3958740234375 297.5711975097656
448.5164489746094 298.6917724609375
470.242919921875 299.776123046875
288.5763854980469 307.4795837402344
305.0580139160156 308.53765869140625
322.590576171875 309.8841552734375
340.28857421875 311.2507019042969
358.5314025878906 312.4908752441406
377.2483215332031 313.70654296875
396.441162109375 315.1676025390625
416.09686279296875 316.4661560058594
436.2412109375 317.7850646972656
456.9741516113281 319.30389404296875
478.25439453125 320.5772399902344
299.3123779296875 325.1802062988281
315.9875793457031 326.5819091796875
332.92352294921875 327.9563293457031
350.50030517578125 329.5052490234375
368.4147033691406 330.910400390625
386.7569274902344 332.4834289550781
405.5964660644531 333.987548828125
424.9034729003906 335.56829833984375
444.6820068359375 337.276123046875
465.02703857421875 338.72174072265625
485.8058776855469 340.41925048828125
309.805908203125 342.1308898925781
326.2056579589844 343.61981201171875
343.0013122558594 345.3520812988281
360.22528076171875 346.86346435546875
377.8279113769531 348.5884704589844
395.9234313964844 350.3528747558594
414.4388427734375 352.02215576171875
433.3965148925781 353.7427978515625
452.7694091796875 355.5984191894531
472.7081604003906 357.4276123046875
493.18145751953125 359.2605285644531
319.8572692871094 358.32708740234375
336.0851135253906 360.06427001953125
352.5770263671875 361.7967529296875
369.5675048828125 363.62548828125
386.8775939941406 365.46856689453125
404.66522216796875 367.418212890625
422.8428955078125 369.3250427246094
441.49609375 371.2581481933594
460.5296936035156 373.25750732421875
480.1083068847656 375.22100830078125
500.13372802734375 377.2430114746094
329.6352233886719 373.83685302734375
345.5071105957031 375.7315368652344
361.79962158203125 377.6839904785156
378.52734375 379.65093994140625
395.61346435546875 381.6354675292969
413.1434326171875 383.6596984863281
431.0060119628906 385.730224609375
449.34490966796875 387.83441162109375
468.0069885253906 389.9591979980469
487.223388671875 392.11724853515625
506.778564453125 394.3235778808594
338.93438720703125 388.7550964355469
354.6124572753906 390.8633728027344
370.6700744628906 392.92132568359375
387.1305236816406 395.1189880371094
403.9277038574219 397.2627868652344
421.21014404296875 399.36737060546875
438.726318359375 401.4800720214844
456.7467041015625 403.7138366699219
475.18341064453125 405.944091796875
494.0006103515625 408.28564453125
513.3132934570312 410.5638122558594