1 720 1333
458.50811767578125 229.19102478027344
474.43212890625 246.5214080810547
490.2151794433594 263.5472717285156
505.7007141113281 280.4459228515625
521.14892578125 297.1990661621094
536.3333129882812 313.5738830566406
551.3604125976562 329.83843994140625
566.2354736328125 345.9278259277344
580.815185546875 361.83294677734375
595.439453125 377.5085754394531
609.764404296875 392.94970703125
446.82989501953125 242.39454650878906
462.55963134765625 259.27734375
478.0962829589844 275.8931579589844
493.4356689453125 292.4981994628906
508.56396484375 308.7150573730469
523.5616455078125 324.8355407714844
538.431396484375 340.7616271972656
553.0471801757812 356.52032470703125
567.53564453125 372.1091613769531
581.864501953125 387.4257507324219
596.0906372070312 402.5242004394531
435.6555480957031 255.04869079589844
451.148681640625 271.55029296875
466.461181640625 287.9109802246094
481.54595947265625 304.0457763671875
496.5060119628906 320.01019287109375
511.324462890625 335.717041015625
525.922607421875 351.3546447753906
540.39599609375 366.68670654296875
554.65771484375 381.95001220703125
568.8245849609375 396.9253234863281
582.8378295898438 411.7234191894531
424.8674621582031 267.3473205566406
440.1643981933594 283.4834289550781
455.2473449707031 299.4127502441406
470.1369323730469 315.27020263671875
484.8578796386719 330.80059814453125
499.4693298339844 346.28778076171875
513.857177734375 361.4873352050781
528.1870727539062 376.5654296875
542.3151245117188 391.4644775390625
556.3304443359375 406.18988037109375
570.1539916992188 420.6505126953125
414.4598693847656 279.1383972167969
429.51275634765625 294.879638671875
444.3939514160156 310.57537841796875
459.1536865234375 325.9973449707031
473.6488037109375 341.3506774902344
488.0556640625 356.4018859863281
502.3263854980469 371.3435363769531
516.39501953125 386.0787048339844
530.3333740234375 400.6512756347656
544.2047119140625 415.04510498046875
557.8135375976562 429.2956848144531
404.4809875488281 290.52362060546875
419.2656555175781 306.03533935546875
433.9176940917969 321.3149719238281
448.4664611816406 336.4479675292969
462.81591796875 351.4051513671875
477.04815673828125 366.2146911621094
491.1409606933594 380.7515563964844
505.013427734375 395.29400634765625
518.755615234375 409.520751953125
532.43212890625 423.6085510253906
545.9381103515625 437.53582763671875
394.6922912597656 301.53961181640625
409.42950439453125 316.6310119628906
423.7939147949219 331.6638488769531
438.2231140136719 346.4895935058594
452.419189453125 361.1741943359375
466.4159851074219 375.5967712402344
480.3219909667969 389.90106201171875
494.0705261230469 404.1092224121094
507.61419677734375 418.1112976074219
521.1902465820312 431.8383483886719
534.4932861328125 445.5128479003906
385.4515075683594 312.0948181152344
399.7687072753906 327.118896484375
414.16131591796875 341.6568603515625
428.2976989746094 356.2594299316406
442.3108215332031 370.5580139160156
456.1722106933594 384.705810546875
469.845947265625 398.7126159667969
483.4789733886719 412.6038818359375
496.90679931640625 426.3393249511719
510.2759704589844 439.7944641113281
523.4462280273438 453.21881103515625