1 720 1333
472.0871887207031 303.2628479003906
499.9816589355469 314.5041198730469
526.7108154296875 325.3197021484375
552.463134765625 335.6383361816406
577.1571655273438 345.56036376953125
600.7758178710938 355.0891418457031
623.5789184570312 364.23785400390625
645.532958984375 373.0083923339844
666.610595703125 381.449462890625
686.8281860351562 389.4687194824219
706.3015747070312 397.2351989746094
459.8186950683594 323.43170166015625
487.3742370605469 334.1191101074219
513.7276000976562 344.2406921386719
539.1427001953125 353.9934997558594
563.494873046875 363.3691711425781
586.928466796875 372.35833740234375
609.5042114257812 380.9681701660156
631.2681274414062 389.306396484375
652.194091796875 397.2967529296875
672.3247680664062 404.8338928222656
691.6143798828125 412.2328796386719
448.2785339355469 342.7098693847656
475.37908935546875 352.71795654296875
501.40478515625 362.336181640625
526.4429321289062 371.51971435546875
550.5020751953125 380.3887634277344
573.6503295898438 388.8093566894531
596.0453491210938 397.03363037109375
617.553466796875 404.8434753417969
638.33544921875 412.4760437011719
658.3308715820312 419.60443115234375
677.5562744140625 426.5643005371094
437.1947937011719 361.20111083984375
463.85430908203125 370.57049560546875
489.59356689453125 379.580810546875
514.3101806640625 388.3369445800781
538.1027221679688 396.64349365234375
561.0191650390625 404.66180419921875
583.1177368164062 412.4353942871094
604.4524536132812 419.867431640625
624.9861450195312 427.0652160644531
644.8088989257812 433.82000732421875
663.9635620117188 440.4334716796875
426.6168212890625 378.67584228515625
452.98309326171875 387.6025695800781
478.340576171875 396.14459228515625
502.6639099121094 404.3709411621094
526.2351684570312 412.26666259765625
548.8397827148438 419.8161315917969
570.6864013671875 427.2310791015625
591.8160400390625 434.2769470214844
612.2646484375 441.0682067871094
631.8842163085938 447.465087890625
650.9003295898438 453.6666259765625
416.55975341796875 395.5091552734375
442.5240478515625 403.8956298828125
467.5298767089844 411.9159851074219
491.5888977050781 419.7156066894531
514.7792358398438 427.2371520996094
537.2488403320312 434.4188232421875
558.8027954101562 441.3427734375
579.7498779296875 448.0155029296875
599.9329223632812 454.4542541503906
619.5021362304688 460.5647277832031
638.3154907226562 466.4735412597656
406.9967956542969 411.5397033691406
432.5375671386719 419.4961242675781
457.21258544921875 427.17901611328125
480.944580078125 434.47576904296875
503.8954772949219 441.5321044921875
526.0529174804688 448.3443603515625
547.500244140625 454.83880615234375
568.1544189453125 461.2468566894531
588.1633911132812 467.346923828125
607.4750366210938 473.1435852050781
626.2450561523438 478.66265869140625
397.7735900878906 426.9145812988281
422.9747314453125 434.4743347167969
447.32232666015625 441.6485900878906
470.7538757324219 448.57135009765625
493.4505615234375 455.3123779296875
515.3936767578125 461.687255859375
536.5303955078125 467.86578369140625
557.0005493164062 473.8346252441406
576.7703857421875 479.6090393066406
595.9727783203125 485.183349609375
614.5446166992188 490.43304443359375