1 720 1333
445.6240234375 262.11370849609375
460.0529479980469 272.9298400878906
474.46112060546875 283.7304992675781
488.9044494628906 294.6612243652344
503.45745849609375 305.57196044921875
518.0044555664062 316.5418701171875
532.578857421875 327.4991149902344
547.3208618164062 338.5774230957031
561.9242553710938 349.60589599609375
576.755859375 360.64324951171875
591.5653686523438 371.7592468261719
438.0828857421875 276.8099060058594
452.2698974609375 287.52569580078125
466.5148010253906 298.3588562011719
480.7596435546875 309.0999755859375
495.1995544433594 319.9646301269531
509.5397644042969 330.74908447265625
523.9925537109375 341.6786804199219
538.4591064453125 352.60906982421875
553.0048828125 363.542724609375
567.5870361328125 374.55987548828125
582.3007202148438 385.5444641113281
430.5462646484375 291.2490539550781
444.62957763671875 301.8835144042969
458.6664733886719 312.4962158203125
472.8245849609375 323.2937316894531
487.0644836425781 333.9689636230469
501.2957763671875 344.7568664550781
515.5410766601562 355.5475158691406
529.8077392578125 366.3766174316406
544.2401123046875 377.31451416015625
558.61083984375 388.131591796875
573.15234375 399.0937805175781
423.2905578613281 305.4178771972656
437.1469421386719 315.877197265625
451.11871337890625 326.5085754394531
465.06939697265625 337.1352233886719
479.1293029785156 347.743896484375
493.1689147949219 358.4439697265625
507.28179931640625 369.1578369140625
521.4495239257812 379.8852233886719
535.6084594726562 390.5849914550781
549.8677978515625 401.4394226074219
564.241455078125 412.25262451171875
416.0992736816406 319.1867370605469
429.83197021484375 329.6371154785156
443.5818786621094 340.1667785644531
457.45452880859375 350.6316223144531
471.3496398925781 361.2677917480469
485.2518310546875 371.7870788574219
499.2388916015625 382.4512634277344
513.1945190429688 393.07501220703125
527.2484130859375 403.7562561035156
541.3541870117188 414.421630859375
555.4881591796875 425.1786193847656
409.1601867675781 332.770751953125
422.62261962890625 343.13427734375
436.3307189941406 353.5106506347656
449.98260498046875 363.95782470703125
463.6627197265625 374.4143371582031
477.48779296875 384.9045715332031
491.2884521484375 395.4326171875
505.1643371582031 406.0211181640625
519.0093383789062 416.5419921875
532.9089965820312 427.17657470703125
546.9417724609375 437.6838684082031
402.29034423828125 345.9793701171875
415.6581726074219 356.30743408203125
429.2046203613281 366.6475830078125
442.6758728027344 376.9101257324219
456.3151550292969 387.3873291015625
469.8570861816406 397.6690673828125
483.5267639160156 408.1966552734375
497.273193359375 418.58740234375
510.9763488769531 429.14935302734375
524.7586059570312 439.5509033203125
538.6127319335938 450.0964660644531
395.54888916015625 358.9588317871094
408.8076171875 369.279296875
422.1917724609375 379.3958435058594
435.5533447265625 389.7323913574219
448.9772644042969 399.96990966796875
462.4929504394531 410.33612060546875
475.9691162109375 420.60302734375
489.55841064453125 431.0075378417969
503.1969299316406 441.3746643066406
516.8087158203125 451.6903076171875
530.5083618164062 462.1077575683594