1 720 1333
249.7589874267578 138.07847595214844
262.2440490722656 133.6060791015625
275.106201171875 128.906494140625
288.1996154785156 124.2444839477539
301.6758117675781 119.37043762207031
315.4840393066406 114.4524917602539
329.70263671875 109.35662078857422
344.29327392578125 104.2249755859375
359.26556396484375 98.793701171875
374.6499328613281 93.47631072998047
390.45306396484375 87.88555908203125
252.2335662841797 156.64715576171875
264.70721435546875 152.32176208496094
277.4999694824219 147.96978759765625
290.68505859375 143.40643310546875
304.1958312988281 138.79449462890625
318.0741882324219 134.08602905273438
332.2308654785156 129.28697204589844
346.78662109375 124.326171875
361.7253723144531 119.29801940917969
377.282958984375 114.07512664794922
392.9992370605469 108.77982330322266
254.65634155273438 175.18905639648438
267.22369384765625 171.10958862304688
280.0390319824219 166.84043884277344
293.1553039550781 162.60516357421875
306.67633056640625 158.2110137939453
320.5121154785156 153.7170867919922
334.7382507324219 149.16917419433594
349.36798095703125 144.4652862548828
364.3627014160156 139.59756469726562
379.69146728515625 134.7515869140625
395.6235046386719 129.67262268066406
257.17254638671875 193.66554260253906
269.5998840332031 189.76393127441406
282.47979736328125 185.8227081298828
295.64056396484375 181.7649688720703
309.1939392089844 177.64053344726562
323.10992431640625 173.40606689453125
337.34375 169.0956268310547
351.9192199707031 164.58090209960938
366.883544921875 160.10662841796875
382.4382019042969 155.4089813232422
398.2879333496094 150.68019104003906
259.6131286621094 212.23324584960938
272.1885986328125 208.5477752685547
284.9732971191406 204.74818420410156
298.1911315917969 200.95082092285156
311.71490478515625 197.08908081054688
325.5986328125 193.12518310546875
339.8469543457031 188.9827880859375
354.499267578125 184.74996948242188
369.5356140136719 180.498779296875
385.0293273925781 176.17518615722656
400.9048156738281 171.5979461669922
262.19659423828125 230.69090270996094
274.65997314453125 227.28428649902344
287.5380859375 223.7240447998047
300.7205505371094 220.1786346435547
314.3321228027344 216.49478149414062
328.24432373046875 212.69049072265625
342.48590087890625 208.8604278564453
357.2167053222656 204.9102325439453
372.20574951171875 200.89199829101562
387.6416015625 196.74395751953125
403.5762939453125 192.6047821044922
264.6830139160156 249.1907501220703
277.2550964355469 245.94387817382812
290.10198974609375 242.61900329589844
303.3346862792969 239.36337280273438
316.85614013671875 235.837890625
330.8196716308594 232.3892822265625
345.180419921875 228.73948669433594
359.79949951171875 225.1413116455078
374.8727111816406 221.343017578125
390.44134521484375 217.49411010742188
406.3951416015625 213.52053833007812
267.2823791503906 267.61602783203125
279.6915283203125 264.62005615234375
292.6617431640625 261.5670166015625
305.8643493652344 258.4796447753906
319.5104064941406 255.30531311035156
333.445556640625 251.9747314453125
347.7896728515625 248.64404296875
362.537109375 245.2600860595703
377.6099548339844 241.6865692138672
393.2649230957031 238.1646270751953
409.1846008300781 234.49188232421875