1 720 1333
480.70648193359375 116.44937896728516
492.81256103515625 126.81845092773438
505.2257385253906 137.3846893310547
517.5983276367188 148.05105590820312
530.2310180664062 158.74452209472656
542.906982421875 169.6613311767578
555.79931640625 180.63043212890625
568.7777099609375 191.77923583984375
581.9236450195312 202.97230529785156
595.328369140625 214.41510009765625
608.6959228515625 225.77682495117188
476.3573303222656 131.8567352294922
488.2850646972656 142.21426391601562
500.34088134765625 152.6212921142578
512.50048828125 163.18359375
524.8128662109375 173.8063507080078
537.3380737304688 184.5615234375
549.8753662109375 195.50051879882812
562.6004638671875 206.43292236328125
575.4970703125 217.59397888183594
588.5282592773438 228.74502563476562
601.6776733398438 240.14810180664062
472.130126953125 146.79727172851562
483.7414245605469 157.02198791503906
495.5760192871094 167.3265380859375
507.5505065917969 177.7742919921875
519.6221923828125 188.34246826171875
531.8385620117188 199.07379150390625
544.2109985351562 209.7093963623047
556.6376953125 220.65379333496094
569.2615356445312 231.61517333984375
582.0300903320312 242.68711853027344
594.89599609375 253.9405975341797
467.97796630859375 161.30224609375
479.4482116699219 171.37850952148438
491.0928955078125 181.62184143066406
502.71221923828125 191.87074279785156
514.638427734375 202.4662322998047
526.5693359375 212.86532592773438
538.63671875 223.5927734375
550.8043212890625 234.3282928466797
563.2374267578125 245.24114990234375
575.6842041015625 256.1977844238281
588.3394165039062 267.291015625
464.0272216796875 175.22854614257812
475.3103942871094 185.31761169433594
486.6077880859375 195.35374450683594
498.2020568847656 205.6897735595703
509.7060852050781 215.88656616210938
521.489990234375 226.44273376464844
533.3525390625 236.91986083984375
545.3414916992188 247.59176635742188
557.3767700195312 258.3799133300781
569.6015625 269.1867980957031
582.0348510742188 280.236083984375
460.2236328125 188.74481201171875
471.2499084472656 198.64942932128906
482.41766357421875 208.77952575683594
493.61956787109375 218.77830505371094
505.0975036621094 229.13958740234375
516.533935546875 239.36476135253906
528.2412719726562 249.8629608154297
539.841064453125 260.4115295410156
551.7278442382812 270.969482421875
563.7479858398438 281.7718200683594
575.8904418945312 292.59979248046875
456.46148681640625 201.7970428466797
467.36456298828125 211.7876434326172
478.2925720214844 221.56988525390625
489.36279296875 231.6781005859375
500.5099182128906 241.7340545654297
511.8064270019531 252.08822631835938
523.2374877929688 262.3866271972656
534.7020874023438 272.68255615234375
546.3846435546875 283.3868408203125
558.213134765625 293.9115295410156
570.0999145507812 304.69219970703125
452.8375244140625 214.62371826171875
463.489501953125 224.2747344970703
474.3150329589844 234.21139526367188
485.1820373535156 244.06517028808594
496.17230224609375 254.17068481445312
507.2547912597656 264.2725830078125
518.4306030273438 274.3958435058594
529.718994140625 284.7967834472656
541.2091674804688 295.16876220703125
552.7362060546875 305.7035827636719
564.4561157226562 316.3301086425781