1 720 1333
464.4128112792969 130.1864471435547
480.3056640625 131.3676300048828
496.4164733886719 132.5557861328125
512.8945922851562 133.7731170654297
529.650390625 135.1664581298828
546.7412719726562 136.46888732910156
564.1804809570312 137.7454833984375
581.867431640625 139.2327423095703
599.8966674804688 140.6004180908203
618.396484375 142.1770477294922
637.1674194335938 143.60667419433594
461.0429382324219 148.34532165527344
476.7889099121094 149.61033630371094
493.0058898925781 151.03746032714844
509.4018859863281 152.51095581054688
526.2433471679688 153.91246032714844
543.2155151367188 155.46246337890625
560.608642578125 156.9339599609375
578.3085327148438 158.51133728027344
596.3637084960938 160.1685028076172
614.654296875 161.73199462890625
633.4735717773438 163.48638916015625
457.58099365234375 166.48452758789062
473.4441833496094 167.99913024902344
489.5072937011719 169.57382202148438
505.90380859375 171.15695190429688
522.6170654296875 172.73052978515625
539.6365356445312 174.4497833251953
556.9801635742188 176.2014617919922
574.677978515625 177.8237762451172
592.615234375 179.59060668945312
611.0711669921875 181.4635467529297
629.7015991210938 183.37203979492188
454.2457580566406 184.67568969726562
469.9706726074219 186.42047119140625
486.0965270996094 188.14620971679688
502.4096374511719 189.82809448242188
519.1334228515625 191.61065673828125
536.0748291015625 193.50390625
553.419921875 195.35923767089844
571.0194702148438 197.28585815429688
588.9957275390625 199.2041473388672
607.3245849609375 201.23345947265625
626.0604858398438 203.27774047851562
450.7747497558594 202.84185791015625
466.523681640625 204.7220916748047
482.57696533203125 206.6176300048828
498.8788757324219 208.5436553955078
515.5357055664062 210.5321807861328
532.498046875 212.51402282714844
549.7626953125 214.50990295410156
567.3997802734375 216.57994079589844
585.3358154296875 218.68109130859375
603.653564453125 220.88929748535156
622.2947387695312 223.2254180908203
447.3889465332031 221.2110595703125
463.13232421875 223.20803833007812
479.08184814453125 225.2725372314453
495.4190673828125 227.33737182617188
512.000244140625 229.408935546875
528.9414672851562 231.5426788330078
546.2078247070312 233.77658081054688
563.725830078125 236.00172424316406
581.633544921875 238.33824157714844
599.904296875 240.65194702148438
618.5571899414062 243.1292724609375
444.02056884765625 239.4351806640625
459.6237487792969 241.5486602783203
475.65057373046875 243.739501953125
491.8747253417969 246.01409912109375
508.5177917480469 248.35934448242188
525.3959350585938 250.6473388671875
542.6010131835938 253.02491760253906
560.175048828125 255.48291015625
578.0094604492188 257.90325927734375
596.2833251953125 260.4772644042969
614.833984375 263.11322021484375
440.6068420410156 257.6391296386719
456.3029479980469 259.9604797363281
472.208740234375 262.3711242675781
488.4381103515625 264.73089599609375
504.94366455078125 267.3104553222656
521.8121337890625 269.725830078125
538.9992065429688 272.3455810546875
556.5493774414062 274.87908935546875
574.4132690429688 277.5941162109375
592.582275390625 280.3370666503906
611.1795654296875 283.1152648925781