1 720 1333
405.3290100097656 81.30512237548828
438.6304626464844 89.17962646484375
470.2964172363281 96.65857696533203
500.2451171875 103.85619354248047
528.5236206054688 110.71113586425781
555.3756713867188 117.28166961669922
580.8662109375 123.48296356201172
605.127197265625 129.36695861816406
628.2105102539062 134.95053100585938
650.0740356445312 140.41966247558594
670.9322509765625 145.53829956054688
407.52294921875 109.49591827392578
441.3948669433594 116.67145538330078
473.3255920410156 123.5683822631836
503.53314208984375 130.17884826660156
532.1275634765625 136.37571716308594
559.2427978515625 142.3102264404297
584.8873291015625 147.90576171875
609.3401489257812 153.25
632.5280151367188 158.3581085205078
654.5428466796875 163.25128173828125
675.5603637695312 167.88357543945312
409.9279479980469 138.54681396484375
444.21014404296875 145.01109313964844
476.4930419921875 151.2053680419922
507.01898193359375 157.04981994628906
535.849365234375 162.6086883544922
563.2058715820312 167.8834686279297
589.0546264648438 172.85145568847656
613.6394653320312 177.6379852294922
636.9805297851562 182.1782684326172
659.1939086914062 186.52552795410156
680.2780151367188 190.65591430664062
412.4858093261719 168.47235107421875
447.1783142089844 174.18020629882812
479.75628662109375 179.55335998535156
510.57110595703125 184.66714477539062
539.6978759765625 189.53424072265625
567.2427368164062 194.15199279785156
593.307861328125 198.48117065429688
618.067138671875 202.57554626464844
641.5552368164062 206.53359985351562
663.781005859375 210.34889221191406
685.061279296875 214.01898193359375
415.1595153808594 199.27647399902344
450.20880126953125 204.05482482910156
483.1969299316406 208.63319396972656
514.3121948242188 212.9914093017578
543.583984375 217.1207733154297
571.390869140625 220.95071411132812
597.61962890625 224.59974670410156
622.5675048828125 228.1689453125
646.2496948242188 231.45773315429688
668.6380004882812 234.691162109375
689.9217529296875 237.7266082763672
417.8935852050781 230.91600036621094
453.3672180175781 234.8124542236328
486.6534118652344 238.58676147460938
518.0392456054688 242.08755493164062
547.6638793945312 245.39915466308594
575.6070556640625 248.50607299804688
602.148193359375 251.4693603515625
627.2307739257812 254.33827209472656
651.0717163085938 256.9428405761719
673.5441284179688 259.5565185546875
694.9993896484375 262.19219970703125
420.7731018066406 263.5351867675781
456.6363220214844 266.5132141113281
490.33355712890625 269.3143005371094
521.9425659179688 271.8560791015625
551.7717895507812 274.4447326660156
579.9874267578125 276.7327575683594
606.61376953125 278.9546203613281
631.8916015625 281.1446838378906
655.8427124023438 283.166259765625
678.5562744140625 285.1847229003906
700.0897216796875 286.98480224609375
423.8380432128906 297.1073913574219
460.1412353515625 298.9928894042969
494.0386657714844 300.74957275390625
525.9761962890625 302.500732421875
556.09326171875 304.2377624511719
584.4631958007812 305.65081787109375
611.354736328125 307.2368469238281
636.7111206054688 308.5462951660156
660.8038330078125 309.9071044921875
683.5780029296875 311.270263671875
705.25390625 312.5097961425781