1 720 1333
510.8681640625 115.65641784667969
530.2991943359375 127.82068634033203
549.2705078125 139.7655487060547
567.7866821289062 151.46939086914062
586.0452880859375 162.87448120117188
603.81591796875 174.19430541992188
621.3394165039062 185.18861389160156
638.4946899414062 195.99093627929688
655.2808227539062 206.53016662597656
671.6998291015625 216.918212890625
687.7872924804688 227.13967895507812
500.8367614746094 133.7519989013672
520.46826171875 145.81565856933594
539.590576171875 157.6275634765625
558.3873901367188 169.19859313964844
576.7516479492188 180.5031280517578
594.760986328125 191.5790557861328
612.4603271484375 202.514404296875
629.71337890625 213.1643524169922
646.72802734375 223.58763122558594
663.3856201171875 233.8498992919922
679.6328735351562 243.93283081054688
490.68292236328125 152.11737060546875
510.5107421875 164.02320861816406
529.8389282226562 175.63502502441406
548.8287963867188 187.12489318847656
567.4478149414062 198.3094482421875
585.6182861328125 209.30230712890625
603.4771728515625 219.9651336669922
621.0025634765625 230.53504943847656
638.1847534179688 240.84417724609375
654.9055786132812 250.96707153320312
671.399169921875 260.9791259765625
480.50732421875 170.6210479736328
500.4919738769531 182.40298461914062
520.0997924804688 193.93450927734375
539.2620849609375 205.24008178710938
557.9971923828125 216.32322692871094
576.4197387695312 227.0904083251953
594.4379272460938 237.6925811767578
612.1290283203125 248.12570190429688
629.4412231445312 258.3190002441406
646.4028930664062 268.35650634765625
663.057373046875 278.1665344238281
470.182373046875 189.3795166015625
490.39434814453125 201.01394653320312
510.1399230957031 212.39125061035156
529.5348510742188 223.5500946044922
548.4905395507812 234.45208740234375
567.0770874023438 245.19546508789062
585.3421020507812 255.59605407714844
603.1774291992188 265.8459777832031
620.6561889648438 275.9525146484375
637.77490234375 285.78692626953125
654.6055908203125 295.55609130859375
459.7122497558594 208.3639373779297
480.20654296875 219.8046417236328
500.1701354980469 231.13026428222656
519.6763305664062 242.06207275390625
538.8817749023438 252.79812622070312
557.6436157226562 263.37774658203125
576.0913696289062 273.7108154296875
594.1488037109375 283.8660583496094
611.7431030273438 293.7547607421875
629.1583862304688 303.58367919921875
646.12890625 313.1939392089844
449.25628662109375 227.48171997070312
469.8739929199219 238.80978393554688
490.07916259765625 249.89804077148438
509.8113098144531 260.7434387207031
529.2291259765625 271.4504089355469
548.1851196289062 281.8261413574219
566.7203979492188 292.0517578125
584.9237670898438 302.02142333984375
602.8067016601562 311.8486328125
620.3236694335938 321.50396728515625
637.4713745117188 330.91143798828125
438.6116943359375 246.84048461914062
459.5073547363281 258.0746154785156
479.8300476074219 268.9482421875
499.8718566894531 279.70233154296875
519.394287109375 290.2377624511719
538.5831298828125 300.4933166503906
557.3508911132812 310.54547119140625
575.702392578125 320.4293212890625
593.7178344726562 330.1035461425781
611.4556274414062 339.5721740722656
628.7261962890625 348.8177185058594