1 720 1333
546.2019653320312 242.12728881835938
563.9944458007812 250.59390258789062
581.144775390625 258.75
597.5552368164062 266.62628173828125
613.4174194335938 274.2664489746094
628.6812744140625 281.4930114746094
643.44921875 288.51654052734375
657.6175537109375 295.3323059082031
671.3934326171875 301.82098388671875
684.5615234375 308.135498046875
697.3450927734375 314.24627685546875
534.5904541015625 256.5794677734375
552.3689575195312 264.6878356933594
569.4169311523438 272.51812744140625
585.803466796875 280.0206298828125
601.635986328125 287.271484375
616.8906860351562 294.262451171875
631.6823120117188 300.895751953125
645.9144897460938 307.45709228515625
659.6590576171875 313.6736145019531
672.9299926757812 319.6761474609375
685.6976318359375 325.54754638671875
523.4310302734375 270.63116455078125
541.0751342773438 278.431396484375
558.1168212890625 285.8086853027344
574.475341796875 293.0172424316406
590.3311767578125 299.9150085449219
605.5538330078125 306.5631408691406
620.3148193359375 313.0510559082031
634.499755859375 319.26312255859375
648.3004150390625 325.2904052734375
661.5588989257812 331.00726318359375
674.43017578125 336.5948181152344
512.5445556640625 284.3320617675781
530.2130126953125 291.66217041015625
547.1527099609375 298.73870849609375
563.4658203125 305.62725830078125
579.248046875 312.29376220703125
594.4853515625 318.62310791015625
609.228515625 324.74200439453125
623.4349365234375 330.7073669433594
637.2293090820312 336.484375
650.5010986328125 342.0107116699219
663.3570556640625 347.3653869628906
502.1465148925781 297.4770202636719
519.603271484375 304.5483703613281
536.4898071289062 311.37908935546875
552.7636108398438 317.88323974609375
568.4988403320312 324.2668762207031
583.6815185546875 330.3416748046875
598.4248046875 336.25213623046875
612.6116943359375 341.8684997558594
626.4067993164062 347.44189453125
639.7145385742188 352.6595764160156
652.5709228515625 357.7934875488281
491.96142578125 310.3108825683594
509.3865661621094 317.0877990722656
526.2160034179688 323.5290832519531
542.4655151367188 329.77960205078125
558.1424560546875 335.826416015625
573.3052978515625 341.6732177734375
587.9203491210938 347.348388671875
602.1869506835938 352.73602294921875
615.8572998046875 358.0624084472656
629.2149658203125 363.1829833984375
642.1072387695312 367.960693359375
482.2047424316406 322.7076110839844
499.4981994628906 329.19293212890625
516.2392578125 335.4034118652344
532.3856201171875 341.4083557128906
548.0103759765625 347.2068786621094
563.1881713867188 352.69158935546875
577.7215576171875 358.140625
591.8995361328125 363.32611083984375
605.6439208984375 368.3955993652344
618.9313354492188 373.2574462890625
631.7771606445312 377.8981018066406
472.662109375 334.7205505371094
489.8847961425781 340.9129943847656
506.5581970214844 346.8475646972656
522.6489868164062 352.5994873046875
538.2429809570312 358.1622009277344
553.3126220703125 363.4814453125
567.8518676757812 368.567626953125
582.01513671875 373.5843811035156
595.6464233398438 378.40289306640625
608.9727783203125 383.0201721191406
621.818115234375 387.4979248046875