1 720 1333
580.1597290039062 235.7164306640625
594.2613525390625 247.49462890625
607.6148681640625 258.6622314453125
620.3921508789062 269.3357238769531
632.5194702148438 279.48211669921875
644.0787353515625 289.1966247558594
655.1436767578125 298.44708251953125
665.642333984375 307.27301025390625
675.7559814453125 315.7177429199219
685.4070434570312 323.79669189453125
694.6183471679688 331.5635070800781
567.1980590820312 254.2688751220703
581.6087036132812 265.5561218261719
595.3614501953125 276.3274841308594
608.4196166992188 286.5671691894531
620.8193969726562 296.33673095703125
632.6766967773438 305.61895751953125
644.0453491210938 314.51409912109375
654.8168334960938 323.0114440917969
665.2579345703125 331.18487548828125
675.1181030273438 338.93182373046875
684.523681640625 346.38311767578125
554.3064575195312 272.8139343261719
569.0625610351562 283.6593322753906
583.1041259765625 294.0144958496094
596.4462890625 303.7955627441406
609.2247314453125 313.2593078613281
621.3636474609375 322.1982727050781
632.958984375 330.642333984375
644.0763549804688 338.8046875
654.6651611328125 346.62579345703125
664.7474365234375 354.09210205078125
674.479736328125 361.2547912597656
541.3462524414062 291.49615478515625
556.4631958007812 301.8650817871094
570.782958984375 311.71435546875
584.4852905273438 321.2005310058594
597.5111083984375 330.1818542480469
609.9437255859375 338.6642761230469
621.824951171875 346.8129577636719
633.2684936523438 354.6641540527344
644.114990234375 362.166259765625
654.4534912109375 369.2836608886719
664.3869018554688 376.0972595214844
528.4213256835938 310.1994323730469
543.830078125 320.1051025390625
558.5563354492188 329.5303649902344
572.5390014648438 338.523193359375
585.8671264648438 347.1121520996094
598.5850219726562 355.2623596191406
610.7240600585938 363.0807189941406
622.4320678710938 370.5116271972656
633.5130004882812 377.62451171875
644.12548828125 384.44036865234375
654.2822875976562 390.9381408691406
515.5005493164062 328.7996826171875
531.3309936523438 338.3492431640625
546.3499755859375 347.3480224609375
560.6192016601562 355.8531188964844
574.2786865234375 364.07733154296875
587.2907104492188 371.830810546875
599.6498413085938 379.2873840332031
611.5552978515625 386.3882141113281
622.881591796875 393.1592102050781
633.7186279296875 399.5979919433594
644.1767578125 405.7734375
502.59771728515625 347.5250549316406
518.7265625 356.518798828125
534.137451171875 365.16827392578125
548.6839599609375 373.2689514160156
562.628173828125 381.0460205078125
575.8845825195312 388.41534423828125
588.5853271484375 395.460205078125
600.6726684570312 402.2236633300781
612.3499755859375 408.626708984375
623.4180908203125 414.7415771484375
634.00341796875 420.6215515136719
489.7182312011719 366.2453308105469
506.3094787597656 374.7567443847656
521.9252319335938 382.8460998535156
536.83837890625 390.613037109375
551.0685424804688 397.9859313964844
564.5824584960938 404.9490966796875
577.51806640625 411.6006774902344
589.8536987304688 418.0015869140625
601.65966796875 424.10302734375
613.0149536132812 429.8698425292969
623.7590942382812 435.4331359863281