1 720 1333
316.1481018066406 325.4624938964844
350.49127197265625 315.3630065917969
384.42022705078125 305.3454895019531
417.87353515625 295.5018615722656
450.8063049316406 285.7607727050781
483.4313049316406 276.270751953125
515.4365234375 266.7890930175781
547.0757446289062 257.5601501464844
578.1810913085938 248.48297119140625
608.7269287109375 239.5770721435547
638.8165283203125 230.8330841064453
330.6849365234375 356.0279541015625
364.22747802734375 345.8155822753906
397.39605712890625 335.825439453125
430.00872802734375 325.9762268066406
462.3362731933594 316.30902099609375
494.0141296386719 306.654052734375
525.3992309570312 297.2529602050781
556.264404296875 287.89605712890625
586.6412963867188 278.75787353515625
616.6305541992188 269.7484130859375
646.2233276367188 260.94586181640625
344.662353515625 385.322021484375
377.53289794921875 375.2077941894531
409.7702331542969 365.2149658203125
441.769775390625 355.3450012207031
473.2485046386719 345.5573425292969
504.322021484375 335.93853759765625
534.8816528320312 326.4907531738281
565.208740234375 317.1634216308594
594.9236450195312 307.9501953125
624.3753662109375 298.8324890136719
653.2694702148438 290.00189208984375
358.28070068359375 413.4217529296875
390.2540588378906 403.3370361328125
421.8882141113281 393.3443603515625
453.014892578125 383.5094909667969
483.830322265625 373.72174072265625
514.2247314453125 364.2090759277344
544.2081909179688 354.6720275878906
573.681884765625 345.3793029785156
602.957763671875 336.16241455078125
631.687255859375 327.0321960449219
660.1141967773438 318.08148193359375
371.2207336425781 440.41754150390625
402.580810546875 430.3554992675781
433.4293212890625 420.4154052734375
463.8998718261719 410.5416564941406
494.0339050292969 400.852783203125
523.75830078125 391.3266296386719
553.0968017578125 381.78497314453125
582.0714111328125 372.4864196777344
610.646484375 363.3106384277344
638.8844604492188 354.124267578125
666.6323852539062 345.16644287109375
383.8063659667969 466.37225341796875
414.3850402832031 456.32110595703125
444.6007385253906 446.4002990722656
474.4609680175781 436.61676025390625
503.87469482421875 426.9271240234375
532.9564819335938 417.4005126953125
561.677490234375 407.96990966796875
590.0552978515625 398.620361328125
618.1516723632812 389.4096984863281
645.7133178710938 380.3180847167969
673.02587890625 371.26251220703125
395.86883544921875 491.2156982421875
425.741455078125 481.2474365234375
455.4332275390625 471.3756103515625
484.56195068359375 461.6118469238281
513.4346923828125 451.9978942871094
541.8701171875 442.5040588378906
570.035888671875 433.0610656738281
597.7764282226562 423.72528076171875
625.315185546875 414.5399169921875
652.3922729492188 405.3757629394531
679.1146850585938 396.40228271484375
407.494384765625 515.156494140625
436.8147277832031 505.2425842285156
465.7330322265625 495.4134521484375
494.4064636230469 485.6648254394531
522.6152954101562 476.14227294921875
550.5128173828125 466.5940246582031
578.0599365234375 457.2564697265625
605.3353271484375 447.8570556640625
632.1866455078125 438.6577453613281
658.7052612304688 429.5713806152344
684.8941040039062 420.532470703125