1 720 1333
585.80859375 9.580269813537598
606.3739624023438 14.728504180908203
627.032958984375 19.972270965576172
647.8211669921875 25.331859588623047
668.8023071289062 30.639081954956055
689.8875122070312 36.12451934814453
711.2152099609375 41.5673828125
732.54931640625 47.15251541137695
754.0821533203125 52.601810455322266
775.6265869140625 58.38734817504883
797.3751831054688 64.12334442138672
577.9527587890625 22.636472702026367
598.7914428710938 27.915761947631836
619.7546997070312 33.34400939941406
640.91455078125 38.691322326660156
662.2626953125 44.2858772277832
683.6434936523438 49.77462387084961
705.2615966796875 55.44246292114258
726.9010620117188 61.08015823364258
748.756591796875 66.69650268554688
770.7058715820312 72.54885864257812
792.7552490234375 78.44805145263672
569.8343505859375 36.182796478271484
591.0430297851562 41.54376983642578
612.33251953125 47.10646057128906
633.7791137695312 52.61543273925781
655.4352416992188 58.297428131103516
677.222900390625 63.9418830871582
699.1265258789062 69.67829132080078
721.1785888671875 75.49115753173828
743.3468017578125 81.35008239746094
765.6240844726562 87.31396484375
788.0845336914062 93.34494018554688
561.4775390625 50.120399475097656
582.9154663085938 55.61735153198242
604.5647583007812 61.32876205444336
626.4011840820312 66.9805908203125
648.3865966796875 72.74050903320312
670.458740234375 78.58445739746094
692.6947021484375 84.46286010742188
715.1620483398438 90.42465209960938
737.6437377929688 96.39353942871094
760.3788452148438 102.50175476074219
783.1937866210938 108.63357543945312
552.7986450195312 64.47811889648438
574.6102905273438 70.2161865234375
596.60107421875 75.9657974243164
618.7377319335938 81.80378723144531
641.0753784179688 87.736572265625
663.53125 93.69398498535156
686.1902465820312 99.75770568847656
708.9112548828125 105.79097747802734
731.828125 111.96089172363281
754.8594360351562 118.29998779296875
778.08984375 124.59989166259766
543.8368530273438 79.42063903808594
566.0621337890625 85.31193542480469
588.3507080078125 91.26181030273438
610.7923583984375 97.24295043945312
633.4932250976562 103.34972381591797
656.3436279296875 109.46440887451172
679.3797607421875 115.62063598632812
702.4954223632812 121.86087036132812
725.7484130859375 128.19065856933594
749.2522583007812 134.60580444335938
772.7862548828125 141.11373901367188
534.6201171875 94.81954193115234
557.1624755859375 100.84011840820312
579.7716674804688 106.98146057128906
602.6148071289062 113.18232727050781
625.6885986328125 119.40492248535156
648.8739013671875 125.66278839111328
672.3046264648438 132.11302185058594
695.8134155273438 138.5004425048828
719.5226440429688 144.99468994140625
743.4088134765625 151.56813049316406
767.33935546875 158.28182983398438
525.0692749023438 110.8482666015625
547.87939453125 117.01136016845703
570.9033203125 123.31665802001953
594.2407836914062 129.60433959960938
617.6085815429688 136.05931091308594
641.2351684570312 142.54336547851562
664.9977416992188 149.12155151367188
688.917724609375 155.6942596435547
713.0146484375 162.42738342285156
737.2842407226562 169.2418670654297
761.6513671875 176.05360412597656