1 720 1333
530.6842651367188 262.20068359375
551.2554321289062 259.37188720703125
571.6336059570312 256.55157470703125
592.1388549804688 253.72767639160156
612.5769653320312 250.9933319091797
633.0602416992188 248.26600646972656
653.4666748046875 245.50831604003906
673.812744140625 242.76547241210938
694.2904663085938 240.14637756347656
714.5320434570312 237.4750213623047
734.6622314453125 234.76113891601562
534.580322265625 282.2784423828125
554.7512817382812 279.50347900390625
575.0765991210938 276.6502380371094
595.29541015625 273.9041442871094
615.5813598632812 271.2022705078125
635.7404174804688 268.4447326660156
656.0532836914062 265.65924072265625
676.2529907226562 263.0124206542969
696.4022216796875 260.36614990234375
716.451416015625 257.6437072753906
736.505615234375 255.0499267578125
538.3280639648438 301.92431640625
558.4029541015625 299.2209167480469
578.3877563476562 296.4272155761719
598.4346923828125 293.6344909667969
618.4722900390625 290.9163818359375
638.5289916992188 288.2735290527344
658.5316772460938 285.5117492675781
678.5132446289062 282.78125
698.4661254882812 280.2044982910156
718.4130859375 277.510986328125
738.2095947265625 274.8488464355469
542.05029296875 321.27630615234375
561.7877197265625 318.5216369628906
581.6251220703125 315.7341003417969
601.487548828125 313.0882263183594
621.3677978515625 310.40411376953125
641.2218627929688 307.62847900390625
661.0650024414062 304.9547424316406
680.7343139648438 302.32550048828125
700.5458984375 299.6103820800781
720.23828125 296.9905700683594
739.80419921875 294.37774658203125
545.63720703125 340.16778564453125
565.2697143554688 337.44500732421875
584.8017578125 334.7173156738281
604.5060424804688 332.0340576171875
624.1950073242188 329.3830871582031
643.7492065429688 326.69354248046875
663.4064331054688 324.0599365234375
683.0440063476562 321.40313720703125
702.5216064453125 318.73394775390625
722.0457153320312 316.0775451660156
741.4554443359375 313.45941162109375
549.2421875 358.6584167480469
568.6121826171875 356.0368957519531
588.0259399414062 353.37213134765625
607.474609375 350.6649169921875
626.923095703125 348.05096435546875
646.3882446289062 345.3863525390625
665.7483520507812 342.7015075683594
685.2113037109375 340.1202392578125
704.478759765625 337.4425964355469
723.73583984375 334.7781982421875
743.0448608398438 332.2026672363281
552.7174682617188 376.8071594238281
571.891357421875 374.23626708984375
591.1997680664062 371.5561828613281
610.39892578125 368.9325866699219
629.6487426757812 366.3348083496094
648.8431396484375 363.63653564453125
668.1179809570312 361.0352783203125
687.2855224609375 358.3980407714844
706.4299926757812 355.74334716796875
725.5074462890625 353.15765380859375
744.538330078125 350.4916076660156
556.1798706054688 394.5916748046875
575.2415771484375 392.04571533203125
594.24560546875 389.44525146484375
613.2986450195312 386.7994384765625
632.3497314453125 384.2725830078125
651.3729248046875 381.55841064453125
670.365234375 378.9136962890625
689.4140014648438 376.345458984375
708.3119506835938 373.66180419921875
727.2573852539062 371.0735778808594
746.0208129882812 368.44696044921875