1 720 1333
596.3170776367188 243.88162231445312
617.3575439453125 241.89434814453125
638.1935424804688 239.9689178466797
658.6720581054688 238.1112060546875
679.0982666015625 236.2399139404297
699.2316284179688 234.38658142089844
719.0361938476562 232.5451202392578
738.6071166992188 230.73361206054688
758.03369140625 229.09307861328125
777.1171875 227.3529815673828
795.912109375 225.5787811279297
597.4091186523438 262.53558349609375
618.0443725585938 260.54547119140625
638.4163208007812 258.5267028808594
658.5985717773438 256.57073974609375
678.5796508789062 254.6004638671875
698.3419189453125 252.71055603027344
717.7384033203125 250.84808349609375
737.0851440429688 249.07272338867188
756.1211547851562 247.32296752929688
774.7942504882812 245.4756317138672
793.3805541992188 243.66200256347656
598.4417114257812 280.52081298828125
618.6432495117188 278.47412109375
638.6661987304688 276.4159240722656
658.5119018554688 274.4302978515625
678.1886596679688 272.43408203125
697.4805908203125 270.466796875
716.6024780273438 268.5202941894531
735.51953125 266.6414794921875
754.2925415039062 264.779052734375
772.6420288085938 262.9405517578125
790.8406372070312 261.1843566894531
599.5001831054688 297.7940979003906
619.4058837890625 295.7015686035156
638.9450073242188 293.6045837402344
658.4515991210938 291.55987548828125
677.61572265625 289.5436706542969
696.6714477539062 287.5309753417969
715.500244140625 285.5643310546875
734.1271362304688 283.6182556152344
752.457275390625 281.7085266113281
770.5555419921875 279.7974853515625
788.4451293945312 277.90679931640625
600.5015258789062 314.49090576171875
620.0206298828125 312.3905029296875
639.310791015625 310.2493591308594
658.3735961914062 308.1856384277344
677.3180541992188 306.099609375
695.9002685546875 304.04962158203125
714.4464721679688 302.0334777832031
732.6163330078125 300.0652770996094
750.69873046875 298.13922119140625
768.4989624023438 296.14788818359375
786.1309204101562 294.2343444824219
601.49072265625 330.54095458984375
620.5868530273438 328.4217834472656
639.5122680664062 326.2987365722656
658.3236083984375 324.13104248046875
676.7649536132812 322.0166320800781
695.2626953125 319.9111633300781
713.384765625 317.83123779296875
731.3207397460938 315.80615234375
749.0422973632812 313.82666015625
766.521484375 311.77227783203125
783.8055419921875 309.81085205078125
602.4822998046875 346.0263977050781
621.260986328125 343.8252868652344
639.734130859375 341.68890380859375
658.2637939453125 339.52215576171875
676.4583740234375 337.4024658203125
694.4548950195312 335.301025390625
712.373291015625 333.2158203125
729.9190673828125 331.1116943359375
747.4127197265625 329.0579833984375
764.59033203125 326.96636962890625
781.58349609375 324.91259765625
603.419189453125 360.97442626953125
621.740966796875 358.76104736328125
640.1248168945312 356.5860900878906
658.2098999023438 354.4276428222656
676.128173828125 352.2739562988281
693.7178344726562 350.1076965332031
711.3629760742188 347.88262939453125
728.6127319335938 345.7527160644531
745.7291870117188 343.637451171875
762.6647338867188 341.5417785644531
779.422607421875 339.4850769042969