1 720 1333
636.1904296875 9.317374229431152
639.9544677734375 22.27643394470215
643.8767700195312 35.63022232055664
647.9470825195312 49.41865921020508
652.179931640625 63.58413314819336
656.4509887695312 78.29048156738281
660.8648681640625 93.39119720458984
665.4303588867188 108.87397766113281
670.1505126953125 124.86141204833984
674.9833374023438 141.49581909179688
679.994873046875 158.56314086914062
618.2936401367188 18.386154174804688
621.7736206054688 31.405000686645508
625.4515380859375 44.743408203125
629.2551879882812 58.56962966918945
633.1119995117188 72.7839126586914
637.1019897460938 87.47138214111328
641.2094116210938 102.57553100585938
645.43994140625 118.17875671386719
649.70361328125 134.1837158203125
654.2903442382812 150.6947021484375
658.858642578125 167.7781219482422
600.615478515625 27.365230560302734
603.8556518554688 40.376304626464844
607.28515625 53.7728385925293
610.6989135742188 67.63169860839844
614.3355102539062 81.86595153808594
617.9708862304688 96.55482482910156
621.7310791015625 111.66751861572266
625.6661987304688 127.27027893066406
629.68115234375 143.26966857910156
633.783935546875 159.78289794921875
638.1328125 176.8442840576172
583.2645263671875 36.200111389160156
586.2877197265625 49.26664733886719
589.3461303710938 62.698848724365234
592.5192260742188 76.5533447265625
595.7498779296875 90.82343292236328
599.2437133789062 105.49837493896484
602.6306762695312 120.63410186767578
606.314208984375 136.20216369628906
609.896728515625 152.27249145507812
613.718994140625 168.74766540527344
617.6458129882812 185.8018035888672
566.1282348632812 44.884803771972656
568.8015747070312 57.996307373046875
571.6674194335938 71.5050277709961
574.58984375 85.37609100341797
577.6055297851562 99.63900756835938
580.6885986328125 114.34507751464844
583.8615112304688 129.4571533203125
587.2050170898438 145.01800537109375
590.537353515625 161.054931640625
594.0103759765625 177.57606506347656
597.625 194.6359405517578
549.2508544921875 53.52444076538086
551.6940307617188 66.61737060546875
554.3239135742188 80.18260192871094
556.9502563476562 94.02243041992188
559.6605224609375 108.37409973144531
562.5276489257812 123.06654357910156
565.410400390625 138.1905059814453
568.4114990234375 153.68951416015625
571.4229736328125 169.72756958007812
574.6073608398438 186.32687377929688
577.8843383789062 203.37245178222656
532.5797119140625 62.04169845581055
534.8202514648438 75.18862915039062
537.1989135742188 88.67098999023438
539.5499267578125 102.59003448486328
542.07421875 116.90316772460938
544.5921020507812 131.60606384277344
547.239013671875 146.74000549316406
549.8975219726562 162.37521362304688
552.6759033203125 178.38052368164062
555.58056640625 194.86358642578125
558.5518798828125 211.89573669433594
516.2276611328125 70.45848846435547
518.2667846679688 83.53450012207031
520.3475952148438 97.12150573730469
522.4892578125 111.0467300415039
524.677490234375 125.3781967163086
527.060791015625 140.08322143554688
529.3986206054688 155.2766571044922
531.7977905273438 170.77337646484375
534.327880859375 186.84396362304688
536.922119140625 203.4105682373047
539.57568359375 220.43458557128906