1 720 1333
556.5651245117188 222.5712890625
566.9298706054688 224.1116180419922
577.6198120117188 225.66331481933594
588.8595581054688 227.3789520263672
600.5017700195312 229.12811279296875
612.731201171875 230.91976928710938
625.4563598632812 232.78965759277344
638.7301635742188 234.82569885253906
652.5810546875 236.89022827148438
667.2950439453125 239.12701416015625
682.4630126953125 241.4506378173828
558.5916137695312 240.03709411621094
568.6580810546875 241.8867645263672
579.4887084960938 243.7955322265625
590.52783203125 245.84671020507812
602.2246704101562 248.0005340576172
614.2224731445312 250.20553588867188
626.7949829101562 252.47853088378906
639.9424438476562 254.87489318847656
653.6389770507812 257.412109375
668.1744995117188 260.072265625
683.300537109375 262.7615051269531
560.4318237304688 257.2350158691406
570.5440673828125 259.3264465332031
581.215087890625 261.6213684082031
592.2181396484375 263.95538330078125
603.6038818359375 266.43377685546875
615.5870361328125 269.0146179199219
628.1876220703125 271.6692810058594
641.1583862304688 274.48223876953125
654.6898803710938 277.4594421386719
668.9432983398438 280.4697265625
683.9069213867188 283.6842346191406
562.2561645507812 273.9957580566406
572.391357421875 276.57086181640625
582.7360229492188 279.086669921875
593.740234375 281.7462158203125
605.1536865234375 284.5543212890625
617.005615234375 287.46746826171875
629.364013671875 290.50311279296875
642.3616333007812 293.6839904785156
655.5877075195312 296.9626770019531
669.8250732421875 300.525634765625
684.5330200195312 304.11553955078125
564.1109619140625 290.5888977050781
573.9238891601562 293.2938232421875
584.48095703125 296.2362365722656
595.2643432617188 299.21240234375
606.5896606445312 302.3550720214844
618.3375854492188 305.5416259765625
630.6181030273438 308.9410400390625
643.3687133789062 312.50482177734375
656.689208984375 316.25860595703125
670.6119995117188 320.063720703125
685.3628540039062 324.13934326171875
565.7017822265625 306.6835632324219
575.7244873046875 309.8491516113281
586.06396484375 312.9525451660156
596.7796020507812 316.33984375
608.0217895507812 319.71441650390625
619.6260986328125 323.3230285644531
631.731689453125 327.0218200683594
644.4901733398438 330.8985900878906
657.612548828125 334.9697570800781
671.4933471679688 339.2415466308594
685.8942260742188 343.5800476074219
567.5169067382812 322.68035888671875
577.3280029296875 326.0093078613281
587.60888671875 329.4765625
598.3177490234375 333.0577087402344
609.4768676757812 336.7811584472656
620.9390258789062 340.6142578125
633.0582275390625 344.6720275878906
645.544921875 348.8646240234375
658.6405029296875 353.33782958984375
672.3544921875 357.8185729980469
686.6083374023438 362.6097412109375
569.1798706054688 338.3116149902344
578.9629516601562 341.89154052734375
589.1862182617188 345.6115417480469
599.7061157226562 349.5071105957031
610.7241821289062 353.4987487792969
622.3058471679688 357.6588134765625
634.2862548828125 361.97625732421875
646.65625 366.5036315917969
659.585205078125 371.2303161621094
673.2670288085938 376.1163635253906
687.3536987304688 381.2070617675781