1 720 1333
561.995849609375 243.88043212890625
573.2826538085938 244.27061462402344
584.7935180664062 244.4912109375
597.078369140625 244.71951293945312
609.6596069335938 245.16412353515625
622.9375 245.4557342529297
636.7259521484375 245.69515991210938
651.3565063476562 246.2152099609375
666.4026489257812 246.58250427246094
682.42529296875 247.01744079589844
699.0903930664062 247.48573303222656
564.5083618164062 261.8568115234375
575.5302734375 262.5375061035156
587.2529907226562 263.2698059082031
599.2225952148438 263.82904052734375
611.8782348632812 264.5762634277344
625.049560546875 265.423583984375
638.7868041992188 266.22479248046875
653.2322387695312 266.99462890625
668.3043212890625 267.8355712890625
684.0819091796875 268.74884033203125
700.62109375 269.7269592285156
566.784912109375 279.5865173339844
577.8599243164062 280.59063720703125
589.3948364257812 281.5849609375
601.439453125 282.6492614746094
613.9356689453125 283.74981689453125
627.1109008789062 284.90655517578125
640.7230224609375 286.2731628417969
655.0791625976562 287.4791259765625
670.0324096679688 288.7540588378906
685.6640014648438 290.2828369140625
702.204345703125 291.6713562011719
569.1129760742188 297.1173095703125
580.2095947265625 298.4134826660156
591.5867919921875 299.7563171386719
603.58740234375 301.28021240234375
616.0509033203125 302.63433837890625
629.1521606445312 304.34039306640625
642.6005859375 305.8632507324219
656.8736572265625 307.60650634765625
671.6690673828125 309.43780517578125
687.3834838867188 311.3179016113281
703.5579223632812 313.2748107910156
571.4376831054688 314.2830810546875
582.3753051757812 315.9015197753906
593.830810546875 317.6062316894531
605.6261596679688 319.4275817871094
618.1967163085938 321.33355712890625
631.0430297851562 323.23980712890625
644.5637817382812 325.33203125
658.6221923828125 327.4206237792969
673.4708862304688 329.6248779296875
688.8593139648438 331.9599609375
705.1591186523438 334.41748046875
573.5780639648438 331.2404479980469
584.5656127929688 333.2286071777344
595.857421875 335.26873779296875
607.7664184570312 337.3948974609375
620.1271362304688 339.5831604003906
633.0025634765625 341.8894348144531
646.4258422851562 344.3490295410156
660.4790649414062 346.8665771484375
675.106689453125 349.52301025390625
690.4662475585938 352.3082580566406
706.4859619140625 355.1604919433594
575.8272705078125 347.9002990722656
586.617919921875 350.20562744140625
598.0263061523438 352.5447692871094
609.7505493164062 355.0122985839844
622.1624755859375 357.5886535644531
634.8558959960938 360.2599792480469
648.3567504882812 363.0771179199219
662.29052734375 365.9542541503906
676.7498779296875 368.9978332519531
691.9739379882812 372.1658935546875
707.8843994140625 375.4346923828125
577.9171752929688 364.32867431640625
588.7800903320312 366.87872314453125
600.0962524414062 369.56427001953125
611.8001098632812 372.3984680175781
624.0411987304688 375.30755615234375
636.7542114257812 378.32464599609375
650.1051025390625 381.4187316894531
663.97802734375 384.67681884765625
678.4203491210938 388.09222412109375
693.5335083007812 391.60809326171875
709.3561401367188 395.3343811035156