1 720 1333
572.1814575195312 393.45977783203125
584.4212646484375 401.3902282714844
596.9861450195312 409.4592590332031
609.9180297851562 417.7604064941406
623.2107543945312 426.37249755859375
636.798828125 435.1697692871094
650.8103637695312 444.1307067871094
665.296142578125 453.38134765625
680.067626953125 462.76531982421875
695.3214721679688 472.5520935058594
710.8804931640625 482.5336608886719
561.7836303710938 407.4170227050781
573.9475708007812 415.523681640625
586.49267578125 423.85235595703125
599.344970703125 432.4638977050781
612.547607421875 441.2981872558594
626.115478515625 450.28619384765625
640.0974731445312 459.5278625488281
654.4010620117188 469.0143737792969
669.16162109375 478.74017333984375
684.3017578125 488.76263427734375
699.825439453125 499.11346435546875
551.3407592773438 421.48931884765625
563.4495849609375 429.82476806640625
575.8322143554688 438.424072265625
588.6224975585938 447.2894287109375
601.7280883789062 456.3156433105469
615.3109130859375 465.552490234375
629.1566162109375 475.1234130859375
643.4298706054688 484.8401184082031
658.0980834960938 494.8487548828125
673.1767578125 505.2369384765625
688.6435546875 515.7463989257812
540.7166748046875 435.6650695800781
552.7216186523438 444.30731201171875
565.1876220703125 453.1560974121094
577.7935180664062 462.1813659667969
590.869384765625 471.4718322753906
604.3152465820312 480.9993591308594
618.1610717773438 490.76422119140625
632.2988891601562 500.820068359375
646.8190307617188 511.181640625
661.8524780273438 521.7391357421875
677.3619384765625 532.6541748046875
530.0919799804688 450.0538330078125
541.991455078125 458.82415771484375
554.3265991210938 467.9066467285156
566.8823852539062 477.25634765625
579.8732299804688 486.7544250488281
593.2514038085938 496.58331298828125
606.9412841796875 506.63775634765625
621.0630493164062 517.0140380859375
635.5491943359375 527.5833129882812
650.4922485351562 538.5243530273438
665.8502197265625 549.7047119140625
519.2947387695312 464.52032470703125
531.1590576171875 473.576171875
543.3506469726562 482.89898681640625
555.845947265625 492.465576171875
568.7327880859375 502.3057556152344
582.056396484375 512.3806762695312
595.663818359375 522.6671142578125
609.6619262695312 533.350830078125
624.1304321289062 544.2808227539062
638.970947265625 555.4636840820312
654.3150634765625 567.00537109375
508.3815612792969 479.1602478027344
520.1691284179688 488.4591979980469
532.3118896484375 498.01531982421875
544.699462890625 507.79052734375
557.5549926757812 517.9036254882812
570.68212890625 528.3132934570312
584.33984375 538.916015625
598.277099609375 549.8078002929688
612.5821533203125 561.0816650390625
627.3819580078125 572.5984497070312
642.5742797851562 584.4796142578125
497.3564758300781 493.8702697753906
509.0710144042969 503.4540710449219
521.0918579101562 513.2942504882812
533.476806640625 523.38720703125
546.236572265625 533.7061157226562
559.3428344726562 544.4013061523438
572.7652587890625 555.30908203125
586.6635131835938 566.5172119140625
600.9115600585938 578.05712890625
615.6139526367188 589.8964233398438
630.7265625 602.1549682617188