1 720 1333
590.6724243164062 475.5343322753906
604.6915283203125 471.761474609375
618.529296875 468.12298583984375
632.1591186523438 464.4516296386719
645.533935546875 460.818603515625
658.732421875 457.3291015625
671.7368774414062 453.79052734375
684.6077880859375 450.3498840332031
697.3154907226562 446.8890686035156
709.6173095703125 443.51495361328125
721.9714965820312 440.3642578125
595.283203125 485.91058349609375
609.5032348632812 482.062255859375
623.531005859375 478.2926330566406
637.3287963867188 474.4631042480469
650.82080078125 470.68145751953125
664.3115234375 467.0768127441406
677.4789428710938 463.44781494140625
690.46142578125 459.81982421875
703.2158203125 456.2341613769531
715.7833862304688 452.8102722167969
728.2141723632812 449.3683166503906
600.009521484375 496.6816711425781
614.454833984375 492.6491394042969
628.5908813476562 488.67022705078125
642.57958984375 484.7397155761719
656.4202880859375 480.8945617675781
669.9795532226562 477.1526794433594
683.3704223632812 473.3724670410156
696.4214477539062 469.5442810058594
709.4096069335938 465.88623046875
722.1666870117188 462.3169250488281
734.5994873046875 458.800537109375
604.8720703125 507.8149719238281
619.5238037109375 503.6242370605469
633.9354248046875 499.5076904296875
648.1611938476562 495.4521789550781
662.1427001953125 491.4078063964844
675.82861328125 487.501220703125
689.35595703125 483.51708984375
702.63916015625 479.666015625
715.6968383789062 475.776611328125
728.6386108398438 472.1725769042969
741.3299560546875 468.4157409667969
610.0313720703125 519.3465576171875
624.7958984375 514.9985961914062
639.4293212890625 510.6349792480469
653.8048706054688 506.46527099609375
668.009521484375 502.319091796875
681.8980712890625 498.1705627441406
695.599365234375 494.13714599609375
709.1035766601562 490.0447692871094
722.3657836914062 486.1571350097656
735.4351806640625 482.25433349609375
748.2041015625 478.4767761230469
615.30078125 531.2258911132812
630.3311767578125 526.6260375976562
645.1984252929688 522.2587890625
659.674560546875 517.8416137695312
674.0881958007812 513.4871826171875
688.227783203125 509.24139404296875
702.07470703125 504.94122314453125
715.6777954101562 500.8117980957031
729.1715698242188 496.6600036621094
742.2938842773438 492.6777648925781
755.3333129882812 488.6920166015625
620.6924438476562 543.53271484375
635.9820556640625 538.7565307617188
651.0958862304688 534.1956176757812
665.8012084960938 529.5781860351562
680.4099731445312 525.0991821289062
694.635498046875 520.6134033203125
708.69970703125 516.3035278320312
722.554931640625 511.8863830566406
736.1448974609375 507.65338134765625
749.4974365234375 503.4735412597656
762.5794677734375 499.4252014160156
626.41845703125 556.2839965820312
641.90478515625 551.3663330078125
657.2010498046875 546.4957275390625
672.1870727539062 541.7267456054688
686.8809814453125 537.0618896484375
701.38525390625 532.47900390625
715.6022338867188 527.8776245117188
729.6229858398438 523.453125
743.4005126953125 518.97802734375
756.8300170898438 514.6717529296875
770.1912231445312 510.4013366699219