1 720 1333
610.4390869140625 454.4832763671875
623.856201171875 453.3667297363281
637.4273071289062 452.2541198730469
650.782470703125 451.1011047363281
664.306640625 449.8862609863281
677.673095703125 448.7349548339844
691.0899047851562 447.6076354980469
704.4720458984375 446.5081787109375
717.784912109375 445.362060546875
731.1793823242188 444.2833251953125
744.4315185546875 443.142578125
610.40576171875 463.4095153808594
624.1744384765625 462.29571533203125
637.7459716796875 461.167724609375
651.5098266601562 459.9283752441406
665.2161865234375 458.7440490722656
678.792236328125 457.63385009765625
692.4597778320312 456.4709167480469
706.1463623046875 455.33544921875
719.66552734375 454.2064208984375
733.2622680664062 452.9573974609375
746.7007446289062 451.7497253417969
610.3895874023438 472.6156921386719
624.2991333007812 471.4871520996094
638.3265380859375 470.3550720214844
652.2513427734375 469.1811828613281
666.18408203125 467.9367370605469
680.0150756835938 466.73583984375
693.9127197265625 465.5742492675781
707.7509155273438 464.4440612792969
721.6211547851562 463.19390869140625
735.3876342773438 462.067138671875
749.194091796875 460.83221435546875
610.3258056640625 482.27056884765625
624.5083618164062 481.07122802734375
638.6406860351562 479.7938537597656
652.8795776367188 478.62310791015625
667.1234741210938 477.46429443359375
681.3187255859375 476.34100341796875
695.388916015625 475.0719299316406
709.5231323242188 473.7731628417969
723.5844116210938 472.5898742675781
737.6360473632812 471.42633056640625
751.6072387695312 470.25164794921875
610.2891845703125 492.19927978515625
624.6635131835938 490.9102783203125
639.2616577148438 489.6904296875
653.6253051757812 488.5466613769531
668.1766357421875 487.3709411621094
682.5260009765625 486.1288757324219
696.9515991210938 484.7923889160156
711.3449096679688 483.5726623535156
725.661865234375 482.36090087890625
739.9359741210938 481.18414306640625
754.2564697265625 479.84356689453125
610.19482421875 502.431884765625
624.8673706054688 501.2696228027344
639.6167602539062 500.0298156738281
654.4706420898438 498.6990051269531
669.2130737304688 497.5250549316406
683.8177490234375 496.340576171875
698.537353515625 495.0364074707031
713.2391967773438 493.70306396484375
727.76171875 492.4705810546875
742.4177856445312 491.2424621582031
756.8648681640625 489.8872985839844
610.1334838867188 513.1664428710938
625.2216186523438 511.7889709472656
640.2538452148438 510.63165283203125
655.2783203125 509.4169616699219
670.3331298828125 508.1831359863281
685.2651977539062 506.8232421875
700.2363891601562 505.5448913574219
715.1685791015625 504.35345458984375
730.0836791992188 502.9408264160156
744.8499755859375 501.6646423339844
759.6898193359375 500.4324951171875
610.0098876953125 524.2628784179688
625.4296875 522.9075927734375
640.6904296875 521.6422729492188
656.1366577148438 520.4483032226562
671.416259765625 519.1884765625
686.6235961914062 517.848876953125
701.9466552734375 516.565185546875
717.202880859375 515.3079833984375
732.3646240234375 513.8783569335938
747.4918823242188 512.5924682617188
762.55078125 511.32550048828125