1 720 1333
590.1714477539062 451.878662109375
604.8809204101562 448.2867126464844
619.3861694335938 444.6553039550781
633.654296875 441.1359558105469
647.6762084960938 437.59979248046875
661.5479125976562 434.1662292480469
675.1332397460938 430.7135925292969
688.5557861328125 427.3742980957031
701.67724609375 424.1172180175781
714.638427734375 420.7007751464844
727.3734741210938 417.57281494140625
594.7720947265625 465.51983642578125
609.6102905273438 461.6993103027344
624.2813110351562 457.92230224609375
638.6324462890625 454.2992858886719
652.7731323242188 450.6225280761719
666.72998046875 447.0524597167969
680.463623046875 443.45867919921875
693.9292602539062 439.9740295410156
707.2561645507812 436.48992919921875
720.2932739257812 433.16162109375
733.1039428710938 429.71783447265625
599.5398559570312 479.4286804199219
614.5144653320312 475.4369812011719
629.2968139648438 471.5411376953125
643.7545166015625 467.6501770019531
658.0279541015625 463.88677978515625
672.1404418945312 460.18927001953125
685.8810424804688 456.46923828125
699.4790649414062 452.7746887207031
712.8248291015625 449.26519775390625
725.918701171875 445.6576843261719
738.8141479492188 442.2798156738281
604.428955078125 493.5853576660156
619.5278930664062 489.47705078125
634.431884765625 485.4250183105469
649.0631713867188 481.42852783203125
663.4467163085938 477.4642028808594
677.5167236328125 473.59576416015625
691.47265625 469.689697265625
705.1651000976562 465.90570068359375
718.6109619140625 462.23583984375
731.7427368164062 458.5507507324219
744.7235107421875 454.8983154296875
609.4148559570312 508.15264892578125
624.6235961914062 503.81768798828125
639.6146850585938 499.5966491699219
654.4234008789062 495.45758056640625
668.8599853515625 491.352294921875
683.1849975585938 487.30499267578125
697.2095336914062 483.30780029296875
710.9168701171875 479.366455078125
724.4464721679688 475.4697570800781
737.6927490234375 471.6322021484375
750.7197875976562 467.9062805175781
614.4961547851562 523.00830078125
629.8743896484375 518.5254516601562
645.0390014648438 514.1455078125
659.8443603515625 509.7572326660156
674.4990844726562 505.4906921386719
688.8272705078125 501.3330383300781
702.9503173828125 497.15899658203125
716.77978515625 493.07806396484375
730.4765625 489.0074768066406
743.7599487304688 485.098876953125
756.97509765625 481.1542053222656
619.7310180664062 538.22900390625
635.2999267578125 533.5020141601562
650.4961547851562 528.9108276367188
665.50634765625 524.4381103515625
680.2413330078125 519.966552734375
694.6468505859375 515.6038208007812
708.8855590820312 511.3172912597656
722.8157348632812 507.0786437988281
736.5208129882812 502.7872009277344
750.005126953125 498.68865966796875
763.26025390625 494.6534118652344
625.1412353515625 553.6954345703125
640.7225341796875 548.8637084960938
656.1854858398438 544.1183471679688
671.2615966796875 539.4209594726562
686.0772705078125 534.7664184570312
700.6248168945312 530.2923583984375
714.9287719726562 525.7281494140625
729.0059204101562 521.3418579101562
742.762939453125 516.9844970703125
756.30517578125 512.6702270507812
769.6422729492188 508.48638916015625