1 720 1333
556.6671752929688 177.28672790527344
575.4884643554688 166.72752380371094
594.2182006835938 156.3404998779297
612.8330688476562 145.88226318359375
631.4676513671875 135.5716552734375
650.0523071289062 125.29536437988281
668.5103759765625 115.03971099853516
686.9043579101562 104.80791473388672
705.3077392578125 94.6824951171875
723.5280151367188 84.59871673583984
741.68115234375 74.56529235839844
567.228759765625 196.21022033691406
585.5851440429688 185.88330078125
604.026611328125 175.57501220703125
622.3815307617188 165.36355590820312
640.6559448242188 155.17636108398438
658.8573608398438 145.0314483642578
677.0696411132812 134.89964294433594
695.1923828125 124.82786560058594
713.220703125 114.81497192382812
731.1564331054688 104.8553695678711
748.9890747070312 95.00572204589844
577.3551025390625 214.5599822998047
595.4736328125 204.37368774414062
613.53466796875 194.27195739746094
631.58349609375 184.1659393310547
649.5541381835938 174.1232147216797
667.4901123046875 164.09982299804688
685.379150390625 154.16229248046875
703.202880859375 144.23057556152344
720.8585205078125 134.39877319335938
738.4951782226562 124.52229309082031
756.0606079101562 114.72660064697266
587.1929321289062 232.3216094970703
604.9803466796875 222.3123321533203
622.7532958984375 212.3175048828125
640.5045776367188 202.35182189941406
658.2556762695312 192.40135192871094
675.7493896484375 182.58740234375
693.39208984375 172.6966094970703
710.8047485351562 162.99618530273438
728.3306274414062 153.2725067138672
745.6036376953125 143.55056762695312
762.87548828125 133.89749145507812
596.6436767578125 249.51780700683594
614.240966796875 239.610595703125
631.6386108398438 229.75540161132812
649.1734619140625 219.8954315185547
666.5306396484375 210.21759033203125
683.8575439453125 200.4463348388672
701.173583984375 190.7424774169922
718.3797607421875 181.1365509033203
735.4786376953125 171.54058837890625
752.5145263671875 161.94189453125
769.4981689453125 152.45892333984375
605.8589477539062 266.24224853515625
623.193359375 256.4290771484375
640.3800659179688 246.6951141357422
657.527099609375 237.07080078125
674.622802734375 227.41416931152344
691.6329345703125 217.7884063720703
708.6483764648438 208.2790985107422
725.5593872070312 198.7569122314453
742.471923828125 189.3006134033203
759.2195434570312 179.8402557373047
775.9096069335938 170.45883178710938
614.8054809570312 282.38714599609375
631.7737426757812 272.7266845703125
648.7362060546875 263.17401123046875
665.607666015625 253.59213256835938
682.5040893554688 244.09744262695312
699.2753295898438 234.58688354492188
715.948974609375 225.23495483398438
732.6138916015625 215.76564025878906
749.1912231445312 206.49317932128906
765.659912109375 197.1808624267578
782.0657958984375 187.88218688964844
623.5194091796875 298.1194152832031
640.2841186523438 288.5403137207031
656.8773193359375 279.15899658203125
673.5565185546875 269.6241760253906
690.13232421875 260.31573486328125
706.587890625 250.92709350585938
723.0171508789062 241.615478515625
739.4163208007812 232.34408569335938
755.6884765625 223.14991760253906
771.8328247070312 213.93341064453125
788.0538940429688 204.7122344970703