1 720 1333
697.1480102539062 336.09454345703125
699.9550170898438 318.65289306640625
702.80029296875 300.874267578125
705.7869873046875 282.70068359375
708.7571411132812 264.2325134277344
711.8370361328125 245.2866668701172
715.018310546875 225.78387451171875
718.2220458984375 205.88243103027344
721.49755859375 185.58425903320312
724.79638671875 164.7218017578125
728.2959594726562 143.44720458984375
714.7211303710938 337.108642578125
717.6962890625 319.76690673828125
720.8096923828125 302.2493591308594
723.9269409179688 284.2409362792969
727.150390625 265.7132873535156
730.4226684570312 246.94944763183594
733.6820068359375 227.65615844726562
737.1592407226562 207.99530029296875
740.5773315429688 187.78866577148438
744.1585693359375 167.20947265625
747.7381591796875 146.0680694580078
732.1185302734375 338.0320129394531
735.2822265625 320.8999938964844
738.504150390625 303.46441650390625
741.7900390625 285.56689453125
745.2471923828125 267.3786315917969
748.6099243164062 248.6466064453125
752.2003173828125 229.57949829101562
755.7154541015625 210.087890625
759.442626953125 190.09483337402344
763.1738891601562 169.58482360839844
766.9719848632812 148.6348876953125
749.2719116210938 339.0341796875
752.5568237304688 322.04974365234375
755.9755249023438 304.6801452636719
759.4537353515625 286.9855651855469
763.0189819335938 268.84185791015625
766.6210327148438 250.40679931640625
770.3157348632812 231.49517822265625
774.1431274414062 212.11607360839844
777.9474487304688 192.33270263671875
781.8788452148438 171.98843383789062
785.868896484375 151.28729248046875
766.0763549804688 339.91790771484375
769.5810546875 323.2244873046875
773.1947021484375 305.9247131347656
776.7994384765625 288.42108154296875
780.5252685546875 270.42724609375
784.3440551757812 252.14064025878906
788.242919921875 233.3535919189453
792.1690673828125 214.17584228515625
796.2610473632812 194.4728546142578
800.3297119140625 174.38719177246094
804.5467529296875 153.75155639648438
782.68359375 340.9413757324219
786.3886108398438 324.3090515136719
790.1613159179688 307.2590637207031
793.9033813476562 289.7261047363281
797.8045654296875 271.8981018066406
801.74072265625 253.72975158691406
805.7615966796875 235.16717529296875
809.9157104492188 216.17054748535156
814.1902465820312 196.60374450683594
818.4819946289062 176.6530303955078
822.8204956054688 156.32327270507812
799.099609375 341.8411560058594
802.8964233398438 325.3764343261719
806.763916015625 308.4501953125
810.7500610351562 291.1771545410156
814.786376953125 273.46136474609375
818.9100341796875 255.4252471923828
823.1890869140625 236.90208435058594
827.4361572265625 218.10504150390625
831.8143920898438 198.7234344482422
836.332763671875 178.99488830566406
840.8428344726562 158.7478485107422
815.2722778320312 342.810302734375
819.234375 326.4496154785156
823.3013916015625 309.61376953125
827.3677368164062 292.4808654785156
831.5457763671875 274.9242248535156
835.81201171875 257.07330322265625
840.2265014648438 238.68016052246094
844.6621704101562 219.98094177246094
849.2301635742188 200.80856323242188
853.8018798828125 181.2842254638672
858.5411376953125 161.23922729492188