1 720 1333
591.9691772460938 275.55133056640625
617.642822265625 275.27496337890625
643.472412109375 274.8034362792969
669.3839111328125 274.5419921875
695.255859375 274.3130798339844
721.05224609375 273.9649353027344
746.7673950195312 273.6592712402344
772.5801391601562 273.4892272949219
798.369384765625 273.3331604003906
823.98974609375 273.0335693359375
849.5889892578125 272.7112731933594
593.2481689453125 300.9138488769531
618.5776977539062 300.5820007324219
644.1846923828125 300.33062744140625
669.6235961914062 299.9742736816406
695.3137817382812 299.6301574707031
720.7052612304688 299.4482727050781
746.37744140625 299.218505859375
771.7467041015625 298.8655700683594
797.296630859375 298.6321716308594
822.5733032226562 298.4620361328125
847.8742065429688 298.2557373046875
594.3661499023438 325.715576171875
619.5396118164062 325.4820861816406
644.6854858398438 325.2156066894531
670.0693359375 324.81768798828125
695.335205078125 324.5712585449219
720.5570678710938 324.392578125
745.7216186523438 324.0857849121094
771.0392456054688 323.7357482910156
796.20263671875 323.5677490234375
821.2737426757812 323.373779296875
846.2793579101562 323.0863952636719
595.5391845703125 350.125
620.4235229492188 349.72430419921875
645.4073486328125 349.528564453125
670.3845825195312 349.3254089355469
695.3980712890625 348.9869689941406
720.3693237304688 348.6427307128906
745.3438110351562 348.46160888671875
770.260986328125 348.28759765625
795.1395874023438 347.89434814453125
819.78662109375 347.6219482421875
844.57861328125 347.4230041503906
596.673095703125 373.74755859375
621.3688354492188 373.5736999511719
645.9285278320312 373.3658752441406
670.6220092773438 373.11248779296875
695.4159545898438 372.7646789550781
720.1302490234375 372.53521728515625
744.7026977539062 372.37310791015625
769.4267578125 372.0557861328125
793.9585571289062 371.6953430175781
818.5083618164062 371.48858642578125
842.9364013671875 371.2392883300781
597.8211059570312 397.1104431152344
622.2235717773438 396.8266296386719
646.541015625 396.597900390625
670.9251708984375 396.4310607910156
695.4351196289062 396.2298583984375
719.7469482421875 395.8014831542969
744.2692260742188 395.5799560546875
768.5455322265625 395.380859375
792.8507690429688 395.0965881347656
817.1793212890625 394.66851806640625
841.3772583007812 394.45062255859375
599.01708984375 419.6765441894531
623.057373046875 419.5647888183594
647.2042236328125 419.4277038574219
671.3187866210938 419.21234130859375
695.445068359375 418.8828430175781
719.5424194335938 418.58447265625
743.6245727539062 418.4185485839844
767.6907958984375 418.1231689453125
791.722900390625 417.7224426269531
815.703857421875 417.4902038574219
839.6444702148438 417.20196533203125
600.1987915039062 441.8656921386719
623.83544921875 441.7001953125
647.6315307617188 441.5738220214844
671.5371704101562 441.4098205566406
695.4325561523438 441.1875915527344
719.3272094726562 440.8356018066406
743.1771240234375 440.5338134765625
766.9087524414062 440.36370849609375
790.6209106445312 439.9333190917969
814.4202270507812 439.5986633300781
838.0400390625 439.3438720703125