1 720 1333
650.6943969726562 67.7020263671875
675.7215576171875 69.47347259521484
699.638427734375 71.18811798095703
722.5230102539062 72.69995880126953
744.4720458984375 74.40019989013672
765.3814086914062 75.82418060302734
785.4376831054688 77.39822387695312
804.5982666015625 78.7475814819336
823.1766357421875 80.27041625976562
840.7224731445312 81.53768920898438
857.720458984375 82.86467742919922
651.264404296875 99.43926239013672
675.87841796875 100.40776824951172
699.4758911132812 101.38725280761719
722.1312255859375 102.3504409790039
743.6329345703125 103.29666137695312
764.4292602539062 104.26704406738281
784.2718505859375 105.06983947753906
803.3370971679688 105.82955932617188
821.5424194335938 106.70970916748047
839.1354370117188 107.58059692382812
855.9014282226562 108.45597839355469
651.6238403320312 130.28684997558594
676.0662231445312 130.5155487060547
699.367919921875 130.74075317382812
721.6032104492188 131.17391967773438
742.9998168945312 131.4792022705078
763.4542236328125 131.7240753173828
783.142822265625 132.16213989257812
801.9398803710938 132.4446563720703
820.11865234375 132.6906280517578
837.4699096679688 133.11517333984375
854.1904296875 133.427001953125
652.1825561523438 160.2733612060547
676.2461547851562 159.77606201171875
699.2214965820312 159.49676513671875
721.2691650390625 159.31480407714844
742.3968505859375 158.96717834472656
762.5462036132812 158.70541381835938
781.996337890625 158.5546112060547
800.6297607421875 158.3981475830078
818.5823364257812 158.27005004882812
835.736083984375 158.08131408691406
852.382568359375 157.830322265625
652.557861328125 189.4274444580078
676.3543701171875 188.44122314453125
699.07763671875 187.49734497070312
720.756591796875 186.61415100097656
741.654052734375 185.781982421875
761.6692504882812 185.1584930419922
780.9061279296875 184.4191436767578
799.4493408203125 183.62818908691406
817.2306518554688 183.11883544921875
834.2615356445312 182.45726013183594
850.5630493164062 181.7943115234375
653.072998046875 217.80227661132812
676.488037109375 216.33413696289062
698.881591796875 214.7375030517578
720.4661254882812 213.4330596923828
741.130859375 212.14920043945312
760.8141479492188 210.79722595214844
779.836181640625 209.60240173339844
798.2251586914062 208.49929809570312
815.702392578125 207.42303466796875
832.577880859375 206.3578643798828
848.7849731445312 205.36256408691406
653.5036010742188 245.58604431152344
676.6231079101562 243.4661865234375
698.7625732421875 241.4654541015625
720.1510620117188 239.5166015625
740.4695434570312 237.67013549804688
760.0708618164062 235.94305419921875
778.792724609375 234.35205078125
796.90283203125 232.65676879882812
814.3748779296875 231.2221221923828
831.0296630859375 229.6361846923828
847.1428833007812 228.3083038330078
653.9900512695312 272.6094665527344
676.7597045898438 269.9832763671875
698.6989135742188 267.4659729003906
719.6976318359375 265.0952453613281
739.8530883789062 262.7048645019531
759.2821655273438 260.52899169921875
777.744873046875 258.4411926269531
795.6220703125 256.3917541503906
812.8424682617188 254.43927001953125
829.3964233398438 252.51727294921875
845.3732299804688 250.66961669921875