1 720 1333
615.4232177734375 440.3340148925781
632.45361328125 436.6644592285156
649.2366333007812 433.1827087402344
665.602294921875 429.6136169433594
681.7879638671875 426.2089538574219
697.6129760742188 422.7626953125
713.2757568359375 419.4215393066406
728.4716796875 416.202392578125
743.4444580078125 412.9256896972656
758.1138916015625 409.74114990234375
772.482421875 406.6640625
617.5549926757812 457.38128662109375
634.505615234375 453.6028137207031
651.125 449.88531494140625
667.4918212890625 446.30120849609375
683.4835815429688 442.6687316894531
699.3033447265625 439.2117919921875
714.647705078125 435.6968688964844
729.817138671875 432.2864685058594
744.6544799804688 428.9295349121094
759.32373046875 425.6042785644531
773.557373046875 422.3922119140625
619.7177734375 474.2295837402344
636.5355834960938 470.3678894042969
653.0780639648438 466.5009765625
669.3029174804688 462.6979064941406
685.2530517578125 459.0321350097656
700.76611328125 455.3948974609375
716.1988525390625 451.7487487792969
731.2498168945312 448.271728515625
745.9835205078125 444.7111511230469
760.4698486328125 441.3522644042969
774.6072998046875 437.92431640625
621.8350830078125 490.8325500488281
638.5556640625 486.8270568847656
654.90869140625 482.8566589355469
671.0797119140625 478.99481201171875
686.8016357421875 475.19622802734375
702.4175415039062 471.385498046875
717.5592041015625 467.6432189941406
732.5596313476562 463.9775390625
747.2864379882812 460.4135437011719
761.602783203125 456.7808837890625
775.66015625 453.3609924316406
623.9745483398438 507.32525634765625
640.5371704101562 503.1864013671875
656.780029296875 499.1026916503906
672.770751953125 495.0633850097656
688.5116577148438 491.1236877441406
703.8849487304688 487.2336730957031
719.0913696289062 483.365966796875
733.8430786132812 479.5691223144531
748.4935302734375 475.81146240234375
762.7252197265625 472.1889953613281
776.7395629882812 468.53399658203125
626.0892944335938 523.5339965820312
642.5446166992188 519.306640625
658.64306640625 515.104736328125
674.554931640625 510.8813781738281
690.181396484375 506.78466796875
705.4464721679688 502.7696533203125
720.4512329101562 498.8324890136719
735.28515625 494.904296875
749.6707763671875 491.1623229980469
763.8829956054688 487.3417663574219
777.7882080078125 483.5721740722656
628.1998901367188 539.5840454101562
644.5067749023438 535.2559814453125
660.5189819335938 530.8320922851562
676.3128662109375 526.57470703125
691.7256469726562 522.4155883789062
706.9115600585938 518.2769165039062
721.8456420898438 514.1658325195312
736.5158081054688 510.1880798339844
750.86328125 506.2322692871094
765.0072021484375 502.3341369628906
778.8082885742188 498.4473571777344
630.2678833007812 555.4708862304688
646.4520874023438 550.912353515625
662.3921508789062 546.4776611328125
678.0531005859375 542.1146850585938
693.3597412109375 537.7349243164062
708.4752807617188 533.4889526367188
723.28955078125 529.33837890625
737.7374267578125 525.1821899414062
752.0894775390625 521.1207275390625
766.0993041992188 517.1107177734375
779.7637329101562 513.1478881835938