1 720 1333
689.4655151367188 474.1155700683594
703.2240600585938 468.8660888671875
716.4549560546875 463.8823547363281
729.3222045898438 459.0499572753906
741.6763916015625 454.3719482421875
753.6431884765625 449.7852783203125
765.3283081054688 445.3974304199219
776.5360717773438 441.1036071777344
787.4513549804688 436.90594482421875
797.9549560546875 432.86260986328125
808.246826171875 428.9751892089844
698.6615600585938 489.7780456542969
712.4295043945312 484.297607421875
725.6384887695312 478.9659729003906
738.4432373046875 473.7792663574219
750.7823486328125 468.7961120605469
762.7456665039062 464.0113525390625
774.3792724609375 459.3257751464844
785.5401000976562 454.71893310546875
796.4367065429688 450.35577392578125
806.8947143554688 446.1017761230469
817.1220092773438 441.9012756347656
708.1516723632812 505.76177978515625
721.8085327148438 499.968017578125
735.0809936523438 494.3456726074219
747.7705688476562 488.8419494628906
760.1731567382812 483.5602111816406
772.0689697265625 478.48016357421875
783.5799560546875 473.502685546875
794.7105102539062 468.6318054199219
805.572998046875 463.9850158691406
816.0291137695312 459.474609375
826.1870727539062 455.115234375
717.7920532226562 522.2359619140625
731.4949340820312 515.968505859375
744.632568359375 510.0301818847656
757.4000854492188 504.25152587890625
769.6275634765625 498.6073303222656
781.5439453125 493.22760009765625
793.01318359375 487.9309387207031
804.1441650390625 482.80224609375
814.865966796875 477.88092041015625
825.3299560546875 473.1706237792969
835.3862915039062 468.49169921875
727.659912109375 538.8601684570312
741.3497924804688 532.3585205078125
754.4585571289062 526.0158081054688
767.1546020507812 519.8364868164062
779.4005126953125 513.9421997070312
791.246337890625 508.2474670410156
802.5944213867188 502.6502990722656
813.6896362304688 497.3075866699219
824.4277954101562 492.0768737792969
834.71533203125 487.06390380859375
844.71728515625 482.1966247558594
737.7611083984375 555.9869384765625
751.4024658203125 549.0310668945312
764.4810180664062 542.3590087890625
777.140380859375 535.8284912109375
789.3175659179688 529.5972900390625
801.0692138671875 523.5592651367188
812.4343872070312 517.6849365234375
823.448974609375 512.0242309570312
834.1382446289062 506.5117492675781
844.3970947265625 501.2499694824219
854.355224609375 496.0815734863281
748.184326171875 573.4343872070312
761.6558227539062 566.1329345703125
774.6959228515625 559.0496215820312
787.3482666015625 552.2069702148438
799.4254150390625 545.5829467773438
811.161865234375 539.2506103515625
822.4349365234375 533.0626220703125
833.3955688476562 527.0828857421875
843.9173583984375 521.306884765625
854.1802368164062 515.6583251953125
864.042724609375 510.2798156738281
758.7141723632812 591.298828125
772.2517700195312 583.5037841796875
785.2366943359375 576.0709838867188
797.6600952148438 568.8451538085938
809.7132568359375 561.8994750976562
821.4083862304688 555.2373657226562
832.5814819335938 548.6846313476562
843.4727783203125 542.4192504882812
853.9906005859375 536.3670043945312
864.1154174804688 530.44482421875
873.8641357421875 524.7202758789062