1 720 1333
603.8341064453125 435.654052734375
619.9216918945312 432.2542419433594
635.69873046875 428.811279296875
651.30810546875 425.5146789550781
666.530517578125 422.2625427246094
681.5220336914062 419.0296630859375
696.27001953125 415.8115539550781
710.6826171875 412.6759948730469
724.8951416015625 409.5936584472656
738.8361206054688 406.5914306640625
752.5287475585938 403.625732421875
607.3067626953125 452.3628234863281
623.3675537109375 448.69842529296875
639.1817626953125 445.2410888671875
654.6166381835938 441.7033386230469
669.9039306640625 438.3223571777344
684.844970703125 434.9049377441406
699.60498046875 431.5742492675781
714.0957641601562 428.34527587890625
728.3076171875 425.1409606933594
742.1852416992188 421.9054260253906
755.8084716796875 418.757080078125
610.6829223632812 469.068115234375
626.7410278320312 465.34515380859375
642.5165405273438 461.5945739746094
658.0867309570312 457.9367980957031
673.3214721679688 454.413330078125
688.2780151367188 450.8115539550781
702.95947265625 447.4047546386719
717.4341430664062 443.96929931640625
731.5838012695312 440.6152648925781
745.5362548828125 437.3290100097656
759.1560668945312 434.08038330078125
614.2044677734375 485.7275695800781
630.2236938476562 481.87103271484375
645.9901123046875 478.0649719238281
661.4808959960938 474.2828063964844
676.69091796875 470.5328063964844
691.6309814453125 466.8304443359375
706.4029541015625 463.2840881347656
720.72998046875 459.6617126464844
734.9658203125 456.22576904296875
748.7785034179688 452.7110900878906
762.4797973632812 449.349365234375
617.626953125 502.55987548828125
633.6535034179688 498.50982666015625
649.4296875 494.5020446777344
664.8792114257812 490.56951904296875
680.1555786132812 486.6690368652344
695.0958862304688 482.8551330566406
709.7324829101562 479.11981201171875
724.2029418945312 475.4096374511719
738.31591796875 471.7074279785156
752.2213134765625 468.16534423828125
765.7337646484375 464.6221618652344
621.1759033203125 519.4022827148438
637.1741943359375 515.2155151367188
652.8475341796875 511.00543212890625
668.3467407226562 506.8726501464844
683.5430297851562 502.8423767089844
698.444580078125 498.89501953125
713.1854248046875 495.0390930175781
727.5322265625 491.1862487792969
741.6591796875 487.3963623046875
755.48193359375 483.6033020019531
769.1675415039062 479.9275817871094
624.6115112304688 536.2606201171875
640.6204833984375 531.8150024414062
656.3619384765625 527.5450439453125
671.8143310546875 523.3460083007812
687.0064086914062 519.1547241210938
701.8770141601562 515.00341796875
716.5061645507812 510.90350341796875
730.8801879882812 506.932861328125
745.0026245117188 503.025146484375
758.8256225585938 499.1673889160156
772.4459228515625 495.33880615234375
628.1740112304688 553.2008666992188
644.1624755859375 548.583984375
659.8124389648438 544.1845092773438
675.310302734375 539.7116088867188
690.4585571289062 535.4010620117188
705.3388671875 531.1343383789062
719.8824462890625 526.9052734375
734.2825317382812 522.706298828125
748.3540649414062 518.6214599609375
762.1776733398438 514.6282348632812
775.67431640625 510.66851806640625