1 720 1333
607.3958740234375 445.283447265625
625.12744140625 449.5306701660156
642.8726806640625 453.81890869140625
660.7799682617188 458.2039489746094
678.8178100585938 462.52545166015625
696.9530029296875 466.845458984375
715.20947265625 471.27325439453125
733.475830078125 475.5575866699219
751.8345947265625 479.9249572753906
770.341796875 484.35296630859375
788.8545532226562 488.67352294921875
602.1130981445312 461.9574279785156
619.9853515625 466.38140869140625
638.0707397460938 470.76318359375
656.1881713867188 475.28546142578125
674.4442749023438 479.69354248046875
692.7305297851562 484.1833801269531
711.2643432617188 488.60369873046875
729.7291870117188 493.1200866699219
748.4149169921875 497.5452575683594
767.1353759765625 502.067138671875
785.9052124023438 506.5553283691406
596.5986328125 479.14544677734375
614.7289428710938 483.62640380859375
633.00830078125 488.2343444824219
651.4271240234375 492.73712158203125
669.8585205078125 497.3377380371094
688.4942626953125 501.8792724609375
707.220458984375 506.49200439453125
725.9454345703125 511.09124755859375
744.8189086914062 515.6118774414062
763.7576293945312 520.2978515625
782.8466186523438 524.8668212890625
591.0344848632812 496.7428283691406
609.3851928710938 501.4342346191406
627.84619140625 506.1226806640625
646.4835815429688 510.7225646972656
665.2467041015625 515.464111328125
684.07177734375 520.1940307617188
703.034912109375 524.8195190429688
722.0482177734375 529.5427856445312
741.2134399414062 534.28515625
760.4288330078125 539.0059814453125
779.7283935546875 543.74072265625
585.2833862304688 514.869140625
603.8179931640625 519.6447143554688
622.5639038085938 524.4576416015625
641.4453735351562 529.30126953125
660.4346313476562 534.101806640625
679.5123291015625 538.8916625976562
698.696044921875 543.6844482421875
718.0408325195312 548.5436401367188
737.4450073242188 553.4016723632812
756.8939208984375 558.3008422851562
776.5005493164062 563.2105102539062
579.3635864257812 533.5171508789062
598.1920776367188 538.439697265625
617.1646118164062 543.3824462890625
636.2621459960938 548.3274536132812
655.497802734375 553.2763061523438
674.787109375 558.20703125
694.3201904296875 563.1959228515625
713.8313598632812 568.1388549804688
733.5419921875 573.136962890625
753.320068359375 578.1342163085938
773.2236938476562 583.1709594726562
573.2613525390625 552.638427734375
592.3765869140625 557.67626953125
611.5420532226562 562.7164306640625
630.927978515625 567.7933349609375
650.4276733398438 572.9086303710938
670.033203125 578.028564453125
689.7105102539062 583.1605224609375
709.57861328125 588.27197265625
729.5451049804688 593.3767700195312
749.6011352539062 598.51416015625
769.7554931640625 603.6550903320312
566.88525390625 572.3671875
586.321533203125 577.5322875976562
605.787109375 582.698486328125
625.447021484375 587.9646606445312
645.232421875 593.2610473632812
665.080078125 598.4550170898438
685.11474609375 603.6761474609375
705.2401123046875 608.9652709960938
725.432373046875 614.28759765625
745.7362670898438 619.5480346679688
766.2691040039062 624.8283081054688