1 720 1333
694.158203125 278.39019775390625
715.753662109375 273.5120849609375
736.7268676757812 268.74627685546875
757.2260131835938 264.2430419921875
776.881103515625 259.786865234375
796.1322021484375 255.5216827392578
814.6373901367188 251.375
832.7201538085938 247.31300354003906
850.3847045898438 243.36061096191406
867.3993530273438 239.5016632080078
883.837646484375 235.78880310058594
696.696533203125 302.5776672363281
718.11962890625 297.4321594238281
738.778564453125 292.4193420410156
758.8433227539062 287.5459289550781
778.4269409179688 282.80841064453125
797.3133544921875 278.3026428222656
815.6253662109375 273.8038024902344
833.4891967773438 269.5148010253906
850.8202514648438 265.3413391113281
867.63232421875 261.2622375488281
884.1070556640625 257.2863464355469
699.3151245117188 326.2436828613281
720.3522338867188 320.7279052734375
740.6817016601562 315.44879150390625
760.5869750976562 310.3473205566406
779.7507934570312 305.3547058105469
798.484130859375 300.48773193359375
816.5217895507812 295.7829284667969
834.31591796875 291.23760986328125
851.38330078125 286.76556396484375
868.0135498046875 282.46026611328125
884.2505493164062 278.25872802734375
701.7080078125 349.2832946777344
722.5008544921875 343.520263671875
742.62451171875 337.93621826171875
762.2562255859375 332.5458068847656
781.26611328125 327.3409423828125
799.6107177734375 322.2484130859375
817.5231323242188 317.29132080078125
834.8677978515625 312.47955322265625
851.7785034179688 307.7587890625
868.3383178710938 303.2606506347656
884.3502197265625 298.7359924316406
704.1828002929688 371.695556640625
724.5934448242188 365.697509765625
744.4796142578125 359.8779602050781
763.7598266601562 354.28790283203125
782.4854125976562 348.7547912597656
800.6600341796875 343.457763671875
818.44140625 338.27105712890625
835.5897216796875 333.2356872558594
852.3797607421875 328.32989501953125
868.5382690429688 323.49957275390625
884.3847045898438 318.8253173828125
706.4935913085938 393.5885314941406
726.679931640625 387.4045715332031
746.3430786132812 381.37921142578125
765.3607788085938 375.4828186035156
783.7498168945312 369.7031555175781
801.7210693359375 364.2049255371094
819.2474365234375 358.7416076660156
836.2872924804688 353.4878234863281
852.717041015625 348.3910217285156
868.7515869140625 343.41412353515625
884.4832153320312 338.5104675292969
708.743408203125 414.9344787597656
728.6576538085938 408.5156555175781
748.0765991210938 402.25115966796875
766.748779296875 396.15948486328125
785.11669921875 390.2142333984375
802.6871948242188 384.4460144042969
819.9940185546875 378.7525634765625
836.7490844726562 373.339599609375
853.1906127929688 367.9759521484375
868.9493408203125 362.7552185058594
884.47119140625 357.67437744140625
711.0090942382812 435.67047119140625
730.6310424804688 429.08538818359375
749.6519775390625 422.604736328125
768.3429565429688 416.3172302246094
786.3097534179688 410.19720458984375
803.6983642578125 404.2003173828125
820.69970703125 398.37762451171875
837.3551635742188 392.6309509277344
853.4661865234375 387.15789794921875
869.1707763671875 381.69464111328125
884.4366455078125 376.46612548828125