1 720 1333
662.2518310546875 441.5516052246094
671.2922973632812 425.40771484375
680.3770751953125 409.02117919921875
689.5616455078125 392.4721984863281
698.7830200195312 375.7450256347656
708.177001953125 358.94384765625
717.5039672851562 341.99609375
726.975341796875 324.8402404785156
736.522705078125 307.6561279296875
746.0736083984375 290.3276062011719
755.6773681640625 272.8128967285156
678.4973754882812 448.8232421875
687.4905395507812 432.7884826660156
696.5933837890625 416.6371765136719
705.6934204101562 400.3066101074219
715.023681640625 383.7613525390625
724.3121948242188 367.2001953125
733.6371459960938 350.3896179199219
743.1599731445312 333.47918701171875
752.6001586914062 316.4402770996094
762.185546875 299.32720947265625
771.72802734375 281.9801330566406
694.4296264648438 455.99652099609375
703.4353637695312 440.22711181640625
712.4853515625 424.2013854980469
721.63916015625 408.02020263671875
730.8817138671875 391.6599426269531
740.2061767578125 375.2804870605469
749.544921875 358.61181640625
758.9569091796875 341.87652587890625
768.4674682617188 325.1046142578125
777.9013671875 308.08856201171875
787.5365600585938 290.95855712890625
710.1058959960938 463.1023254394531
719.0797729492188 447.4308776855469
728.2169799804688 431.5719299316406
737.3377075195312 415.56658935546875
746.5195922851562 399.471923828125
755.7598266601562 383.2073669433594
765.1884765625 366.74249267578125
774.5377197265625 350.2503356933594
783.9710693359375 333.552978515625
793.5043334960938 316.7318115234375
803.0575561523438 299.81134033203125
725.4993286132812 469.97125244140625
734.49462890625 454.5147399902344
743.5269165039062 438.7989196777344
752.65625 423.03094482421875
761.8438110351562 407.04254150390625
771.1737670898438 390.99017333984375
780.4614868164062 374.7023620605469
789.7640991210938 358.3802795410156
799.3101196289062 341.8726501464844
808.669677734375 325.274658203125
818.27880859375 308.53265380859375
740.6431884765625 476.7730712890625
749.5843505859375 461.46612548828125
758.632080078125 445.97015380859375
767.7207641601562 430.343505859375
776.93798828125 414.5420227050781
786.193603515625 398.61138916015625
795.4654541015625 382.56597900390625
804.7721557617188 366.3776550292969
814.25048828125 350.1023864746094
823.6456298828125 333.6161804199219
833.19091796875 317.0799255371094
755.5062255859375 483.4698791503906
764.4600830078125 468.3401794433594
773.4977416992188 452.9568786621094
782.5684814453125 437.4958801269531
791.7183227539062 421.8157043457031
800.8912963867188 406.1671447753906
810.2080688476562 390.27532958984375
819.517333984375 374.22467041015625
828.8451538085938 358.109375
838.3533325195312 341.7857666015625
847.7626953125 325.4549865722656
770.1416015625 490.0866394042969
779.0704345703125 475.0559387207031
788.0972900390625 459.83734130859375
797.1549682617188 444.53704833984375
806.285888671875 429.1360778808594
815.4287109375 413.4990234375
824.6649169921875 397.75
833.9309692382812 381.86810302734375
843.3339233398438 365.9442443847656
852.660888671875 349.8271179199219
862.1596069335938 333.6313781738281