1 720 1333
649.2244873046875 419.8102722167969
669.788818359375 420.5924377441406
690.3890991210938 421.4052734375
710.7181396484375 422.08197021484375
731.0286254882812 422.6897277832031
751.1555786132812 423.4544982910156
771.103759765625 424.0980224609375
790.8192749023438 424.6856994628906
810.5009765625 425.4215087890625
829.9542236328125 426.0120544433594
849.3238525390625 426.5962219238281
648.3077392578125 440.4002685546875
668.7753295898438 441.0633850097656
689.382568359375 441.6402893066406
709.6273193359375 442.4103088378906
729.8455810546875 442.943115234375
749.8901977539062 443.561767578125
769.7837524414062 444.2688903808594
789.5672607421875 444.6774597167969
809.272705078125 445.3748779296875
828.609375 445.8006896972656
847.9228515625 446.4593200683594
647.37109375 460.6927795410156
667.8179931640625 461.4090270996094
688.3373413085938 461.91387939453125
708.5607299804688 462.5135192871094
728.7008056640625 463.1214904785156
748.6902465820312 463.6072082519531
768.5892944335938 464.2211608886719
788.3995361328125 464.6176452636719
807.8966674804688 465.2322082519531
827.3861694335938 465.6111755371094
846.5723876953125 466.2476806640625
646.4248657226562 481.0189514160156
666.8402099609375 481.556884765625
687.322021484375 482.1879577636719
707.4846801757812 482.579833984375
727.6092529296875 483.15875244140625
747.57861328125 483.5550842285156
767.4345092773438 484.1239318847656
787.1249389648438 484.4842224121094
806.59814453125 484.9437255859375
826.0103149414062 485.4326171875
845.3037109375 485.6888732910156
645.4871826171875 501.18402099609375
665.86962890625 501.6044006347656
686.3038940429688 502.2113342285156
706.452880859375 502.5535583496094
726.505859375 503.037841796875
746.4453735351562 503.49383544921875
766.2675170898438 503.7339172363281
785.7882080078125 504.306396484375
805.3970947265625 504.5788879394531
824.635498046875 504.9427490234375
843.8475952148438 505.3893737792969
644.5625610351562 521.216064453125
664.9482421875 521.5965576171875
685.2864379882812 522.1033935546875
705.3936157226562 522.4588012695312
725.3990478515625 522.7675170898438
745.2918090820312 523.2188720703125
764.9796142578125 523.5245971679688
784.5671997070312 523.7542724609375
804.1024780273438 524.2718505859375
823.4013671875 524.4765014648438
842.5286254882812 524.7098999023438
643.6311645507812 541.114013671875
664.0130004882812 541.4984741210938
684.27001953125 541.7724609375
704.3469848632812 542.258544921875
724.3101806640625 542.4863891601562
744.0872192382812 542.7481079101562
763.729248046875 543.1065673828125
783.3528442382812 543.4066772460938
802.703369140625 543.5909423828125
822.0285034179688 543.7659912109375
841.2178344726562 544.1591796875
642.7078857421875 560.8945922851562
663.1011962890625 561.3175659179688
683.2828369140625 561.5294799804688
703.3106079101562 561.7488403320312
723.203857421875 562.1600952148438
742.8968505859375 562.3759765625
762.5452880859375 562.5283203125
782.108154296875 562.6773681640625
801.4506225585938 562.866943359375
820.63134765625 563.1522827148438
839.68798828125 563.35693359375