1 720 1333
610.1598510742188 151.7547149658203
634.0220947265625 151.15467834472656
656.939453125 150.48329162597656
679.1666870117188 149.77471923828125
700.4220581054688 149.3391571044922
720.7520751953125 148.70257568359375
740.5276489257812 148.33982849121094
759.5574340820312 147.7411651611328
777.838623046875 147.4446258544922
795.517333984375 146.973876953125
812.5497436523438 146.5643310546875
610.6215209960938 179.5186309814453
634.2752075195312 178.34188842773438
656.7828369140625 177.185791015625
678.6244506835938 176.0401611328125
699.6104736328125 174.9510498046875
719.7964477539062 174.03746032714844
739.3755493164062 173.0985107421875
758.1585693359375 172.25880432128906
776.3397216796875 171.40264892578125
793.6566772460938 170.5503692626953
810.5679321289062 169.72633361816406
611.2894897460938 206.42494201660156
634.4531860351562 204.62200927734375
656.6856079101562 203.02655029296875
678.3326416015625 201.45904541015625
699.0021362304688 199.9619140625
718.9199829101562 198.57122802734375
738.252685546875 197.28756713867188
756.7025756835938 195.9000244140625
774.6431884765625 194.6665496826172
791.887451171875 193.5075225830078
808.5619506835938 192.4040069580078
611.73681640625 232.52081298828125
634.611572265625 230.35479736328125
656.6348876953125 228.27894592285156
677.846435546875 226.28091430664062
698.4046020507812 224.35531616210938
718.0413208007812 222.50953674316406
737.1362915039062 220.71009826660156
755.4342041015625 219.13870239257812
773.2183227539062 217.49427795410156
790.2274780273438 215.87948608398438
806.633544921875 214.45635986328125
612.3590087890625 257.8448486328125
634.8214721679688 255.31637573242188
656.562255859375 252.6915740966797
677.5578002929688 250.36817932128906
697.7005615234375 248.00363159179688
717.295654296875 245.77752685546875
735.9266357421875 243.67332458496094
754.1865844726562 241.58920288085938
771.5687255859375 239.66004943847656
788.5104370117188 237.72576904296875
804.708251953125 235.9154052734375
612.8550415039062 282.5594482421875
635.1878662109375 279.5188293457031
656.5533447265625 276.60186767578125
677.2701416015625 273.76080322265625
697.248291015625 271.12652587890625
716.3954467773438 268.52618408203125
734.8963623046875 266.05767822265625
752.7499389648438 263.6294860839844
770.2128295898438 261.36004638671875
786.7505493164062 259.14947509765625
802.9745483398438 256.94683837890625
613.4788818359375 306.5888977050781
635.4190063476562 303.16796875
656.5116577148438 299.791015625
676.8418579101562 296.6540832519531
696.5301513671875 293.57073974609375
715.5143432617188 290.6429748535156
733.8107299804688 287.79638671875
751.5582885742188 285.11956787109375
768.6113891601562 282.47467041015625
785.2030029296875 279.8807373046875
801.1571044921875 277.431640625
614.0865478515625 329.88006591796875
635.5955810546875 326.17633056640625
656.47705078125 322.4722900390625
676.580810546875 318.9115295410156
695.9598388671875 315.5273742675781
714.65673828125 312.2550964355469
732.7264404296875 309.06768798828125
750.3433837890625 305.97259521484375
767.22021484375 303.0438537597656
783.4746704101562 300.1999816894531
799.3252563476562 297.4304504394531