1 720 1333
599.7041625976562 469.513427734375
616.5492553710938 459.0892333984375
633.26708984375 448.5948181152344
649.767333984375 438.31817626953125
666.2653198242188 427.986083984375
682.4752807617188 417.8123779296875
698.5734252929688 407.7049560546875
714.5121459960938 397.6764831542969
730.3250732421875 387.7491149902344
745.84765625 377.92034912109375
761.359375 368.2138671875
607.766845703125 482.33013916015625
624.3181762695312 471.9156799316406
640.626953125 461.64544677734375
656.89794921875 451.47052001953125
673.0698852539062 441.3234558105469
688.9774780273438 431.2753601074219
704.7500610351562 421.2802429199219
720.47265625 411.3241271972656
735.9487915039062 401.5391540527344
751.2567138671875 391.7362976074219
766.4102172851562 382.1431884765625
615.5748901367188 494.63037109375
631.7552490234375 484.447509765625
647.8379516601562 474.3072814941406
663.7633056640625 464.22283935546875
679.6014404296875 454.1876220703125
695.3092041015625 444.2220458984375
710.760009765625 434.3529357910156
726.2093505859375 424.511962890625
741.4130859375 414.7673645019531
756.4320678710938 405.2049560546875
771.3098754882812 395.6009216308594
623.1587524414062 506.5771484375
639.0459594726562 496.5042419433594
654.76904296875 486.475830078125
670.4636840820312 476.4934387207031
685.937744140625 466.5867004394531
701.3718872070312 456.7217102050781
716.580078125 446.98016357421875
731.6758422851562 437.33319091796875
746.6344604492188 427.6887512207031
761.4573974609375 418.1513671875
776.0698852539062 408.65704345703125
630.4562377929688 518.1696166992188
646.0606079101562 508.2088623046875
661.5362548828125 498.2647705078125
676.8721923828125 488.4181213378906
692.1983642578125 478.5836486816406
707.2610473632812 468.8351745605469
722.26806640625 459.2292785644531
737.0787963867188 449.6256103515625
751.7332153320312 440.19268798828125
766.2880859375 430.6606140136719
780.6281127929688 421.3468017578125
637.5089721679688 529.3480834960938
652.83349609375 519.4644775390625
668.0467529296875 509.6429138183594
683.1673583984375 499.89105224609375
698.152099609375 490.2559509277344
712.9510498046875 480.6053466796875
727.6336059570312 471.1286926269531
742.27587890625 461.5845031738281
756.6627807617188 452.25592041015625
770.9234008789062 442.82159423828125
785.1007690429688 433.5605163574219
644.3946533203125 540.1707763671875
659.430419921875 530.4221801757812
674.3828125 520.6561279296875
689.2251586914062 511.0951232910156
703.8908081054688 501.5002746582031
718.4742431640625 491.97625732421875
732.887451171875 482.5238952636719
747.2633056640625 473.1842956542969
761.449462890625 463.80810546875
775.449951171875 454.5849609375
789.3733520507812 445.40130615234375
650.9749145507812 550.6434936523438
665.78515625 541.0223388671875
680.480224609375 531.451416015625
695.0724487304688 521.8631591796875
709.490234375 512.4307861328125
723.78271484375 502.9934997558594
737.97802734375 493.63250732421875
752.1264038085938 484.34735107421875
766.0294189453125 475.1485290527344
779.7692260742188 465.9131164550781
793.4519653320312 456.8229064941406