1 720 1333
572.2234497070312 131.21742248535156
593.5665893554688 124.37865447998047
614.8594360351562 117.53378295898438
636.1396484375 110.75067138671875
657.3272094726562 104.12593841552734
678.314453125 97.47611236572266
699.2570190429688 90.83470153808594
720.0389404296875 84.3944320678711
740.6685180664062 77.84227752685547
761.2967529296875 71.45885467529297
781.6846923828125 65.1751708984375
579.6461181640625 153.7037353515625
600.8062744140625 146.8700408935547
621.9132080078125 140.15399169921875
642.9439697265625 133.4014434814453
663.78564453125 126.71926879882812
684.6314086914062 120.14505004882812
705.3419189453125 113.51570892333984
725.8472900390625 107.01626586914062
746.3771362304688 100.53134155273438
766.6718139648438 94.1598892211914
786.8219604492188 87.74139404296875
587.0267944335938 175.7571258544922
607.9774780273438 168.9791259765625
628.8069458007812 162.2566375732422
649.59130859375 155.52383422851562
670.3075561523438 148.82662963867188
690.8109741210938 142.3040771484375
711.318603515625 135.7086181640625
731.6359252929688 129.25025939941406
751.87890625 122.71056365966797
771.959716796875 116.37955474853516
791.98876953125 110.00308990478516
594.3045654296875 197.41769409179688
614.9461669921875 190.5967559814453
635.566162109375 183.88880920410156
656.1998291015625 177.240478515625
676.5885620117188 170.56980895996094
696.8919677734375 164.0227813720703
717.19873046875 157.46231079101562
737.3369750976562 150.98045349121094
757.342529296875 144.52902221679688
777.2819213867188 138.1822509765625
796.926025390625 131.80540466308594
601.318115234375 218.56912231445312
621.7606811523438 211.8050994873047
642.25390625 205.12388610839844
662.5502319335938 198.4564666748047
682.7236938476562 191.8240966796875
702.89111328125 185.32240295410156
722.90087890625 178.7677001953125
742.8248291015625 172.37338256835938
762.6193237304688 165.89756774902344
782.334228515625 159.53038024902344
801.861572265625 153.26641845703125
608.2540283203125 239.35848999023438
628.4945678710938 232.5906524658203
648.7012939453125 225.9028778076172
668.8231201171875 219.32374572753906
688.8333740234375 212.70492553710938
708.7316284179688 206.229736328125
728.5762329101562 199.6986083984375
748.3450927734375 193.28274536132812
767.8331909179688 186.83978271484375
787.3390502929688 180.50393676757812
806.6400756835938 174.23985290527344
615.0057373046875 259.7092590332031
635.12353515625 252.98858642578125
655.15234375 246.3515167236328
674.9894409179688 239.69309997558594
694.7899169921875 233.21763610839844
714.5149536132812 226.6436309814453
734.1810302734375 220.23289489746094
753.5840454101562 213.746337890625
772.9759521484375 207.43751525878906
792.2188110351562 201.0745086669922
811.31298828125 194.72283935546875
621.6851196289062 279.68084716796875
641.5419311523438 273.0683288574219
661.4061889648438 266.3893737792969
681.0799560546875 259.7677917480469
700.6671752929688 253.3077850341797
720.1690063476562 246.73558044433594
739.5404663085938 240.34280395507812
758.7404174804688 233.8883514404297
777.9228515625 227.5305633544922
796.9210205078125 221.2132568359375
815.8121337890625 214.86402893066406