1 720 1333
589.4498901367188 432.5617370605469
607.1673583984375 435.27789306640625
625.1478881835938 438.00006103515625
643.42529296875 440.7317810058594
661.9530029296875 443.5761413574219
680.8088989257812 446.4296875
699.9413452148438 449.2816467285156
719.3894653320312 452.17236328125
739.0867309570312 455.08056640625
759.0984497070312 458.01031494140625
779.3439331054688 460.99761962890625
585.3392333984375 451.00933837890625
603.1552124023438 453.8477478027344
621.2433471679688 456.7464599609375
639.5912475585938 459.6843566894531
658.3369750976562 462.6690368652344
677.3088989257812 465.6770324707031
696.5458984375 468.7014465332031
716.118408203125 471.7466125488281
735.891845703125 474.8177795410156
756.063232421875 478.0040588378906
776.4651489257812 481.20172119140625
581.1603393554688 469.6973876953125
599.0526733398438 472.7333984375
617.2696533203125 475.8104248046875
635.7113037109375 478.9379577636719
654.55322265625 482.1471862792969
673.6243286132812 485.29571533203125
693.070556640625 488.49346923828125
712.6951904296875 491.7139892578125
732.6741943359375 495.00408935546875
752.9586181640625 498.3319091796875
773.532470703125 501.65936279296875
576.819091796875 488.70404052734375
594.857666015625 491.9095153808594
613.2258911132812 495.22454833984375
631.7998046875 498.4995422363281
650.7011108398438 501.8146667480469
669.9642944335938 505.224365234375
689.4818115234375 508.5714416503906
709.3304443359375 512.0159912109375
729.420166015625 515.464599609375
749.8076782226562 518.9872436523438
770.5524291992188 522.5291137695312
572.5364990234375 507.998779296875
590.6061401367188 511.3996887207031
609.102294921875 514.80908203125
627.787353515625 518.3401489257812
646.865966796875 521.7872924804688
666.2327270507812 525.4022216796875
685.8602905273438 528.9728393554688
705.7778930664062 532.5803833007812
726.09130859375 536.2957153320312
746.6143188476562 539.953125
767.5335083007812 543.7037353515625
568.1226806640625 527.598388671875
586.3997802734375 531.2174682617188
604.8919067382812 534.7738037109375
623.7418212890625 538.4644775390625
642.9304809570312 542.2081298828125
662.4122314453125 545.9134521484375
682.2278442382812 549.6959228515625
702.32080078125 553.5138549804688
722.6510009765625 557.3927612304688
743.40771484375 561.3409423828125
764.45068359375 565.3060302734375
563.6105346679688 547.486328125
581.9697265625 551.2958984375
600.6488037109375 555.0785522460938
619.6223754882812 558.9229736328125
638.9349975585938 562.7958984375
658.5379638671875 566.749267578125
678.4710693359375 570.7434692382812
698.6669311523438 574.7703247070312
719.2681884765625 578.8856201171875
740.1526489257812 583.0054321289062
761.3322143554688 587.224609375
559.0713500976562 567.6838989257812
577.5294189453125 571.6339721679688
596.359375 575.6627197265625
615.477294921875 579.705322265625
634.8699951171875 583.8295288085938
654.5941162109375 587.9738159179688
674.6535034179688 592.2015380859375
695.072265625 596.4376831054688
715.72607421875 600.6707763671875
736.7490234375 605.0647583007812
758.1605224609375 609.4813232421875