1 720 1333
535.4802856445312 446.5933837890625
549.5964965820312 450.3651428222656
564.1815185546875 454.28546142578125
579.2190551757812 458.25836181640625
594.5914306640625 462.35418701171875
610.5363159179688 466.5180969238281
626.928955078125 470.81036376953125
643.762939453125 475.30133056640625
661.25048828125 479.7838439941406
679.2118530273438 484.535888671875
697.6558227539062 489.34912109375
527.3267822265625 462.7910461425781
541.4957275390625 466.8145751953125
556.10888671875 471.0678405761719
571.155517578125 475.3597106933594
586.68408203125 479.6629943847656
602.5994262695312 484.27801513671875
619.1834106445312 488.8551940917969
636.1383666992188 493.62860107421875
653.6067504882812 498.50994873046875
671.669189453125 503.5520935058594
690.3815307617188 508.73541259765625
518.865234375 479.4060363769531
533.1887817382812 483.70697021484375
547.7548828125 488.20135498046875
562.9232177734375 492.735107421875
578.5146484375 497.50653076171875
594.5570678710938 502.3780822753906
611.1243896484375 507.3591003417969
628.2337646484375 512.4583740234375
645.75244140625 517.6353759765625
664.0020751953125 523.1509399414062
682.7384033203125 528.6570434570312
510.3214416503906 496.37213134765625
524.5857543945312 500.9779357910156
539.3512573242188 505.74505615234375
554.5123291015625 510.6524658203125
570.1985473632812 515.6984252929688
586.31591796875 520.9088745117188
602.88232421875 526.2644653320312
620.1066284179688 531.683349609375
637.7245483398438 537.3536987304688
656.0712280273438 543.2228393554688
674.9987182617188 549.2195434570312
501.52490234375 513.6935424804688
515.7977905273438 518.6024169921875
530.6314086914062 523.711181640625
545.8309326171875 528.9776000976562
561.566650390625 534.3936157226562
577.7362060546875 539.9030151367188
594.4971923828125 545.6107788085938
611.7171630859375 551.4720458984375
629.5407104492188 557.5203857421875
648.006591796875 563.7492065429688
666.98779296875 570.2262573242188
492.4790954589844 531.4862670898438
506.8564453125 536.7002563476562
521.6725463867188 542.1924438476562
536.9935913085938 547.7340698242188
552.7444458007812 553.5106811523438
569.0579223632812 559.445556640625
585.8428955078125 565.51318359375
603.2380981445312 571.7793579101562
621.1403198242188 578.2938842773438
639.6182861328125 584.8922729492188
658.7870483398438 591.766845703125
483.2596435546875 549.6295776367188
497.6318359375 555.3013305664062
512.5438842773438 561.0438232421875
527.8893432617188 566.9691162109375
543.7185668945312 573.1644287109375
560.1278686523438 579.453369140625
577.0308837890625 585.9326782226562
594.4768676757812 592.6428833007812
612.4700317382812 599.526123046875
631.1337890625 606.6629028320312
650.4003295898438 614.03564453125
473.7084655761719 568.2827758789062
488.2341003417969 574.2628784179688
503.1678161621094 580.4158325195312
518.5653076171875 586.6860961914062
534.4662475585938 593.3125
550.8994140625 599.9901733398438
567.8947143554688 606.8927612304688
585.474609375 614.094970703125
603.5703125 621.4246826171875
622.369384765625 629.0775146484375
641.739990234375 636.8175659179688