1 720 1333
623.0697021484375 455.3589782714844
636.4821166992188 455.65924072265625
650.0039672851562 456.29425048828125
663.5572509765625 456.62786865234375
677.2310180664062 457.1630554199219
690.8262329101562 457.55914306640625
704.647705078125 458.0689392089844
718.5104370117188 458.4867248535156
732.4376220703125 458.8519592285156
746.3828125 459.3960266113281
760.36083984375 459.7235412597656
620.7565307617188 464.4424743652344
634.4740600585938 464.9770202636719
648.1952514648438 465.5234069824219
661.9979248046875 466.01690673828125
675.8384399414062 466.4794006347656
689.7938232421875 467.0227355957031
703.8058471679688 467.5044250488281
717.9119262695312 467.91717529296875
732.082275390625 468.43865966796875
746.2965087890625 468.876708984375
760.4728393554688 469.42138671875
618.4597778320312 474.0381164550781
632.358642578125 474.5206604003906
646.3742065429688 475.1485595703125
660.3815307617188 475.58917236328125
674.5038452148438 476.3047790527344
688.6752319335938 476.68145751953125
702.96630859375 477.326171875
717.3654174804688 477.6665344238281
731.6671752929688 478.3359680175781
746.21533203125 478.7408752441406
760.6347045898438 479.39337158203125
616.01416015625 483.7636413574219
630.2077026367188 484.46624755859375
644.40771484375 485.0671081542969
658.701904296875 485.5836181640625
673.1245727539062 486.2987365722656
687.5459594726562 486.7550354003906
702.125732421875 487.41650390625
716.6424560546875 487.89984130859375
731.3882446289062 488.461181640625
746.1345825195312 489.0612487792969
760.80029296875 489.5770263671875
613.5018310546875 494.182861328125
627.8519897460938 494.6615905761719
642.413330078125 495.4170837402344
656.9520874023438 495.9790954589844
671.6224365234375 496.59149169921875
686.363525390625 497.3155822753906
701.2357177734375 497.7822570800781
716.031005859375 498.47821044921875
730.9705200195312 499.08111572265625
745.9271850585938 499.62335205078125
761.0958862304688 500.3826599121094
610.8282470703125 504.61175537109375
625.5392456054688 505.42022705078125
640.3181762695312 506.1058654785156
655.1780395507812 506.7189025878906
670.1292114257812 507.4689636230469
685.1343383789062 508.2046203613281
700.232666015625 508.7454833984375
715.3762817382812 509.46014404296875
730.5602416992188 510.1111755371094
745.82275390625 510.6973571777344
761.299072265625 511.455810546875
608.1558837890625 515.6156005859375
623.1270141601562 516.4020385742188
638.2030639648438 517.1863403320312
653.3237915039062 517.8174438476562
668.5191650390625 518.60107421875
683.7649536132812 519.4253540039062
699.2252807617188 520.1923217773438
714.6021118164062 520.7687377929688
730.2503662109375 521.5352783203125
745.7159423828125 522.3181762695312
761.4659423828125 522.9357299804688
605.341796875 527.0288696289062
620.5361938476562 527.7498168945312
635.8573608398438 528.6393432617188
651.3479614257812 529.5054321289062
666.8530883789062 530.3548583984375
682.4699096679688 531.0875854492188
698.236572265625 531.80859375
713.8771362304688 532.619384765625
729.69482421875 533.45556640625
745.6303100585938 534.2951049804688
761.6276245117188 534.9319458007812