1 720 1333
607.8223266601562 242.3129425048828
619.4627075195312 225.67282104492188
631.1519165039062 208.92666625976562
642.887939453125 192.0392608642578
654.7472534179688 175.052490234375
666.6981201171875 157.8198699951172
678.7778930664062 140.5684356689453
690.9915771484375 123.12506866455078
703.2918701171875 105.54458618164062
715.5576171875 87.78010559082031
728.0303344726562 69.92301940917969
622.3077392578125 252.1601104736328
633.6737060546875 235.81686401367188
645.2691650390625 219.50210571289062
656.7880249023438 202.94796752929688
668.5316772460938 186.33224487304688
680.3515625 169.60934448242188
692.241455078125 152.63833618164062
704.256103515625 135.67518615722656
716.31884765625 118.49620819091797
728.4244384765625 101.22080993652344
740.6356811523438 83.70832824707031
636.2001342773438 261.5836486816406
647.4873046875 245.66700744628906
658.7604370117188 229.59637451171875
670.2763061523438 213.5122528076172
681.7381591796875 197.26918029785156
693.406982421875 180.82115173339844
705.1478271484375 164.368896484375
716.8535766601562 147.67193603515625
728.7780151367188 130.94386291503906
740.716796875 113.99897766113281
752.7564086914062 97.00064086914062
649.5933837890625 270.70489501953125
660.673095703125 255.15567016601562
671.8785400390625 239.46287536621094
683.1893920898438 223.6290283203125
694.5135498046875 207.75140380859375
705.9984741210938 191.71815490722656
717.4850463867188 175.57162475585938
729.1697387695312 159.37782287597656
740.8222045898438 142.8710479736328
752.6072998046875 126.40541076660156
764.4725952148438 109.7061996459961
662.5072021484375 279.509033203125
673.4862060546875 264.31146240234375
684.4887084960938 248.86534118652344
695.5999755859375 233.48902893066406
706.7868041992188 217.8485107421875
718.1072998046875 202.25779724121094
729.4536743164062 186.45872497558594
740.8493041992188 170.50289916992188
752.4522705078125 154.48233032226562
763.9551391601562 138.33506774902344
775.6470947265625 122.00177764892578
674.9955444335938 288.041259765625
685.7413330078125 273.1017150878906
696.6568603515625 258.0756530761719
707.5919189453125 242.87669372558594
718.6322021484375 227.6541748046875
729.7067260742188 212.3311004638672
740.9195556640625 196.80819702148438
752.2359008789062 181.3420867919922
763.5643310546875 165.54647827148438
774.94873046875 149.74685668945312
786.4453735351562 133.76882934570312
687.0181884765625 296.2684326171875
697.6672973632812 281.5926818847656
708.4149780273438 266.8323974609375
719.2318115234375 252.08294677734375
730.0409545898438 237.11148071289062
740.982666015625 222.0801239013672
751.9752807617188 206.88597106933594
763.1257934570312 191.612548828125
774.2965087890625 176.35440063476562
785.470947265625 160.73928833007812
796.7373657226562 145.25531005859375
698.611083984375 304.2205505371094
709.1851196289062 289.79034423828125
719.6814575195312 275.4065246582031
730.3648681640625 260.7976379394531
741.0593872070312 246.25167846679688
751.7479858398438 231.46434020996094
762.6174926757812 216.59423828125
773.540771484375 201.65753173828125
784.5200805664062 186.5646514892578
795.5697021484375 171.47470092773438
806.650146484375 156.15646362304688