1 720 1333
384.5469055175781 68.97994232177734
409.1775817871094 64.52477264404297
434.2591552734375 60.115318298339844
459.8080139160156 55.581851959228516
485.89276123046875 51.07141876220703
512.5440673828125 46.4676628112793
539.6246948242188 41.8785514831543
567.3424682617188 37.24859619140625
595.41455078125 32.52398681640625
624.0750122070312 27.83191680908203
653.2725219726562 23.190231323242188
387.90216064453125 97.22492980957031
412.4488525390625 93.0171127319336
437.47308349609375 88.80274200439453
462.9718322753906 84.61307525634766
489.0810241699219 80.38724517822266
515.5450439453125 76.17912292480469
542.5867919921875 71.76341247558594
570.1513671875 67.40625762939453
598.24462890625 63.001670837402344
626.6710205078125 58.610084533691406
655.7465209960938 54.228248596191406
391.3485107421875 125.209228515625
415.70623779296875 121.37991333007812
440.6744384765625 117.44813537597656
466.20550537109375 113.4793472290039
492.1893615722656 109.5439682006836
518.5609130859375 105.52555084228516
545.5086669921875 101.51741027832031
572.9885864257812 97.45109558105469
600.842041015625 93.30512237548828
629.399169921875 89.19471740722656
658.3272705078125 85.02108764648438
394.6161804199219 153.13623046875
419.07080078125 149.4617156982422
443.92608642578125 145.8209991455078
469.3899841308594 142.2139129638672
495.2496337890625 138.5068817138672
521.5490112304688 134.7566680908203
548.4400024414062 131.03363037109375
575.7351684570312 127.22885131835938
603.5931396484375 123.38024139404297
631.947021484375 119.49700164794922
660.763427734375 115.57691192626953
398.0437927246094 180.7003936767578
422.386962890625 177.44505310058594
447.23846435546875 174.0849151611328
472.4978942871094 170.63119506835938
498.3495178222656 167.2816619873047
524.513427734375 163.72549438476562
551.366943359375 160.2918701171875
578.5289916992188 156.68275451660156
606.3548583984375 153.1654815673828
634.5253295898438 149.55224609375
663.3506469726562 145.90977478027344
401.43682861328125 208.23464965820312
425.6557922363281 205.15618896484375
450.43865966796875 202.09642028808594
475.63299560546875 198.89588928222656
501.3661193847656 195.698486328125
527.5105590820312 192.53994750976562
554.2200317382812 189.35096740722656
581.3709106445312 185.99684143066406
608.9310913085938 182.6564178466797
637.1859130859375 179.37393188476562
665.7020263671875 176.01913452148438
404.7557678222656 235.41519165039062
428.938232421875 232.61280822753906
453.6191101074219 229.7772979736328
478.7115478515625 226.92306518554688
504.4189147949219 224.0402069091797
530.466796875 221.09930419921875
557.0162963867188 218.08477783203125
584.0994873046875 215.0249481201172
611.5860595703125 211.9177703857422
639.6477661132812 208.83462524414062
668.2455444335938 205.7692108154297
408.1952209472656 262.4530944824219
432.2843322753906 259.8687438964844
456.7645568847656 257.37945556640625
481.82452392578125 254.67807006835938
507.41229248046875 252.0557403564453
533.3999633789062 249.3397216796875
559.8004150390625 246.5713348388672
586.7587890625 243.7474822998047
614.301513671875 240.9626922607422
642.2857055664062 238.22222900390625
670.6220092773438 235.39309692382812