1 720 1333
642.7586059570312 485.006591796875
661.2621459960938 482.4873962402344
679.3995361328125 479.98944091796875
697.3118896484375 477.5160827636719
714.8876953125 475.15753173828125
732.2988891601562 472.6851806640625
749.3529052734375 470.3096618652344
766.180419921875 467.9009704589844
782.6629028320312 465.5572204589844
798.9735717773438 463.3127746582031
814.96240234375 460.9839172363281
646.2987060546875 503.3244934082031
664.9253540039062 500.6068115234375
683.3278198242188 497.9576110839844
701.4043579101562 495.34649658203125
719.2582397460938 492.6981201171875
736.6705932617188 490.1976013183594
753.9580078125 487.5828552246094
770.9366455078125 485.07623291015625
787.6720581054688 482.5526428222656
804.1409301757812 480.09368896484375
820.31787109375 477.6197509765625
649.8115844726562 522.106201171875
668.7089233398438 519.255126953125
687.3228759765625 516.384033203125
705.5916137695312 513.56005859375
723.5872192382812 510.78680419921875
741.3483276367188 508.0658874511719
758.7166137695312 505.3377990722656
775.8727416992188 502.6130676269531
792.7495727539062 499.9210510253906
809.4143676757812 497.3287048339844
825.6997680664062 494.71673583984375
653.5306396484375 541.4124755859375
672.59814453125 538.3425903320312
691.4248657226562 535.3131103515625
709.8814086914062 532.3370971679688
728.1497192382812 529.3742065429688
746.0101928710938 526.4185791015625
763.6134033203125 523.511474609375
780.9703979492188 520.612548828125
798.0689697265625 517.7565307617188
814.7772216796875 515.0211181640625
831.3553466796875 512.2721557617188
657.3248901367188 561.1935424804688
676.6207275390625 557.8898315429688
695.6050415039062 554.6767578125
714.3666381835938 551.5056762695312
732.7171630859375 548.379638671875
750.8162841796875 545.2822265625
768.6448364257812 542.1885375976562
786.2129516601562 539.1103515625
803.4371337890625 536.08642578125
820.3865356445312 533.153076171875
837.08203125 530.2391357421875
661.2276611328125 581.5205688476562
680.7164306640625 578.0687255859375
699.9622192382812 574.6192016601562
718.872314453125 571.268798828125
737.5117797851562 567.9063720703125
755.7573852539062 564.5839233398438
773.76025390625 561.3394775390625
791.53125 558.066162109375
808.9418334960938 554.844970703125
826.080322265625 551.6915283203125
842.9016723632812 548.61328125
665.24267578125 602.4501953125
684.9924926757812 598.7307739257812
704.4522705078125 595.123046875
723.578125 591.5025024414062
742.4205322265625 587.9223022460938
760.8544311523438 584.4602661132812
779.1492919921875 580.944580078125
796.9891357421875 577.5475463867188
814.5932006835938 574.1746826171875
831.8799438476562 570.7854614257812
848.9028930664062 567.5157470703125
669.3427124023438 623.9116821289062
689.3726806640625 620.0047607421875
709.0563354492188 616.18701171875
728.4356689453125 612.35205078125
747.4329833984375 608.5665283203125
766.1546630859375 604.80908203125
784.5108642578125 601.182373046875
802.6090087890625 597.5272827148438
820.4083862304688 593.908203125
837.8255004882812 590.4209594726562
855.0751953125 586.8792724609375