1 720 1333
548.5687255859375 157.5465850830078
557.4378051757812 158.21466064453125
566.7537841796875 158.66598510742188
576.4308471679688 159.4367218017578
586.5531005859375 160.0152130126953
597.0380859375 160.6781768798828
608.0885620117188 161.4624786376953
619.5130615234375 162.2549285888672
631.5001220703125 162.99334716796875
644.1719360351562 163.8019561767578
657.3385620117188 164.73814392089844
544.851318359375 174.58680725097656
553.71484375 175.4609375
562.8442993164062 176.4710235595703
572.4852905273438 177.41342163085938
582.4173583984375 178.4845428466797
592.8294067382812 179.48922729492188
603.6105346679688 180.6072235107422
615.0402221679688 181.77548217773438
626.7355346679688 183.0987091064453
639.3138427734375 184.4085235595703
652.2966918945312 185.70819091796875
541.2977294921875 191.4683380126953
549.927978515625 192.7075653076172
559.1010131835938 193.9440155029297
568.4637451171875 195.37245178222656
578.3626098632812 196.6923828125
588.5382690429688 198.22274780273438
599.34228515625 199.67279052734375
610.4324340820312 201.31155395507812
622.1863403320312 202.95767211914062
634.4075317382812 204.69815063476562
647.303955078125 206.57894897460938
537.6032104492188 208.30374145507812
546.2642211914062 209.8030242919922
555.20556640625 211.44676208496094
564.531005859375 213.1252899169922
574.254150390625 214.8695526123047
584.3953247070312 216.69400024414062
594.920654296875 218.6190643310547
605.9364013671875 220.60208129882812
617.46728515625 222.69403076171875
629.5958251953125 224.90786743164062
642.2970581054688 227.30780029296875
534.0155029296875 224.9363555908203
542.522216796875 226.80615234375
551.3854370117188 228.7297821044922
560.5681762695312 230.7695770263672
570.2014770507812 232.86459350585938
580.1982421875 235.14334106445312
590.5844116210938 237.43247985839844
601.5000610351562 239.79368591308594
612.8466186523438 242.34181213378906
624.8108520507812 244.97677612304688
637.4227294921875 247.78147888183594
530.4102783203125 241.5047607421875
538.7850341796875 243.65362548828125
547.5421142578125 245.9373779296875
556.6181030273438 248.34933471679688
566.183837890625 250.78794860839844
575.9935913085938 253.406494140625
586.3468017578125 256.1354064941406
597.1080932617188 258.8514709472656
608.3529052734375 261.7960510253906
620.2122192382812 264.9089660644531
632.504150390625 268.2176818847656
526.7833862304688 257.9396057128906
535.132568359375 260.47064208984375
543.7196655273438 263.0787353515625
552.7415161132812 265.71917724609375
562.1753540039062 268.5705871582031
571.8984375 271.53271484375
582.1510620117188 274.5925598144531
592.7247924804688 277.7743835449219
603.8037719726562 281.2047424316406
615.5303344726562 284.67059326171875
627.6998291015625 288.3921203613281
523.292724609375 274.3238525390625
531.4549560546875 277.124755859375
540.0335693359375 280.0281066894531
548.8829956054688 283.0811462402344
558.2074584960938 286.25628662109375
567.8209838867188 289.53741455078125
577.9083862304688 292.9949951171875
588.455810546875 296.5901794433594
599.4505615234375 300.3967590332031
610.97216796875 304.33349609375
623.0979614257812 308.49029541015625