1 720 1333
580.7496948242188 118.69389343261719
604.87353515625 116.3263931274414
628.6073608398438 113.88981628417969
651.96728515625 111.60568237304688
674.980712890625 109.3924331665039
697.5042724609375 107.30949401855469
719.6431884765625 105.19084930419922
741.4815063476562 103.08525085449219
762.9389038085938 101.08252716064453
784.0043334960938 99.17572784423828
804.67041015625 97.24443817138672
584.5602416992188 144.32595825195312
608.48193359375 141.6529083251953
631.963623046875 139.1833038330078
655.1173706054688 136.59994506835938
677.7601928710938 134.28738403320312
700.1921997070312 131.8422393798828
722.1721801757812 129.5573272705078
743.7154541015625 127.37266540527344
764.980712890625 125.19112396240234
785.833251953125 123.03118133544922
806.3787841796875 120.91558074951172
588.375 169.42373657226562
611.972412109375 166.58270263671875
635.2718505859375 163.81976318359375
658.1766967773438 161.25607299804688
680.6176147460938 158.58676147460938
702.7208862304688 156.13818359375
724.528564453125 153.63270568847656
745.9225463867188 151.280517578125
767.0241088867188 148.79522705078125
787.6364135742188 146.54676818847656
808.0309448242188 144.3505401611328
592.039794921875 194.13592529296875
615.4415893554688 191.13241577148438
638.4548950195312 188.2427215576172
661.1553344726562 185.37535095214844
683.4442138671875 182.5856170654297
705.3822631835938 179.87802124023438
726.9027099609375 177.3208770751953
748.188720703125 174.6802520751953
768.9885864257812 172.25027465820312
789.48486328125 169.70379638671875
809.576171875 167.36444091796875
595.6390991210938 218.3507080078125
618.7764892578125 215.22137451171875
641.614013671875 212.12234497070312
664.1015625 209.118896484375
686.2356567382812 206.19189453125
707.8917236328125 203.35562133789062
729.3260498046875 200.5225372314453
750.3388061523438 197.73641967773438
770.974609375 195.1536865234375
791.2919311523438 192.50982666015625
811.2416381835938 189.9326629638672
599.2383422851562 242.19989013671875
622.1748046875 238.8157501220703
644.7227783203125 235.5845184326172
667.0116577148438 232.46017456054688
688.8551635742188 229.39222717285156
710.418701171875 226.37979125976562
731.5679931640625 223.43609619140625
752.4271240234375 220.52420043945312
772.830322265625 217.67007446289062
792.9660034179688 214.9229736328125
812.6890258789062 212.24346923828125
602.664794921875 265.5930480957031
625.4342041015625 262.1226806640625
647.7793579101562 258.6868591308594
669.8418579101562 255.4350128173828
691.5662841796875 252.20770263671875
712.8439331054688 249.0194091796875
733.7935180664062 245.89517211914062
754.4735717773438 242.83897399902344
774.6812133789062 239.85731506347656
794.6162719726562 236.9656219482422
814.26806640625 234.13381958007812
606.18798828125 288.58953857421875
628.6455688476562 284.9977722167969
650.8248291015625 281.4759521484375
672.6402587890625 278.0616760253906
694.2405395507812 274.60675048828125
715.32763671875 271.3282165527344
736.1071166992188 268.0552978515625
756.4614868164062 264.8486022949219
776.5230102539062 261.7049865722656
796.3036499023438 258.6211853027344
815.60888671875 255.61740112304688