1 720 1333
705.6337280273438 402.6627502441406
724.4369506835938 400.2518615722656
742.5330200195312 397.7552185058594
760.3064575195312 395.4556579589844
777.4352416992188 393.2214050292969
794.134765625 390.9065856933594
810.379638671875 388.73876953125
826.1578369140625 386.65576171875
841.5057373046875 384.619384765625
856.4566040039062 382.61505126953125
871.0009765625 380.6531677246094
705.2662963867188 423.0456237792969
723.7513427734375 420.31634521484375
741.7442016601562 417.6195068359375
759.40771484375 415.07464599609375
776.4607543945312 412.5378112792969
793.03857421875 410.1087646484375
809.1649780273438 407.6441650390625
824.79052734375 405.3528747558594
840.2056884765625 403.0879211425781
855.01904296875 400.7863464355469
869.4864501953125 398.6492614746094
704.71630859375 443.0771484375
723.2626342773438 440.0979919433594
741.1726684570312 437.1937255859375
758.5064086914062 434.3717346191406
775.4954833984375 431.57684326171875
791.869384765625 428.859619140625
807.9595336914062 426.28436279296875
823.5630493164062 423.6730651855469
838.7737426757812 421.248046875
853.5645141601562 418.7314147949219
868.0556640625 416.39202880859375
704.383544921875 462.6911926269531
722.5763549804688 459.5226745605469
740.4251708984375 456.40966796875
757.668701171875 453.35498046875
774.5051879882812 450.3796081542969
790.8652954101562 447.44036865234375
806.7716674804688 444.5810241699219
822.3893432617188 441.80096435546875
837.4818115234375 439.1340026855469
852.2542114257812 436.45989990234375
866.4978637695312 433.8521728515625
703.8722534179688 482.0704040527344
722.0715942382812 478.6128234863281
739.650390625 475.3145446777344
756.8128662109375 472.0314636230469
773.5747680664062 468.76385498046875
789.7655029296875 465.6645202636719
805.6480102539062 462.5973815917969
821.1596069335938 459.6292724609375
836.206787109375 456.7304992675781
850.7029418945312 453.8591003417969
865.0479125976562 451.149169921875
703.4923095703125 501.0889587402344
721.5217895507812 497.4533386230469
739.0078735351562 493.8188781738281
756.1083984375 490.3873291015625
772.5996704101562 486.9822692871094
788.7394409179688 483.6343994140625
804.5113525390625 480.4265441894531
819.88037109375 477.24749755859375
834.815185546875 474.1429138183594
849.4202270507812 471.10382080078125
863.5487670898438 468.10693359375
703.1817016601562 519.7374267578125
720.9468994140625 515.883544921875
738.4067993164062 512.1526489257812
755.2947387695312 508.454833984375
771.6778564453125 504.8119812011719
787.705810546875 501.3367614746094
803.4297485351562 497.8326721191406
818.5993041992188 494.4953918457031
833.5243530273438 491.23760986328125
847.9645385742188 487.982666015625
862.1183471679688 484.81915283203125
702.6968383789062 538.1544799804688
720.4755249023438 534.1087646484375
737.640625 530.1548461914062
754.5029296875 526.2612915039062
770.7616577148438 522.4441528320312
786.715576171875 518.683349609375
802.3533935546875 515.0599975585938
817.4575805664062 511.4853210449219
832.2326049804688 507.9952087402344
846.53369140625 504.60137939453125
860.560546875 501.3105163574219