1 720 1333
477.5473937988281 265.3345642089844
496.6506652832031 266.7590637207031
516.4232788085938 268.4196472167969
536.7514038085938 270.0188293457031
557.7913818359375 271.66424560546875
579.6378784179688 273.4759826660156
602.3165893554688 275.3216857910156
625.6082763671875 277.2061462402344
649.7644653320312 279.24688720703125
674.8530883789062 281.297119140625
700.7608642578125 283.45159912109375
479.5038757324219 288.8824157714844
498.38922119140625 290.75531005859375
517.9090576171875 292.7034912109375
538.1544799804688 294.69775390625
558.9315795898438 296.781005859375
580.51318359375 298.9534912109375
602.8095092773438 301.2364807128906
625.9236450195312 303.5396728515625
649.8088989257812 305.9205322265625
674.5829467773438 308.4844055175781
700.2806396484375 311.09912109375
481.3700256347656 312.1501770019531
500.1147155761719 314.33514404296875
519.4471435546875 316.57940673828125
539.42919921875 318.9696960449219
560.0482788085938 321.4364929199219
581.4060668945312 323.9690856933594
603.4318237304688 326.5741882324219
626.3052368164062 329.3417663574219
649.7697143554688 332.19354248046875
674.3729248046875 335.0438537597656
699.5574951171875 338.0965576171875
483.240966796875 334.7548522949219
501.6570739746094 337.3647766113281
520.8389282226562 339.9678649902344
540.5782470703125 342.64031982421875
561.0419311523438 345.5052490234375
582.1956787109375 348.4315490722656
603.961181640625 351.41558837890625
626.5150146484375 354.51507568359375
649.8284912109375 357.69970703125
674.031982421875 360.998046875
698.9644165039062 364.4520568847656
484.9739990234375 356.98968505859375
503.39117431640625 359.8277587890625
522.3377075195312 362.76385498046875
541.808837890625 365.8570556640625
562.123291015625 369.03387451171875
582.8544311523438 372.2912902832031
604.5203857421875 375.6144104003906
626.7481689453125 379.1341857910156
649.7982788085938 382.6752624511719
673.6611328125 386.3475036621094
698.3629150390625 390.1205749511719
486.7421569824219 378.70343017578125
504.92181396484375 381.8995361328125
523.6576538085938 385.21649169921875
543.08544921875 388.55291748046875
563.1257934570312 392.03668212890625
583.66943359375 395.5946960449219
605.1123046875 399.31292724609375
627.1689453125 403.16015625
649.802978515625 407.06207275390625
673.445556640625 411.0130920410156
697.6742553710938 415.1719970703125
488.51971435546875 400.03289794921875
506.5108642578125 403.47698974609375
525.1464233398438 407.03961181640625
544.3419799804688 410.6959533691406
564.1946411132812 414.497802734375
584.522705078125 418.37762451171875
605.596923828125 422.3723449707031
627.452880859375 426.4831848144531
649.8840942382812 430.70391845703125
673.220947265625 435.04345703125
697.1859130859375 439.4974365234375
490.2680358886719 420.7851257324219
508.14471435546875 424.5838623046875
526.47265625 428.42657470703125
545.50732421875 432.3790283203125
565.1405029296875 436.43597412109375
585.4063110351562 440.5885925292969
606.2743530273438 444.8369445800781
627.705078125 449.2764587402344
649.96484375 453.75054931640625
672.8893432617188 458.3989562988281
696.5460815429688 463.1370849609375