1 720 1333
424.27386474609375 344.5752868652344
451.1543273925781 323.5341491699219
476.54443359375 303.6098327636719
500.62774658203125 284.7534484863281
523.5064086914062 266.87255859375
545.2177734375 250.01791381835938
565.6937866210938 233.97348022460938
585.3714599609375 218.7104034423828
603.97119140625 204.36968994140625
621.6370239257812 190.54640197753906
638.4749755859375 177.54031372070312
438.0841369628906 369.914306640625
463.576171875 348.9608154296875
487.7498474121094 329.09619140625
510.7457580566406 310.214599609375
532.6047973632812 292.3097229003906
553.394287109375 275.239501953125
573.1746826171875 259.087158203125
591.9208374023438 243.70230102539062
609.913330078125 229.12887573242188
626.8975219726562 215.25962829589844
643.2696533203125 201.87930297851562
450.952392578125 393.4627990722656
475.3040466308594 372.59039306640625
498.34844970703125 352.75579833984375
520.3305053710938 333.9433288574219
541.2294311523438 316.0249938964844
561.1171875 298.9615173339844
580.1490478515625 282.6640319824219
598.2637939453125 267.268798828125
615.54541015625 252.51345825195312
632.0028076171875 238.45838928222656
647.6791381835938 225.05352783203125
463.03118896484375 415.3897399902344
486.20556640625 394.6797180175781
508.2716979980469 375.01348876953125
529.2914428710938 356.2682800292969
549.323974609375 338.3705139160156
568.43115234375 321.3123474121094
586.6604614257812 305.0345764160156
604.209716796875 289.4392395019531
620.8215942382812 274.6590270996094
636.7611083984375 260.4403991699219
651.9867553710938 246.88882446289062
474.3065185546875 435.77740478515625
496.4461669921875 415.34954833984375
517.5084838867188 395.76922607421875
537.6293334960938 377.19525146484375
556.9195556640625 359.34075927734375
575.3338012695312 342.3511657714844
592.8945922851562 326.05126953125
609.7206420898438 310.5009460449219
625.927001953125 295.5630187988281
641.3344116210938 281.37445068359375
656.0889282226562 267.6328430175781
484.80029296875 454.8902893066406
506.0751037597656 434.6508483886719
526.3029174804688 415.3167419433594
545.6043701171875 396.77587890625
564.1673583984375 379.13232421875
581.7857055664062 362.1880798339844
598.7620239257812 345.88067626953125
615.12890625 330.3650817871094
630.6622924804688 315.4978942871094
645.6046142578125 301.1130676269531
659.8635864257812 287.4676208496094
494.7591552734375 472.76519775390625
515.1544189453125 452.74224853515625
534.530029296875 433.6310119628906
553.1671142578125 415.3382568359375
570.894287109375 397.6931457519531
588.003173828125 380.82269287109375
604.3984985351562 364.62225341796875
620.1232299804688 349.1657409667969
635.252685546875 334.24188232421875
649.6080932617188 319.9272766113281
663.5245361328125 306.14935302734375
504.18463134765625 489.560791015625
523.649658203125 469.8173522949219
542.3827514648438 450.86083984375
560.2998046875 432.71710205078125
577.4383544921875 415.2991943359375
593.8251342773438 398.5331726074219
609.637939453125 382.4512939453125
624.7838745117188 366.92730712890625
639.421142578125 352.1197814941406
653.423095703125 337.7209167480469
666.8045654296875 324.03350830078125