1 720 1333
437.7332763671875 60.80755615234375
454.2002868652344 71.09083557128906
470.63623046875 81.35696411132812
487.2227478027344 91.6494140625
503.77337646484375 102.07061004638672
520.459716796875 112.48526000976562
537.1624145507812 122.9115219116211
553.833984375 133.443603515625
570.599365234375 143.8810577392578
587.4280395507812 154.47291564941406
604.2449340820312 165.0291290283203
426.2327575683594 76.24140930175781
442.6744689941406 86.44628143310547
459.2671203613281 96.77497100830078
475.7785339355469 107.18931579589844
492.49981689453125 117.6080093383789
509.2240295410156 128.14044189453125
525.926025390625 138.61798095703125
542.6972045898438 149.17642211914062
559.5327758789062 159.65908813476562
576.40087890625 170.33102416992188
593.3076782226562 180.87501525878906
414.576416015625 91.61873626708984
431.1108093261719 101.96759033203125
447.6655578613281 112.40254211425781
464.3775939941406 122.79629516601562
481.0771484375 133.36241149902344
497.8214416503906 143.8327178955078
514.64404296875 154.43177795410156
531.4928588867188 165.05563354492188
548.3773193359375 175.60244750976562
565.2861328125 186.3169403076172
582.2631225585938 196.90980529785156
402.78271484375 107.3216552734375
419.432373046875 117.63264465332031
436.0848693847656 128.1511993408203
452.7485656738281 138.5977783203125
469.5601806640625 149.24134826660156
486.4033203125 159.74209594726562
503.2732238769531 170.4396209716797
520.2048950195312 181.06919860839844
537.0989379882812 191.6849365234375
554.06103515625 202.41624450683594
571.0537109375 213.16610717773438
391.070556640625 123.02098083496094
407.6267395019531 133.4956817626953
424.36083984375 143.99649047851562
441.1739807128906 154.57766723632812
457.93792724609375 165.24220275878906
474.8146057128906 175.819091796875
491.743408203125 186.5115509033203
508.68255615234375 197.2436981201172
525.6829223632812 207.87722778320312
542.7415771484375 218.64840698242188
559.7550659179688 229.45765686035156
379.1514587402344 138.9242401123047
395.77587890625 149.43682861328125
412.5525817871094 160.0673370361328
429.39593505859375 170.64744567871094
446.3170166015625 181.39959716796875
463.2428283691406 192.07269287109375
480.2523193359375 202.7903594970703
497.2504577636719 213.54986572265625
514.2882080078125 224.36376953125
531.3494262695312 235.17483520507812
548.4625244140625 245.97174072265625
367.1824645996094 154.9710693359375
383.8451843261719 165.5369110107422
400.6319274902344 176.21255493164062
417.582763671875 186.89002990722656
434.5323486328125 197.62989807128906
451.50067138671875 208.45419311523438
468.5196838378906 219.25567626953125
485.61895751953125 230.07394409179688
502.6995544433594 240.82583618164062
519.8700561523438 251.72154235839844
537.0498046875 262.6107177734375
355.09613037109375 171.20004272460938
371.8249816894531 181.74009704589844
388.6934509277344 192.52149963378906
405.6366271972656 203.28187561035156
422.6346740722656 214.1327667236328
439.6907653808594 224.87522888183594
456.81707763671875 235.76817321777344
473.98016357421875 246.65911865234375
491.17626953125 257.5993957519531
508.3591003417969 268.5169982910156
525.5626220703125 279.479248046875