1 720 1333
465.75482177734375 289.03570556640625
486.9022216796875 283.4371032714844
507.652099609375 277.8800048828125
528.2207641601562 272.5061340332031
548.3931884765625 267.1944580078125
568.2156372070312 261.8736267089844
587.6930541992188 256.7298889160156
606.9937744140625 251.68576049804688
625.9177856445312 246.7225341796875
644.5630493164062 241.843017578125
662.885009765625 237.15087890625
471.27459716796875 306.4072265625
491.822998046875 300.7666931152344
512.223388671875 295.3044128417969
532.228759765625 289.8038024902344
551.9099731445312 284.495849609375
571.3782348632812 279.24090576171875
590.498779296875 274.0497741699219
609.3588256835938 268.9372253417969
627.8787231445312 263.99688720703125
646.2588500976562 259.0650634765625
664.2324829101562 254.30209350585938
476.5105895996094 323.1390686035156
496.623046875 317.4931640625
516.499267578125 311.9164123535156
536.093017578125 306.5143127441406
555.402587890625 301.18243408203125
574.3887939453125 295.8167724609375
593.126953125 290.63812255859375
611.5985107421875 285.55230712890625
629.8072509765625 280.5590515136719
647.6864013671875 275.60614013671875
665.40771484375 270.7648620605469
481.54559326171875 339.13946533203125
501.2854309082031 333.49310302734375
520.6203002929688 327.98272705078125
539.7811279296875 322.5392761230469
558.6937866210938 317.2177734375
577.3109130859375 311.8699645996094
595.6568603515625 306.68017578125
613.765380859375 301.5604248046875
631.656494140625 296.55865478515625
649.2759399414062 291.5856018066406
666.51416015625 286.6981201171875
486.41021728515625 354.4687194824219
505.6253967285156 348.8663635253906
524.6456298828125 343.4205017089844
543.4091796875 337.9168701171875
561.89892578125 332.5460205078125
580.1760864257812 327.3213806152344
598.2018432617188 322.1118469238281
615.8707275390625 316.9637756347656
633.4407958984375 311.91033935546875
650.620361328125 306.9474792480469
667.6177978515625 302.0518798828125
491.0775146484375 369.2830505371094
509.89422607421875 363.65771484375
528.5320434570312 358.24127197265625
546.8421630859375 352.7267761230469
565.0319213867188 347.4339599609375
582.841796875 342.16796875
600.4920043945312 336.8825378417969
617.889404296875 331.7640686035156
635.1524658203125 326.73004150390625
652.0323486328125 321.7118835449219
668.623779296875 316.8094177246094
495.5707702636719 383.4457702636719
514.0177001953125 377.8696594238281
532.2992553710938 372.4293212890625
550.26025390625 367.02093505859375
567.9971923828125 361.63409423828125
585.512939453125 356.4184875488281
602.77392578125 351.2136535644531
619.8578491210938 346.0815124511719
636.6900634765625 340.99627685546875
653.3662719726562 335.9544677734375
669.67529296875 331.07586669921875
499.8781433105469 397.1282958984375
517.9760131835938 391.5673828125
535.81640625 386.1863098144531
553.4525756835938 380.7232360839844
570.855712890625 375.4327087402344
588.0836181640625 370.1581726074219
605.010009765625 364.90264892578125
621.7294311523438 359.76702880859375
638.304443359375 354.68133544921875
654.5478515625 349.6769714355469
670.5827026367188 344.72161865234375