1 720 1333
558.5963134765625 264.2138366699219
576.3394165039062 267.4110107421875
593.190673828125 270.4294128417969
609.3677978515625 273.39471435546875
624.7886352539062 276.20086669921875
639.6593017578125 278.90106201171875
653.8185424804688 281.4992370605469
667.5299682617188 284.0634460449219
680.61669921875 286.4687194824219
693.2642822265625 288.77496337890625
705.287353515625 291.01226806640625
555.5491333007812 285.6597595214844
573.2282104492188 288.3659362792969
590.16162109375 290.92218017578125
606.3382568359375 293.42071533203125
621.810302734375 295.8002624511719
636.6319580078125 298.10772705078125
650.9141235351562 300.3225402832031
664.6009521484375 302.4200439453125
677.7393188476562 304.4787292480469
690.377197265625 306.4576110839844
702.482666015625 308.356201171875
552.4912719726562 306.9996337890625
570.23291015625 309.2492980957031
587.1156005859375 311.37603759765625
603.3502197265625 313.4079895019531
618.8287353515625 315.3462829589844
633.6984252929688 317.2480773925781
648.0206909179688 319.0181579589844
661.7300415039062 320.7123718261719
674.9124145507812 322.45623779296875
687.5367431640625 324.0681457519531
699.6382446289062 325.58447265625
549.4876708984375 328.2701416015625
567.2426147460938 329.94598388671875
584.1714477539062 331.59710693359375
600.3779907226562 333.294677734375
615.89599609375 334.72344970703125
630.8084106445312 336.2862548828125
645.1575317382812 337.6239013671875
658.8416748046875 338.9835510253906
672.0943603515625 340.36492919921875
684.70263671875 341.5556945800781
696.8319091796875 342.7119140625
546.5474853515625 349.367919921875
564.3051147460938 350.5704345703125
581.2359008789062 351.72247314453125
597.4553833007812 352.9402770996094
613.07080078125 354.09173583984375
627.9150390625 355.21728515625
642.3093872070312 356.2323303222656
656.0393676757812 357.2024230957031
669.3019409179688 358.1805725097656
681.87060546875 358.9801330566406
694.1209716796875 359.8087463378906
543.6475219726562 370.3243408203125
561.4006958007812 371.1212158203125
578.3484497070312 371.7840270996094
594.56982421875 372.533203125
610.1776733398438 373.32598876953125
625.110107421875 373.8815002441406
639.41162109375 374.5502624511719
653.2460327148438 375.25811767578125
666.4256591796875 375.7121276855469
679.166748046875 376.40863037109375
691.323486328125 376.8348388671875
540.7816772460938 391.0960998535156
558.511962890625 391.4269104003906
575.4951782226562 391.6552429199219
591.699462890625 392.0433044433594
607.3399658203125 392.3939514160156
622.2622680664062 392.5782470703125
636.5784301757812 392.8066101074219
650.3458862304688 393.1585388183594
663.6106567382812 393.3959045410156
676.3035888671875 393.55303955078125
688.5521850585938 393.6988525390625
538.0004272460938 411.62347412109375
555.7288818359375 411.5616149902344
572.631103515625 411.46368408203125
588.9408569335938 411.40899658203125
604.4929809570312 411.3125
619.4492797851562 411.1650695800781
633.7168579101562 410.9883728027344
647.5457763671875 410.85595703125
660.736083984375 410.7127990722656
673.4771728515625 410.61004638671875
685.6861572265625 410.4956359863281