1 720 1333
613.4974975585938 235.63766479492188
629.28857421875 232.0762939453125
644.4458618164062 228.568115234375
659.3261108398438 225.3018341064453
673.5623168945312 222.0476531982422
687.5174560546875 218.8846893310547
701.1487426757812 215.8495330810547
714.3466186523438 212.90817260742188
727.135986328125 210.15089416503906
739.5435180664062 207.34181213378906
751.5584716796875 204.6302032470703
614.8909301757812 253.6295623779297
630.441162109375 249.8109588623047
645.4608154296875 246.2445068359375
660.0877685546875 242.62185668945312
674.322265625 239.26052856445312
687.995849609375 235.86744689941406
701.4454345703125 232.63504028320312
714.4393310546875 229.5498809814453
727.2294921875 226.47959899902344
739.4401245117188 223.52978515625
751.4664306640625 220.6420135498047
616.4147338867188 271.3006591796875
631.6044311523438 267.29791259765625
646.466796875 263.39764404296875
660.816162109375 259.6348571777344
674.834228515625 256.0422668457031
688.50439453125 252.50697326660156
701.7177124023438 249.1032257080078
714.5816040039062 245.73342895507812
727.2549438476562 242.55078125
739.4089965820312 239.43670654296875
751.2265625 236.37547302246094
617.6925048828125 288.49127197265625
632.7866821289062 284.3173828125
647.4713134765625 280.2659606933594
661.6865844726562 276.2954406738281
675.528564453125 272.4747619628906
688.9578857421875 268.7144775390625
702.1357421875 265.1864013671875
714.7448120117188 261.62213134765625
727.2533569335938 258.2752685546875
739.2999877929688 254.88450622558594
750.885986328125 251.68829345703125
619.238037109375 305.2832336425781
633.9912109375 300.8414001464844
648.4566650390625 296.6105651855469
662.4985961914062 292.5306091308594
676.2468872070312 288.49346923828125
689.454833984375 284.6253967285156
702.449462890625 280.8121032714844
714.9645385742188 277.21728515625
727.3292236328125 273.5782775878906
739.1864013671875 270.1676025390625
750.6808471679688 266.6824645996094
620.4756469726562 321.6461181640625
635.2289428710938 317.1443176269531
649.4171752929688 312.66021728515625
663.3990478515625 308.3926086425781
676.7291870117188 304.2503356933594
689.896484375 300.171875
702.6361694335938 296.25714111328125
715.2474365234375 292.378662109375
727.3045654296875 288.6254577636719
739.1029663085938 284.9521179199219
750.4879760742188 281.4812927246094
621.7813720703125 337.6473388671875
636.3372192382812 332.9398193359375
650.4189453125 328.3692321777344
664.0673217773438 323.8742370605469
677.4555053710938 319.5396728515625
690.4027099609375 315.34814453125
703.0262451171875 311.2641296386719
715.3220825195312 307.2760925292969
727.3487548828125 303.3693542480469
738.823974609375 299.59124755859375
750.3180541992188 295.8216247558594
623.2205810546875 353.32635498046875
637.4658813476562 348.4252624511719
651.3541259765625 343.65374755859375
664.7947998046875 339.0597229003906
677.9601440429688 334.5541076660156
690.759521484375 330.193115234375
703.2911987304688 325.90521240234375
715.4236450195312 321.7700500488281
727.2525024414062 317.7074279785156
738.685546875 313.754638671875
749.8744506835938 309.9607238769531