1 720 1333
505.4224853515625 204.52603149414062
513.5698852539062 188.86280822753906
521.8198852539062 173.00791931152344
530.3052978515625 156.9245147705078
538.8215942382812 140.63076782226562
547.4803466796875 124.1710433959961
556.3510131835938 107.42627716064453
565.2717895507812 90.43758392333984
574.3410034179688 73.27422332763672
583.576171875 55.798973083496094
592.9171142578125 38.28813934326172
516.3824462890625 213.1352081298828
524.6553955078125 197.30430603027344
533.1929931640625 181.36492919921875
541.7091064453125 165.12257385253906
550.4576416015625 148.64585876464844
559.3970336914062 132.12451171875
568.3529663085938 115.20240020751953
577.4942626953125 98.07703399658203
586.7098388671875 80.6632308959961
596.2247924804688 63.19131851196289
605.7313842773438 45.38631820678711
527.554443359375 221.75990295410156
536.1197509765625 205.92767333984375
544.7083129882812 189.7920379638672
553.4848022460938 173.5101776123047
562.4703979492188 156.94009399414062
571.4749755859375 140.16566467285156
580.6707153320312 123.15531921386719
590.0200805664062 105.81465911865234
599.4727172851562 88.38008880615234
609.1414184570312 70.62364959716797
618.8834228515625 52.663780212402344
539.0504760742188 230.77362060546875
547.6878051757812 214.72154235839844
556.5454711914062 198.55140686035156
565.551025390625 182.1016082763672
574.5962524414062 165.39512634277344
583.9154052734375 148.46749877929688
593.3313598632812 131.31472778320312
602.8290405273438 113.82243347167969
612.5081176757812 96.24410247802734
622.3994140625 78.35769653320312
632.3783569335938 60.238555908203125
550.7112426757812 239.9074249267578
559.6105346679688 223.78233337402344
568.6349487304688 207.44708251953125
577.8090209960938 190.84083557128906
587.2367553710938 174.0737762451172
596.6227416992188 156.95309448242188
606.2943115234375 139.6470489501953
615.9633178710938 122.1163330078125
625.8336791992188 104.27381134033203
635.9661865234375 86.2498550415039
646.235595703125 67.9329833984375
562.71337890625 249.36338806152344
571.7745971679688 233.09222412109375
581.133056640625 216.59031677246094
590.4784545898438 199.85903930664062
600.01904296875 182.8721923828125
609.6856079101562 165.68673706054688
619.4971923828125 148.25631713867188
629.5113525390625 130.54872131347656
639.6041259765625 112.52747344970703
649.8970947265625 94.36241912841797
660.41748046875 75.85062408447266
575.0253295898438 258.9409484863281
584.365478515625 242.55606079101562
593.7379760742188 225.9027557373047
603.4039306640625 209.1005401611328
613.2162475585938 192.0288543701172
623.1005859375 174.64088439941406
633.169189453125 157.10345458984375
643.3518676757812 139.21682739257812
653.6800537109375 121.08558654785156
664.303466796875 102.67596435546875
674.947265625 84.0241470336914
587.5872802734375 268.7658996582031
597.11376953125 252.31097412109375
606.7478637695312 235.52883911132812
616.6163940429688 218.52813720703125
626.61181640625 201.326416015625
636.7715454101562 183.8319091796875
647.1051635742188 166.11807250976562
657.5555419921875 148.12474060058594
668.232421875 129.76345825195312
678.98095703125 111.31604766845703
689.9051513671875 92.47162628173828