1 720 1333
543.2105712890625 194.8292999267578
561.1219482421875 187.20668029785156
578.93359375 179.5076904296875
596.735107421875 171.84544372558594
614.6114501953125 164.23611450195312
632.3790893554688 156.607666015625
650.18798828125 149.04014587402344
667.7874755859375 141.50924682617188
685.482177734375 133.96202087402344
703.1048583984375 126.48180389404297
720.5756225585938 119.02296447753906
551.0469360351562 211.37274169921875
568.5274047851562 203.79673767089844
586.1204833984375 196.2978057861328
603.5370483398438 188.7289276123047
621.0679931640625 181.30174255371094
638.4605102539062 173.77818298339844
655.8361206054688 166.39939880371094
673.2665405273438 158.90391540527344
690.513671875 151.59661865234375
707.76123046875 144.27117919921875
724.9921264648438 136.9199981689453
558.5632934570312 227.2359619140625
575.6978149414062 219.78810119628906
592.8858642578125 212.41888427734375
610.1134643554688 205.0617218017578
627.25 197.6370849609375
644.3549194335938 190.37387084960938
661.4246826171875 183.06735229492188
678.433837890625 175.73513793945312
695.4388427734375 168.520751953125
712.380126953125 161.32093811035156
729.2879028320312 154.12030029296875
565.7666625976562 242.5234832763672
582.6748657226562 235.28378295898438
599.5272216796875 227.94363403320312
616.3916015625 220.69744873046875
633.2434692382812 213.484130859375
649.9740600585938 206.3401336669922
666.732666015625 199.18850708007812
683.4746704101562 191.9816436767578
700.1580200195312 184.85789489746094
716.6952514648438 177.7575225830078
733.3139038085938 170.67263793945312
572.7645874023438 257.2804870605469
589.381103515625 250.0922088623047
605.8567504882812 242.9376678466797
622.4261474609375 235.81112670898438
638.9360961914062 228.71307373046875
655.4239501953125 221.64718627929688
671.8556518554688 214.61105346679688
688.3180541992188 207.5928955078125
704.6502685546875 200.6179656982422
720.9417114257812 193.6180877685547
737.2654418945312 186.6352081298828
579.5343627929688 271.4711608886719
595.7636108398438 264.45855712890625
612.0679321289062 257.431884765625
628.323486328125 250.42616271972656
644.519775390625 243.4568634033203
660.6583251953125 236.51644897460938
676.801025390625 229.58200073242188
692.9456176757812 222.6707000732422
709.0376586914062 215.77101135253906
725.0791625976562 208.9236297607422
741.0194091796875 202.1366424560547
586.083251953125 285.2248840332031
602.0300903320312 278.30780029296875
617.9946899414062 271.38763427734375
633.924072265625 264.4902648925781
649.8309326171875 257.62884521484375
665.7307739257812 250.78927612304688
681.611572265625 244.01747131347656
697.4910278320312 237.2250213623047
713.3045654296875 230.44796752929688
728.9719848632812 223.66883850097656
744.6573486328125 216.93565368652344
592.3374633789062 298.44012451171875
608.0162963867188 291.63165283203125
623.6828002929688 284.8676452636719
639.4085083007812 278.131103515625
655.0983276367188 271.3871765136719
670.6402587890625 264.6288146972656
686.2877197265625 257.8908996582031
701.8082275390625 251.26905822753906
717.3373413085938 244.5674285888672
732.706298828125 237.89373779296875
748.2158203125 231.29815673828125