1 720 1333
475.1563720703125 136.4944610595703
489.2718811035156 152.24896240234375
503.1477355957031 167.61463928222656
516.768310546875 182.82298278808594
530.2953491210938 197.7528076171875
543.5050048828125 212.4735870361328
556.5340576171875 226.91250610351562
569.3861083984375 241.19776916503906
581.9860229492188 255.24517822265625
594.4402465820312 268.9496154785156
606.67138671875 282.55340576171875
464.120849609375 148.81216430664062
478.1046447753906 164.20138549804688
491.8041076660156 179.3178253173828
505.39178466796875 194.17327880859375
518.7156372070312 208.75083923339844
531.8215942382812 223.21534729003906
544.7471313476562 237.3394012451172
557.4795532226562 251.28756713867188
569.982421875 265.0296325683594
582.3548583984375 278.52374267578125
594.5112915039062 291.79107666015625
453.4364318847656 160.70828247070312
467.2824401855469 175.79673767089844
480.80670166015625 190.5464630126953
494.3491516113281 205.14846801757812
507.51519775390625 219.4793243408203
520.5387573242188 233.5345916748047
533.3759765625 247.4405975341797
545.917724609375 261.10797119140625
558.381591796875 274.5411376953125
570.6093139648438 287.77142333984375
582.6632690429688 300.8292236328125
443.0509033203125 172.3914794921875
456.72491455078125 187.04530334472656
470.3028259277344 201.537353515625
483.5198669433594 215.75877380371094
496.63018798828125 229.7748565673828
509.55706787109375 243.6229248046875
522.2992553710938 257.2680969238281
534.7178344726562 270.6196594238281
547.0955200195312 283.8128662109375
559.2669067382812 296.7963562011719
571.25048828125 309.59954833984375
433.04541015625 183.57919311523438
446.54766845703125 198.0435791015625
459.9449157714844 212.23069763183594
473.1783447265625 226.12850952148438
486.11785888671875 239.88299560546875
498.87152099609375 253.4501190185547
511.4781188964844 266.73828125
523.8611450195312 279.84649658203125
536.1590576171875 292.8323974609375
548.21240234375 305.5736999511719
560.1212158203125 318.1723937988281
423.28753662109375 194.5471649169922
436.6938171386719 208.60516357421875
449.8981628417969 222.50439453125
463.00244140625 236.275390625
475.87628173828125 249.65771484375
488.5374450683594 262.9541931152344
501.082275390625 276.03802490234375
513.3715209960938 288.8838806152344
525.48974609375 301.5881652832031
537.4586181640625 314.13665771484375
549.2698974609375 326.43994140625
413.7938232421875 205.15579223632812
427.1427307128906 218.94137573242188
440.3083190917969 232.5790557861328
453.2418518066406 245.93673706054688
465.9325866699219 259.23992919921875
478.5268859863281 272.2106628417969
490.9108581542969 285.0450439453125
503.1676025390625 297.6318054199219
515.2119750976562 310.163818359375
527.0582275390625 322.3936462402344
538.7315063476562 334.4818115234375
404.60009765625 215.44334411621094
417.7912292480469 229.0294952392578
430.77490234375 242.33445739746094
443.6444091796875 255.51356506347656
456.3472595214844 268.4252014160156
468.7486267089844 281.24310302734375
481.12432861328125 293.69830322265625
493.2567443847656 306.19512939453125
505.1828918457031 318.3866271972656
516.9722900390625 330.42071533203125
528.5758666992188 342.2810974121094