1 720 1333
559.8278198242188 188.3077850341797
575.8956298828125 200.23924255371094
591.093994140625 211.51866149902344
605.45703125 222.27590942382812
619.1123657226562 232.4235382080078
632.0291137695312 242.05999755859375
644.3941040039062 251.28990173339844
656.14990234375 260.0133056640625
667.3434448242188 268.404296875
677.9556884765625 276.35089111328125
688.1827392578125 283.90240478515625
544.2931518554688 205.6046905517578
560.5711059570312 216.9913330078125
576.0173950195312 227.69944763183594
590.619140625 237.90553283691406
604.5547485351562 247.5931396484375
617.735595703125 256.7834777832031
630.3681640625 265.5867614746094
642.3838500976562 273.98406982421875
653.7755737304688 281.96539306640625
664.6964111328125 289.5775451660156
675.1626586914062 296.8155212402344
528.9485473632812 222.65188598632812
545.5286254882812 233.4891815185547
561.2861938476562 243.69248962402344
576.1687622070312 253.4434814453125
590.3319091796875 262.6380920410156
603.716796875 271.4344482421875
616.5824584960938 279.7477722167969
628.7755737304688 287.73382568359375
640.4946899414062 295.4287414550781
651.6456298828125 302.63421630859375
662.3261108398438 309.5929870605469
513.903076171875 239.46470642089844
530.734619140625 249.6993408203125
546.6921997070312 259.44635009765625
561.8211669921875 268.66162109375
576.2799682617188 277.4942321777344
589.9155883789062 285.7781677246094
603.0152587890625 293.755126953125
615.4973754882812 301.4212341308594
627.4234619140625 308.6584167480469
638.7259521484375 315.5850524902344
649.5849609375 322.2243347167969
499.2663879394531 255.90362548828125
516.3326416015625 265.6767272949219
532.463134765625 274.9142150878906
547.84521484375 283.6748352050781
562.4727783203125 292.0671691894531
576.4050903320312 300.0024108886719
589.6490478515625 307.562744140625
602.3790893554688 314.7955322265625
614.4966430664062 321.7514953613281
626.0497436523438 328.34271240234375
637.1206665039062 334.6011657714844
484.7503967285156 272.1534118652344
502.1148681640625 281.4355773925781
518.4784545898438 290.1934814453125
534.1055297851562 298.490234375
548.880126953125 306.4333190917969
563.0960083007812 313.9370422363281
576.5252685546875 321.1855773925781
589.433349609375 328.0892028808594
601.7294921875 334.6213073730469
613.5088500976562 340.8503112792969
624.73193359375 346.80401611328125
470.6490783691406 288.0838623046875
488.24481201171875 296.8002624511719
504.7333068847656 305.1608581542969
520.57666015625 313.0531005859375
535.61181640625 320.55157470703125
549.965576171875 327.6683349609375
563.6409301757812 334.5173645019531
576.6818237304688 341.05731201171875
589.2188720703125 347.3367614746094
601.1761474609375 353.2434387207031
612.58544921875 358.8592529296875
456.8206787109375 303.6900939941406
474.5470886230469 312.03387451171875
491.3664245605469 319.8181457519531
507.3500061035156 327.375732421875
522.5610961914062 334.4571533203125
537.11474609375 341.2795715332031
550.9279174804688 347.6348876953125
564.232177734375 353.79278564453125
576.82958984375 359.69476318359375
588.9486083984375 365.3773498535156
600.5864868164062 370.6896057128906