1 720 1333
503.49737548828125 161.23777770996094
514.2548217773438 167.64288330078125
525.2728271484375 174.3326416015625
536.4907836914062 181.05160522460938
548.0780029296875 187.9749298095703
559.8108520507812 195.1073455810547
571.9661865234375 202.3813018798828
584.41455078125 209.77545166015625
597.0922241210938 217.46034240722656
610.161865234375 225.31906127929688
623.5322265625 233.34722900390625
498.00189208984375 177.02272033691406
508.5946350097656 183.58047485351562
519.4344482421875 190.35391235351562
530.5350341796875 197.2451934814453
541.845947265625 204.30018615722656
553.5521240234375 211.509033203125
565.4465942382812 218.86346435546875
577.6392822265625 226.47923278808594
590.1521606445312 234.29373168945312
602.9970703125 242.2632293701172
616.2392578125 250.44358825683594
492.6314697265625 192.5410919189453
503.0708923339844 199.294189453125
513.7095947265625 206.1248016357422
524.634033203125 213.14427185058594
535.8203735351562 220.3201141357422
547.3312377929688 227.6303253173828
559.0614013671875 235.22206115722656
571.091064453125 242.86221313476562
583.3778076171875 250.77261352539062
596.020263671875 258.9273681640625
608.9378662109375 267.240478515625
487.3326721191406 207.83596801757812
497.59405517578125 214.6389617919922
508.158935546875 221.6348876953125
518.8592529296875 228.73060607910156
529.8724365234375 236.0887451171875
541.22314453125 243.5269317626953
552.6871337890625 251.24183654785156
564.53271484375 259.02392578125
576.6343383789062 267.08587646484375
589.1430053710938 275.32159423828125
601.852783203125 283.740966796875
482.1557312011719 222.8980712890625
492.2815246582031 229.83509826660156
502.6095886230469 236.90872192382812
513.2401733398438 244.21636962890625
524.1239624023438 251.5747528076172
535.2088623046875 259.2306213378906
546.5473022460938 266.91168212890625
558.2191162109375 274.88604736328125
570.1296997070312 283.0704040527344
582.3753051757812 291.4205322265625
594.8997192382812 299.9759216308594
477.0143737792969 237.71810913085938
487.0096435546875 244.7445526123047
497.22198486328125 251.92967224121094
507.6089172363281 259.3219909667969
518.3793334960938 266.8294677734375
529.30615234375 274.534423828125
540.4813842773438 282.4372253417969
551.9150390625 290.4913024902344
563.657958984375 298.742431640625
575.68994140625 307.2674865722656
588.1386108398438 315.97216796875
471.919677734375 252.33273315429688
481.7514953613281 259.455078125
491.825439453125 266.70294189453125
502.2015075683594 274.2434387207031
512.673583984375 281.7826232910156
523.498291015625 289.626708984375
534.525146484375 297.62103271484375
545.8084716796875 305.8123474121094
557.404052734375 314.2460021972656
569.3406372070312 322.7835998535156
581.4759521484375 331.60723876953125
467.0120544433594 266.63568115234375
476.66485595703125 273.8498840332031
486.6123962402344 281.3240051269531
496.7586975097656 288.81036376953125
507.23919677734375 296.596435546875
517.7521362304688 304.47735595703125
528.6929321289062 312.6025695800781
539.8289794921875 320.8544616699219
551.2952270507812 329.40118408203125
562.9720458984375 338.1007080078125
574.9928588867188 346.9893798828125