1 720 1333
362.7363586425781 296.5087890625
381.94903564453125 303.392578125
401.05523681640625 310.2020263671875
420.0940856933594 316.90289306640625
438.8338623046875 323.57550048828125
457.52996826171875 330.2709655761719
476.11376953125 336.79864501953125
494.4945983886719 343.41046142578125
512.7198486328125 349.82916259765625
530.883056640625 356.3356018066406
548.8933715820312 362.67034912109375
357.8540954589844 314.55609130859375
376.9560852050781 321.2850341796875
395.9593200683594 327.9528503417969
414.76507568359375 334.5639953613281
433.53570556640625 341.190673828125
452.107177734375 347.67047119140625
470.514404296875 354.1991882324219
488.81842041015625 360.57794189453125
506.951904296875 367.00628662109375
525.0155639648438 373.3608703613281
542.9339599609375 379.59930419921875
353.0794982910156 332.315673828125
372.08636474609375 338.9380187988281
390.8758239746094 345.4820251464844
409.6266174316406 351.9905090332031
428.2709655761719 358.4926452636719
446.7070617675781 364.88079833984375
465.050537109375 371.3075256347656
483.2827453613281 377.6121826171875
501.3362731933594 383.8771057128906
519.2628173828125 390.164794921875
537.0430297851562 396.33795166015625
348.379150390625 349.8487243652344
367.236328125 356.3582458496094
385.9752197265625 362.7842712402344
404.53887939453125 369.234130859375
423.10748291015625 375.57269287109375
441.42919921875 381.893310546875
459.60736083984375 388.1629638671875
477.6907043457031 394.3960876464844
495.6638488769531 400.5692443847656
513.5568237304688 406.68280029296875
531.273193359375 412.7243957519531
343.690673828125 367.114990234375
362.4588928222656 373.51806640625
381.1184997558594 379.81451416015625
399.5712585449219 386.1882019042969
417.97491455078125 392.4356689453125
436.25439453125 398.628662109375
454.3757019042969 404.8042907714844
472.3470764160156 410.8996887207031
490.2370910644531 416.9989929199219
507.8729553222656 423.0026550292969
525.5264282226562 428.9708557128906
339.1744079589844 384.2030944824219
357.71630859375 390.43060302734375
376.31280517578125 396.68218994140625
394.64764404296875 402.85772705078125
412.9411315917969 409.0452575683594
431.1253356933594 415.1741943359375
449.1233825683594 421.23968505859375
467.01080322265625 427.2630920410156
484.6892395019531 433.2063293457031
502.43389892578125 439.139892578125
519.8803100585938 444.9545593261719
334.66693115234375 400.8717346191406
353.18365478515625 407.1826477050781
371.5726623535156 413.2828063964844
389.7855224609375 419.37200927734375
408.08935546875 425.4424133300781
426.0392150878906 431.4050598144531
443.96612548828125 437.37457275390625
461.70880126953125 443.2828063964844
479.43212890625 449.17974853515625
496.94903564453125 454.9129638671875
514.4297485351562 460.6834716796875
330.29486083984375 417.49609375
348.6520080566406 423.5543212890625
366.8526611328125 429.60430908203125
385.16583251953125 435.61578369140625
403.19354248046875 441.5450439453125
421.13702392578125 447.4570007324219
438.8902587890625 453.2749938964844
456.6241149902344 459.0985412597656
474.2304382324219 464.8372802734375
491.6533203125 470.5238037109375
508.935791015625 476.21417236328125