1 720 1333
513.6199951171875 210.23880004882812
524.641357421875 195.14564514160156
535.8297729492188 179.89373779296875
547.2042846679688 164.5570831298828
558.5863037109375 149.03860473632812
570.217041015625 133.3917999267578
581.8276977539062 117.52320098876953
593.6633911132812 101.55387115478516
605.610107421875 85.40767669677734
617.6780395507812 69.14584350585938
629.8673095703125 52.698822021484375
529.1669311523438 221.9962615966797
540.199951171875 207.171875
551.3661499023438 192.1400604248047
562.6151733398438 176.9201202392578
574.10595703125 161.59178161621094
585.6210327148438 146.1851043701172
597.33837890625 130.54364013671875
609.1511840820312 114.74183654785156
621.069091796875 98.82569122314453
633.119384765625 82.72235107421875
645.2664794921875 66.55747985839844
544.3837280273438 233.59373474121094
555.43017578125 218.8857421875
566.561279296875 204.12896728515625
577.821044921875 189.149169921875
589.3322143554688 174.00523376464844
600.7875366210938 158.70254516601562
612.4872436523438 143.34341430664062
624.3125610351562 127.73384857177734
636.1917114257812 112.0289306640625
648.21875 96.1968002319336
660.3718872070312 80.17620849609375
559.3999633789062 245.0210418701172
570.429443359375 230.5345916748047
581.5713500976562 215.85223388671875
592.81396484375 201.13734436035156
604.3087768554688 186.2080841064453
615.7427368164062 171.15408325195312
627.4451904296875 155.87081909179688
639.2319946289062 140.5465545654297
651.0946044921875 125.06797790527344
663.066162109375 109.38829803466797
675.2036743164062 93.55989074707031
574.1702880859375 256.32135009765625
585.2119140625 241.93319702148438
596.3577270507812 227.51808166503906
607.5907592773438 212.861572265625
618.968994140625 198.18890380859375
630.504150390625 183.32669067382812
642.1378173828125 168.30242919921875
653.8035278320312 153.1449432373047
665.69482421875 137.7614288330078
677.6509399414062 122.36762237548828
689.7290649414062 106.7278823852539
588.6737670898438 267.35809326171875
599.676513671875 253.2420196533203
610.8119506835938 238.88706970214844
622.147216796875 224.5179901123047
633.4861450195312 209.90353393554688
644.9437255859375 195.2981414794922
656.5377807617188 180.4460906982422
668.298828125 165.48974609375
680.1468505859375 150.39820861816406
692.0653076171875 135.1742401123047
704.1100463867188 119.70648956298828
603.0127563476562 278.3188781738281
614.0228271484375 264.3191223144531
625.1788330078125 250.23365783691406
636.406494140625 235.89309692382812
647.718994140625 221.55532836914062
659.2382202148438 207.09400939941406
670.7345581054688 192.42337036132812
682.4580688476562 177.62709045410156
694.2766723632812 162.7053985595703
706.16552734375 147.64974975585938
718.1798706054688 132.50294494628906
617.13818359375 289.0705871582031
628.1552124023438 275.25634765625
639.2288208007812 261.2963562011719
650.4576416015625 247.24583435058594
661.7467041015625 232.98887634277344
673.258544921875 218.65087890625
684.7050170898438 204.2317657470703
696.4136962890625 189.61216735839844
708.196533203125 174.8710174560547
719.9846801757812 160.0574188232422
731.9195556640625 145.04306030273438