1 720 1333
607.7083129882812 80.37133026123047
614.5618286132812 101.68109130859375
620.9675903320312 121.55389404296875
626.9442138671875 140.39088439941406
632.6090087890625 157.98883056640625
637.8984375 174.56500244140625
642.921630859375 190.3861541748047
647.64453125 205.25027465820312
652.2312622070312 219.3550262451172
656.447021484375 232.6288299560547
660.4697875976562 245.42674255371094
591.6664428710938 95.91531372070312
599.2056274414062 116.86863708496094
606.1469116210938 136.64608764648438
612.6554565429688 155.13726806640625
618.7765502929688 172.54273986816406
624.558837890625 189.02821350097656
630.0693359375 204.41236877441406
635.2488403320312 219.12106323242188
640.1586303710938 232.9022216796875
644.65966796875 246.12818908691406
649.1354370117188 258.54644775390625
575.3440551757812 111.76979064941406
583.402587890625 132.62425231933594
590.972412109375 152.0881805419922
598.0739135742188 170.3009033203125
604.6747436523438 187.52322387695312
610.9765014648438 203.5717315673828
616.8171997070312 218.86447143554688
622.4764404296875 233.2482452392578
627.7357177734375 246.9093780517578
632.7237548828125 259.7998962402344
637.4854125976562 272.0943603515625
558.4823608398438 128.27395629882812
567.2989501953125 148.69615173339844
575.4383544921875 167.80960083007812
583.153076171875 185.87591552734375
590.3285522460938 202.69834899902344
597.0816040039062 218.63265991210938
603.461669921875 233.58045959472656
609.4898681640625 247.72691345214844
615.2554931640625 261.1223449707031
620.5224609375 273.8195495605469
625.62158203125 285.81744384765625
541.2847290039062 145.0856170654297
550.6917724609375 165.25088500976562
559.5388793945312 184.1614227294922
567.7569580078125 201.77389526367188
575.5550537109375 218.40621948242188
582.812744140625 233.95411682128906
589.6902465820312 248.6648712158203
596.2595825195312 262.5477294921875
602.381591796875 275.6694641113281
608.1715087890625 288.1017761230469
613.583251953125 299.8590087890625
523.5661010742188 162.3582305908203
533.740966796875 182.28065490722656
543.3041381835938 200.7294464111328
552.2359008789062 218.15476989746094
560.5253295898438 234.39202880859375
568.34716796875 249.655029296875
575.6665649414062 264.11688232421875
582.6555786132812 277.6963195800781
589.3151245117188 290.5257568359375
595.4522705078125 302.6651916503906
601.3515625 314.2148742675781
505.5061950683594 180.2240447998047
516.4637451171875 199.61270141601562
526.6228637695312 217.8069610595703
536.2342529296875 234.82847595214844
545.1395874023438 250.7528533935547
553.5081176757812 265.7204895019531
561.42041015625 279.81097412109375
568.8115844726562 293.1700134277344
575.8367309570312 305.6811218261719
582.50732421875 317.5212097167969
588.7337036132812 328.7271728515625
486.942138671875 198.4110565185547
498.703369140625 217.56402587890625
509.6368713378906 235.37608337402344
519.8362426757812 251.98960876464844
529.4379272460938 267.5647277832031
538.4113159179688 282.2094421386719
546.77490234375 295.9289245605469
554.6979370117188 308.87860107421875
562.2833862304688 321.12689208984375
569.3192749023438 332.62835693359375
575.9703369140625 343.5570373535156