1 720 1333
594.3966674804688 140.65780639648438
610.5459594726562 149.62452697753906
626.0704956054688 158.34918212890625
641.0010375976562 166.6469268798828
655.41943359375 174.6493377685547
669.274658203125 182.444580078125
682.6178588867188 189.85350036621094
695.4903564453125 197.13560485839844
707.9539184570312 204.11273193359375
719.9586791992188 210.77804565429688
731.5283203125 217.3366241455078
584.2018432617188 158.21507263183594
600.3871459960938 166.72267150878906
615.9109497070312 174.98431396484375
630.8739013671875 182.88845825195312
645.3419799804688 190.56661987304688
659.2579956054688 197.92938232421875
672.6129760742188 205.05722045898438
685.5941772460938 211.89688110351562
698.1512451171875 218.60986328125
710.204833984375 225.04275512695312
721.8079833984375 231.2626495361328
574.241455078125 175.37051391601562
590.4224853515625 183.4824676513672
605.9473266601562 191.32699584960938
620.9661865234375 198.82325744628906
635.46728515625 206.16152954101562
649.393798828125 213.17547607421875
662.8413696289062 219.90469360351562
675.8648071289062 226.5117950439453
688.4813842773438 232.87371826171875
700.573486328125 238.99383544921875
712.3308715820312 244.93533325195312
564.4802856445312 192.18809509277344
580.6575927734375 199.82977294921875
596.2362060546875 207.346923828125
611.3099975585938 214.4793701171875
625.7427978515625 221.40182495117188
639.7086181640625 228.0972137451172
653.2890014648438 234.57742309570312
666.38720703125 240.80787658691406
679.0089721679688 246.87530517578125
691.2228393554688 252.70420837402344
702.9005737304688 258.41998291015625
554.9574584960938 208.5482177734375
571.1818237304688 215.85487365722656
586.717529296875 222.93035888671875
601.7496337890625 229.74464416503906
616.3193359375 236.40554809570312
630.362060546875 242.7188262939453
643.8763427734375 248.87998962402344
657.0218505859375 254.83248901367188
669.6615600585938 260.6237487792969
681.8466186523438 266.25811767578125
693.7219848632812 271.6104736328125
545.6362915039062 224.61294555664062
561.8206176757812 231.59068298339844
577.4159545898438 238.33706665039062
592.5155639648438 244.78042602539062
607.0062255859375 251.0974884033203
621.0601196289062 257.1768798828125
634.612060546875 262.9455261230469
647.7811279296875 268.6391906738281
660.4917602539062 274.2256164550781
672.7562255859375 279.4860534667969
684.6366577148438 284.5968933105469
536.5506591796875 240.4018096923828
552.70654296875 246.96536254882812
568.341552734375 253.38868713378906
583.4071655273438 259.532470703125
597.910400390625 265.48773193359375
611.993408203125 271.26806640625
625.5813598632812 276.7833557128906
638.7081909179688 282.2237854003906
651.4907836914062 287.4627380371094
663.7950439453125 292.4812927246094
675.6904907226562 297.4006652832031
527.6858520507812 255.75186157226562
543.808349609375 262.1246337890625
559.4407348632812 268.14398193359375
574.4979248046875 273.9837646484375
589.0493774414062 279.6139221191406
603.1182861328125 285.13128662109375
616.6939697265625 290.38824462890625
629.8815307617188 295.49505615234375
642.6378784179688 300.4476013183594
654.9814453125 305.27459716796875
666.9241943359375 309.8453063964844