1 720 1333
547.591064453125 320.9872131347656
570.2252197265625 318.5142517089844
591.6548461914062 316.1239013671875
612.0755004882812 313.78271484375
631.45068359375 311.6318359375
649.8560791015625 309.5635681152344
667.4524536132812 307.5919189453125
684.2051391601562 305.6900634765625
700.1849365234375 303.9059143066406
715.3125610351562 302.2491149902344
729.8011474609375 300.5000305175781
540.69287109375 340.8315734863281
562.9330444335938 337.9540710449219
584.1016845703125 335.2077331542969
604.255126953125 332.4693603515625
623.3946533203125 329.8799743652344
641.6287231445312 327.4690856933594
659.0811157226562 325.18560791015625
675.6576538085938 322.8432922363281
691.5480346679688 320.7376403808594
706.6338500976562 318.6861267089844
721.1234741210938 316.7002868652344
534.1917724609375 359.8290100097656
556.0992431640625 356.5188293457031
576.8948974609375 353.3685302734375
596.7445068359375 350.33612060546875
615.6969604492188 347.41729736328125
633.7664184570312 344.56854248046875
651.0620727539062 341.9461364746094
667.5501708984375 339.4399719238281
683.3380126953125 337.01959228515625
698.3462524414062 334.622314453125
712.7335205078125 332.3684387207031
527.9646606445312 377.94091796875
549.5407104492188 374.3032531738281
570.0556640625 370.7374267578125
589.6530151367188 367.42706298828125
608.4054565429688 364.22100830078125
626.2835693359375 361.18304443359375
643.3545532226562 358.2032775878906
659.7025146484375 355.35040283203125
675.3580932617188 352.6258544921875
690.33544921875 349.9817810058594
704.6151733398438 347.4468078613281
522.16162109375 395.21197509765625
543.3303833007812 391.2521057128906
563.53857421875 387.4297790527344
582.8290405273438 383.7353210449219
601.3807983398438 380.3042297363281
619.025634765625 376.90118408203125
635.9105224609375 373.70672607421875
652.1875 370.6002502441406
667.67236328125 367.6484069824219
682.5205078125 364.7228088378906
696.7738647460938 361.9810485839844
516.44921875 411.646728515625
537.3786010742188 407.4399108886719
557.3095703125 403.3709716796875
576.3925170898438 399.47991943359375
594.5896606445312 395.6651916503906
612.1107177734375 392.1773376464844
628.762939453125 388.64111328125
644.8841552734375 385.38238525390625
660.33349609375 382.18988037109375
675.0703125 379.0326232910156
689.2152709960938 376.052978515625
511.16778564453125 427.4090881347656
531.6463012695312 422.8638000488281
551.340087890625 418.614501953125
570.1686401367188 414.5048828125
588.1990966796875 410.5335998535156
605.4312744140625 406.67462158203125
622.0191040039062 403.0343933105469
637.8499755859375 399.4838562011719
653.2195434570312 396.11865234375
667.7247314453125 392.684814453125
681.8418579101562 389.5394592285156
506.0186462402344 442.4491882324219
526.2738037109375 437.7432556152344
545.600830078125 433.2748107910156
564.2171020507812 428.8967590332031
581.947509765625 424.6848449707031
599.04296875 420.6915283203125
615.400634765625 416.79010009765625
631.196533203125 413.1097717285156
646.2883911132812 409.45562744140625
660.7401733398438 405.8951721191406
674.6741943359375 402.54119873046875