1 720 1333
578.6315307617188 172.56675720214844
597.7559204101562 174.66958618164062
616.5612182617188 176.71133422851562
635.0289306640625 178.78343200683594
653.2052001953125 180.78318786621094
670.9471435546875 182.81956481933594
688.48388671875 184.7652587890625
705.64404296875 186.70741271972656
722.5574340820312 188.6747589111328
739.1644287109375 190.58074951171875
755.4259643554688 192.47232055664062
576.3572998046875 190.69674682617188
595.1668090820312 192.6249237060547
613.5820922851562 194.49746704101562
631.7578125 196.40863037109375
649.6242065429688 198.25424194335938
667.2237548828125 200.022705078125
684.4638671875 201.7799835205078
701.4364624023438 203.60784912109375
718.1000366210938 205.43637084960938
734.4632568359375 207.17982482910156
750.5297241210938 208.8294219970703
574.0636596679688 208.30838012695312
592.55810546875 209.96482849121094
610.7183227539062 211.62762451171875
628.6296997070312 213.37985229492188
646.2776489257812 215.0666046142578
663.5599365234375 216.64761352539062
680.5634765625 218.37815856933594
697.3475341796875 219.92926025390625
713.7405395507812 221.5791778564453
729.864501953125 223.1895294189453
745.744873046875 224.65240478515625
571.788330078125 225.25827026367188
590.078125 226.7108917236328
607.9769897460938 228.3426513671875
625.614501953125 229.78823852539062
642.9673461914062 231.37625122070312
660.0429077148438 232.80319213867188
676.7720336914062 234.370361328125
693.3887939453125 235.76583862304688
709.5625 237.3415985107422
725.5198974609375 238.6657257080078
741.1800537109375 240.17633056640625
569.7288818359375 241.572021484375
587.6539916992188 243.02536010742188
605.3512573242188 244.41494750976562
622.6644897460938 245.6942138671875
639.7708129882812 247.17987060546875
656.59130859375 248.47750854492188
673.2349243164062 249.7642059326172
689.4678955078125 251.1937255859375
705.5099487304688 252.47999572753906
721.2813110351562 253.7176513671875
736.6621704101562 255.0274658203125
567.6857299804688 257.472412109375
585.386474609375 258.68048095703125
602.6875 259.9344482421875
619.8226318359375 261.2708435058594
636.7026977539062 262.4515380859375
653.3184204101562 263.6119079589844
669.6353149414062 264.78167724609375
685.6930541992188 266.0826416015625
701.5240478515625 267.29595947265625
717.1234130859375 268.42095947265625
732.3682861328125 269.5108642578125
565.7290649414062 272.7711181640625
583.1551513671875 273.9208679199219
600.28857421875 275.1043701171875
617.1455078125 276.21722412109375
633.736328125 277.3123474121094
650.1407470703125 278.37432861328125
666.265380859375 279.459716796875
682.1207885742188 280.4964294433594
697.6879272460938 281.5039367675781
713.062255859375 282.53240966796875
728.1714477539062 283.542724609375
563.8079223632812 287.67108154296875
580.949951171875 288.6624450683594
597.790771484375 289.66339111328125
614.4661865234375 290.64178466796875
630.8392944335938 291.6060485839844
647.0093383789062 292.5544738769531
662.8881225585938 293.5171203613281
678.5455932617188 294.4858703613281
693.9343872070312 295.4289245605469
709.1273193359375 296.34228515625
723.9692993164062 297.21795654296875