1 720 1333
692.1644897460938 91.26661682128906
697.0277709960938 116.5749282836914
701.66796875 141.11703491210938
706.2469482421875 164.66421508789062
710.56494140625 187.55406188964844
714.7557983398438 209.61647033691406
718.8701171875 231.03680419921875
722.77392578125 251.74900817871094
726.6842651367188 271.74713134765625
730.36328125 291.2548828125
733.8523559570312 310.04473876953125
675.8316650390625 97.40283966064453
681.1708984375 123.22984313964844
686.2676391601562 148.09307861328125
691.1591186523438 172.09568786621094
695.7908935546875 195.30303955078125
700.4157104492188 217.6595001220703
704.7830810546875 239.4125518798828
709.1712036132812 260.3832092285156
713.2659912109375 280.67120361328125
717.23779296875 300.3761291503906
721.0223388671875 319.43212890625
658.7906494140625 103.79418182373047
664.565673828125 130.13719177246094
670.113037109375 155.41087341308594
675.3673706054688 179.76516723632812
680.48046875 203.35675048828125
685.420166015625 226.10240173339844
690.2307739257812 248.11175537109375
694.7460327148438 269.4429016113281
699.3314208984375 289.9427795410156
703.5250244140625 309.85546875
707.6348266601562 329.20440673828125
641.0603637695312 110.54719543457031
647.273681640625 137.3493194580078
653.1976928710938 163.10804748535156
658.83935546875 187.8414764404297
664.4138793945312 211.77223205566406
669.685546875 234.85977172851562
674.867919921875 257.2828674316406
679.8734741210938 278.76318359375
684.6876220703125 299.6374206542969
689.3255615234375 319.7740783691406
693.7033081054688 339.32623291015625
622.4002075195312 117.65747833251953
629.1298828125 144.87249755859375
635.5244140625 171.15032958984375
641.6840209960938 196.35482788085938
647.6375122070312 220.6433563232422
653.3998413085938 244.12596130371094
658.9556884765625 266.69122314453125
664.3594360351562 288.5773620605469
669.5332641601562 309.72235107421875
674.4939575195312 330.14031982421875
679.274658203125 349.828857421875
602.7843627929688 125.20716094970703
610.0919189453125 152.8720703125
616.9948120117188 179.5587615966797
623.6787719726562 205.24392700195312
630.118896484375 229.90127563476562
636.315185546875 253.66127014160156
642.2996215820312 276.6681213378906
648.1286010742188 298.84088134765625
653.6519165039062 320.3030700683594
659.0071411132812 340.9150695800781
664.1910400390625 360.8369140625
582.3192749023438 133.00869750976562
590.170166015625 161.31167602539062
597.6278686523438 188.45408630371094
604.7857055664062 214.5399169921875
611.7354736328125 239.63076782226562
618.417236328125 263.78765869140625
624.8378295898438 287.1380920410156
631.1092529296875 309.56964111328125
637.1542358398438 331.28497314453125
642.8163452148438 352.1797180175781
648.43505859375 372.33135986328125
560.6671752929688 141.331787109375
569.2232055664062 170.1590118408203
577.3199462890625 197.76400756835938
585.1251220703125 224.3399658203125
592.5306396484375 249.8261260986328
599.7159423828125 274.3948974609375
606.6346435546875 298.06402587890625
613.35302734375 320.7608337402344
619.7296752929688 342.7291259765625
625.9198608398438 363.8365478515625
631.921142578125 384.24237060546875