1 720 1333
620.2171630859375 69.80772399902344
625.7882080078125 92.41510772705078
631.1885986328125 113.8144302368164
636.3170166015625 134.299560546875
641.1174926757812 153.71835327148438
645.667236328125 172.34088134765625
650.156005859375 190.04788208007812
654.36181640625 206.96742248535156
658.4020385742188 223.2764129638672
662.264892578125 238.7205810546875
665.8832397460938 253.65231323242188
599.242919921875 78.21449279785156
605.4102172851562 100.65233612060547
611.3364868164062 122.05364227294922
616.8534545898438 142.44374084472656
622.2393798828125 161.78575134277344
627.3375854492188 180.31991577148438
632.1827392578125 197.9534149169922
636.744384765625 214.8599853515625
641.2858276367188 230.98643493652344
645.4815673828125 246.47731018066406
649.5657958984375 261.3466491699219
577.8798217773438 86.682861328125
584.716064453125 109.1577377319336
591.2040405273438 130.39976501464844
597.3106689453125 150.65899658203125
603.1671142578125 170.00669860839844
608.6591796875 188.45814514160156
614.0064086914062 206.02915954589844
619.0885620117188 222.78668212890625
623.8991088867188 238.8980255126953
628.5775146484375 254.3264923095703
633.011474609375 269.0796203613281
556.445068359375 95.33736419677734
563.7366333007812 117.67108154296875
570.769775390625 138.8480224609375
577.4844970703125 159.127685546875
583.8074340820312 178.35043334960938
589.8263549804688 196.6499786376953
595.6463623046875 214.2007598876953
601.1813354492188 230.86146545410156
606.4609375 246.89540100097656
611.4884643554688 262.2406921386719
616.3175048828125 276.8329772949219
534.6429443359375 104.13325500488281
542.6488037109375 126.3622817993164
550.2569580078125 147.49635314941406
557.45947265625 167.5924072265625
564.3165893554688 186.75653076171875
570.8193359375 205.03392028808594
577.135009765625 222.45301818847656
583.1217041015625 239.1261749267578
588.741455078125 255.04348754882812
594.2615356445312 270.2332458496094
599.4156494140625 284.79412841796875
512.607421875 112.98595428466797
521.2760620117188 135.20672607421875
529.4306030273438 156.2624053955078
537.219482421875 176.2813720703125
544.5751342773438 195.36253356933594
551.6137084960938 213.49822998046875
558.3491821289062 230.79296875
564.740478515625 247.4038543701172
570.9041137695312 263.25628662109375
576.7353515625 278.3685302734375
582.3880004882812 292.812255859375
490.3610534667969 122.06876373291016
499.5859680175781 144.17108154296875
508.3956604003906 165.1132049560547
516.6854858398438 185.06161499023438
524.6371459960938 204.00729370117188
532.2294921875 222.06492614746094
539.435546875 239.3059844970703
546.3317260742188 255.70806884765625
552.844482421875 271.49481201171875
559.1969604492188 286.48895263671875
565.1873779296875 300.86505126953125
467.8124694824219 131.27894592285156
477.6826171875 153.25802612304688
487.14923095703125 174.0911865234375
496.0237121582031 193.8922576904297
504.4813232421875 212.74693298339844
512.5547485351562 230.72389221191406
520.3062133789062 247.82508850097656
527.6566162109375 264.23162841796875
534.6373291015625 279.79583740234375
541.3816528320312 294.70050048828125
547.7687377929688 309.0424499511719