1 720 1333
440.99957275390625 19.551816940307617
460.15728759765625 42.455116271972656
478.0125732421875 63.79426193237305
494.7608947753906 83.96282196044922
510.5536804199219 102.80094909667969
525.3663330078125 120.5716552734375
539.2778930664062 137.294189453125
552.3761596679688 153.0300750732422
564.7272338867188 167.8407440185547
576.4144287109375 181.814208984375
587.4502563476562 195.16390991210938
422.3431701660156 40.742515563964844
442.2147521972656 62.99068832397461
460.6918029785156 83.76947021484375
478.19036865234375 103.33668518066406
494.4940490722656 121.66291809082031
509.7817687988281 138.86460876464844
524.2952880859375 155.09889221191406
537.8204345703125 170.37437438964844
550.6617431640625 184.73434448242188
562.7440185546875 198.3607177734375
574.2593994140625 211.21083068847656
403.54791259765625 62.208030700683594
424.17352294921875 83.7231674194336
443.4028015136719 103.88833618164062
461.4259338378906 122.8484115600586
478.3878173828125 140.6322021484375
494.2802429199219 157.32571411132812
509.254150390625 173.046875
523.322265625 187.77908325195312
536.5791625976562 201.74472045898438
549.130126953125 214.87741088867188
560.9063720703125 227.38858032226562
384.6852111816406 83.76936340332031
406.03680419921875 104.6646957397461
425.8968811035156 124.26275634765625
444.6326599121094 142.5863494873047
462.2011413574219 159.7509002685547
478.5871276855469 175.90936279296875
494.1142272949219 191.14572143554688
508.63720703125 205.43316650390625
522.4354248046875 218.87705993652344
535.3815307617188 231.61050415039062
547.5772094726562 243.6248321533203
365.77825927734375 105.56776428222656
387.8048095703125 125.75090026855469
408.4629821777344 144.66836547851562
427.7352600097656 162.4139862060547
445.8648376464844 179.06224060058594
462.868896484375 194.60194396972656
478.88983154296875 209.3238525390625
493.9635009765625 223.14059448242188
508.22381591796875 236.16419982910156
521.5409545898438 248.41891479492188
534.2394409179688 260.0176696777344
346.78948974609375 127.54520416259766
369.56854248046875 147.1003875732422
390.8448486328125 165.32212829589844
410.8029479980469 182.42758178710938
429.55914306640625 198.4460906982422
447.18524169921875 213.4649200439453
463.6312561035156 227.5931396484375
479.2548522949219 240.90139770507812
493.8594970703125 253.470458984375
507.6598815917969 265.30413818359375
520.716064453125 276.4646301269531
327.7900085449219 149.67466735839844
351.3427429199219 168.49630737304688
373.30023193359375 186.10653686523438
393.83978271484375 202.50039672851562
413.216064453125 217.91665649414062
431.3282775878906 232.41586303710938
448.3763732910156 245.99671936035156
464.41851806640625 258.7489318847656
479.5303955078125 270.8236389160156
493.7200927734375 282.260498046875
507.2758483886719 292.9664001464844
308.7252502441406 172.00607299804688
332.9693298339844 190.140380859375
355.6072082519531 206.9342041015625
376.8157653808594 222.71255493164062
396.7195129394531 237.54757690429688
415.44329833984375 251.4429168701172
432.98095703125 264.4773254394531
449.5207824707031 276.72442626953125
465.0962829589844 288.3476257324219
479.7187194824219 299.2549133300781
493.6240539550781 309.5147399902344