1 720 1333
618.3609619140625 106.47274780273438
628.5236206054688 122.34153747558594
638.2129516601562 137.38746643066406
647.419677734375 151.67628479003906
656.18994140625 165.3922119140625
664.5108642578125 178.3903045654297
672.4733276367188 190.81396484375
680.14501953125 202.69139099121094
687.4412841796875 214.15000915527344
694.4012451171875 225.0015869140625
701.1085205078125 235.47390747070312
602.2499389648438 120.46942138671875
612.7505493164062 135.97988891601562
622.8057861328125 150.64297485351562
632.4118041992188 164.64398193359375
641.5059204101562 178.0106964111328
650.205322265625 190.69296264648438
658.4915161132812 202.83570861816406
666.4564208984375 214.50477600097656
674.0853271484375 225.64154052734375
681.3533935546875 236.311279296875
688.3160400390625 246.50950622558594
586.1881103515625 134.5008087158203
597.1385498046875 149.58187866210938
607.536376953125 163.9274444580078
617.4663696289062 177.59141540527344
626.883544921875 190.6291961669922
635.897216796875 203.06402587890625
644.51904296875 214.902099609375
652.7687377929688 226.31808471679688
660.6946411132812 237.24322509765625
668.287353515625 247.56979370117188
675.4892578125 257.5771179199219
570.1453247070312 148.50045776367188
581.4857788085938 163.28114318847656
592.3013305664062 177.269287109375
602.5531616210938 190.57432556152344
612.3706665039062 203.2941131591797
621.6680908203125 215.42576599121094
630.5929565429688 226.9799041748047
639.2272338867188 238.10714721679688
647.3970336914062 248.68621826171875
655.2328491210938 258.8577575683594
662.6746215820312 268.61322021484375
554.2103271484375 162.4788360595703
565.8461303710938 176.82522583007812
577.059814453125 190.49339294433594
587.6786499023438 203.5211639404297
597.7785034179688 215.87527465820312
607.500244140625 227.68943786621094
616.7113647460938 239.05929565429688
625.584716796875 249.84104919433594
634.1146240234375 260.2660217285156
642.2136840820312 270.15185546875
649.9192504882812 279.6458740234375
538.2522583007812 176.45254516601562
550.3799438476562 190.4615478515625
561.8313598632812 203.7112274169922
572.8397827148438 216.4400177001953
583.3629150390625 228.50674438476562
593.3487548828125 240.06591796875
602.8504638671875 251.0934295654297
612.0099487304688 261.604736328125
620.7515258789062 271.6993103027344
629.1930541992188 281.4261779785156
637.2197265625 290.6498107910156
522.4073486328125 190.42724609375
534.8475952148438 204.03126525878906
546.7262573242188 216.9785919189453
558.123779296875 229.3389892578125
568.8576049804688 241.15711975097656
579.2140502929688 252.34410095214844
589.0711059570312 263.1018981933594
598.4867553710938 273.3887634277344
607.5028076171875 283.2452697753906
616.1801147460938 292.59881591796875
624.4425048828125 301.66619873046875
506.5887756347656 204.32032775878906
519.489990234375 217.5843048095703
531.6988525390625 230.23875427246094
543.401123046875 242.2362823486328
554.5057373046875 253.6679229736328
565.1473388671875 264.5869140625
575.2943115234375 275.0623474121094
584.9551391601562 285.0889892578125
594.2944946289062 294.6316223144531
603.1785888671875 303.7709045410156
611.6947631835938 312.58447265625