1 720 1333
211.6262664794922 209.90797424316406
246.6084442138672 204.4500732421875
279.826904296875 199.26715087890625
311.585693359375 194.36376953125
341.77105712890625 189.67547607421875
370.65435791015625 185.36619567871094
398.26123046875 181.22235107421875
424.5397644042969 177.35552978515625
449.6343078613281 173.61734008789062
473.63323974609375 170.13792419433594
496.57159423828125 166.73411560058594
221.94296264648438 240.83819580078125
255.92469787597656 234.685302734375
288.3792419433594 228.80880737304688
319.308349609375 223.3282012939453
348.795166015625 218.06027221679688
376.9954528808594 213.15744018554688
403.96343994140625 208.43592834472656
429.65478515625 203.95794677734375
454.3354187011719 199.7211151123047
477.76629638671875 195.68165588378906
500.3059387207031 191.81568908691406
231.8810577392578 270.60107421875
265.0403137207031 263.7648010253906
296.595703125 257.3582763671875
326.783447265625 251.29641723632812
355.6209716796875 245.4559326171875
383.25897216796875 239.93704223632812
409.5137634277344 234.7268524169922
434.71685791015625 229.7407684326172
458.78875732421875 225.0603485107422
481.8270263671875 220.50387573242188
503.82904052734375 216.192138671875
241.5848846435547 299.2584533691406
273.7708740234375 291.8577880859375
304.6373596191406 284.8451843261719
334.15643310546875 278.2425231933594
362.35772705078125 271.904296875
389.26025390625 265.8963928222656
415.00390625 260.2496032714844
439.5968017578125 254.75039672851562
463.25921630859375 249.53021240234375
485.7076721191406 244.52687072753906
507.4070129394531 239.69195556640625
250.9063262939453 326.70245361328125
282.40130615234375 318.8121643066406
312.44940185546875 311.3819885253906
341.28204345703125 304.2622985839844
368.7223205566406 297.4726257324219
395.1403503417969 290.9916687011719
420.2879638671875 284.7633972167969
444.3975524902344 278.8470153808594
467.4991760253906 273.28765869140625
489.5689697265625 267.79168701171875
510.7071533203125 262.5874328613281
260.0801696777344 353.27520751953125
290.6568298339844 344.8857116699219
320.0589904785156 336.91259765625
348.1907043457031 329.3813781738281
375.087890625 322.16326904296875
400.7440185546875 315.2588806152344
425.415283203125 308.56573486328125
449.0196533203125 302.29681396484375
471.6110534667969 296.25860595703125
493.3192138671875 290.3811340332031
514.03173828125 284.7732238769531
268.7961120605469 378.6701965332031
298.6864318847656 369.9286804199219
327.3914489746094 361.56475830078125
354.7791442871094 353.5743713378906
381.1723327636719 345.8777160644531
406.2919006347656 338.5946350097656
430.3987121582031 331.57415771484375
453.44110107421875 324.8395080566406
475.6184997558594 318.4642333984375
496.78717041015625 312.2965087890625
517.3013305664062 306.31512451171875
277.37689208984375 403.2546691894531
306.5618591308594 394.1224365234375
334.5061340332031 385.3493347167969
361.3606262207031 376.91259765625
387.0293884277344 368.8852233886719
411.607666015625 361.2688903808594
435.2190856933594 353.83111572265625
457.752197265625 346.7519226074219
479.48162841796875 339.9745178222656
500.3248291015625 333.4510498046875
520.3128662109375 327.2189025878906