1 720 1333
465.71258544921875 47.34177780151367
487.5162048339844 60.91717529296875
507.38531494140625 73.41593170166016
525.3247680664062 84.69320678710938
541.69677734375 95.186279296875
556.6681518554688 104.6325454711914
570.5745239257812 113.51554107666016
583.4306030273438 121.58148956298828
595.356201171875 129.18472290039062
606.2806396484375 136.16651916503906
616.4660034179688 142.6555938720703
465.163330078125 83.58210754394531
486.89874267578125 95.50004577636719
506.5950622558594 106.29330444335938
524.6210327148438 116.1755599975586
541.1079711914062 125.1962661743164
556.2237548828125 133.47178649902344
570.0233154296875 141.0927276611328
582.7578735351562 148.1265411376953
594.6882934570312 154.60401916503906
605.6448974609375 160.6890106201172
615.8394775390625 166.3607635498047
464.550537109375 119.77291107177734
486.392822265625 129.88339233398438
506.17529296875 139.10560607910156
524.1583251953125 147.43348693847656
540.506591796875 155.1051025390625
555.53466796875 162.08497619628906
569.4888305664062 168.5297088623047
582.32861328125 174.5076141357422
594.2634887695312 180.0638885498047
605.1961669921875 185.2150421142578
615.4100952148438 189.97683715820312
464.1307373046875 155.87452697753906
485.8003845214844 164.19970703125
505.5576477050781 171.6791534423828
523.5335083007812 178.5418701171875
540.0123291015625 184.82485961914062
555.0485229492188 190.5912628173828
568.8557739257812 195.9029083251953
581.6688842773438 200.77935791015625
593.5972290039062 205.35885620117188
604.5479736328125 209.54718017578125
614.7859497070312 213.5255889892578
463.6005859375 191.6990203857422
485.4378356933594 198.3016357421875
505.0908508300781 204.18927001953125
523.0908203125 209.54067993164062
539.46728515625 214.46408081054688
554.505126953125 219.00157165527344
568.3665161132812 223.13807678222656
581.3009033203125 226.99073791503906
593.0735473632812 230.52764892578125
604.1907348632812 233.88400268554688
614.2732543945312 236.92269897460938
463.32196044921875 227.44464111328125
484.9433288574219 232.1834716796875
504.59844970703125 236.45004272460938
522.4949951171875 240.36053466796875
538.8845825195312 243.96002197265625
553.8690795898438 247.23703002929688
567.775390625 250.33084106445312
580.5809936523438 253.0482177734375
592.541259765625 255.65924072265625
603.482666015625 258.0739440917969
613.6722412109375 260.3555908203125
462.8680114746094 262.814453125
484.5853271484375 265.84344482421875
504.2236633300781 268.5347900390625
522.152587890625 271.0583801269531
538.4053344726562 273.3131103515625
553.4580688476562 275.39349365234375
567.279296875 277.2785949707031
580.121826171875 279.0579833984375
591.9027099609375 280.6546325683594
602.8194580078125 282.2593994140625
613.2461547851562 283.6341552734375
462.625 298.1065979003906
484.3155822753906 299.3743591308594
503.7361145019531 300.48114013671875
521.5899047851562 301.5155029296875
537.91650390625 302.49371337890625
552.8466796875 303.3918762207031
566.6566772460938 304.2429504394531
579.4851684570312 304.8559875488281
591.3504028320312 305.56280517578125
602.3031616210938 306.32000732421875
612.49462890625 306.82366943359375