1 720 1333
664.1529541015625 181.2713165283203
668.0215454101562 197.55499267578125
671.5550537109375 213.03878784179688
674.9319458007812 227.50315856933594
678.162109375 241.2415008544922
681.1670532226562 254.06195068359375
683.902099609375 266.3180847167969
686.5805053710938 277.8246154785156
689.1647338867188 288.7943115234375
691.5023803710938 299.2073669433594
693.6635131835938 309.0578918457031
649.4502563476562 196.90933227539062
653.734375 213.18495178222656
657.81982421875 228.16958618164062
661.6657104492188 242.43995666503906
665.3458862304688 255.7045135498047
668.649169921875 268.41461181640625
671.8485717773438 280.34686279296875
674.8972778320312 291.6573791503906
677.7862548828125 302.36212158203125
680.4998168945312 312.53167724609375
683.1228637695312 322.2067565917969
634.4080810546875 213.24453735351562
639.3292846679688 228.90084838867188
643.8165283203125 243.74026489257812
648.2288818359375 257.56732177734375
652.2706298828125 270.654296875
656.1039428710938 283.02288818359375
659.6287231445312 294.674072265625
663.0853271484375 305.67315673828125
666.3419189453125 316.1786804199219
669.3590698242188 326.05413818359375
672.2103271484375 335.4658508300781
619.0020751953125 229.75326538085938
624.4816284179688 245.2098388671875
629.5883178710938 259.6060791015625
634.4097290039062 273.2008972167969
638.8799438476562 285.9427185058594
643.1876220703125 297.9779357910156
647.2111206054688 309.3389892578125
650.9724731445312 320.1054992675781
654.5626220703125 330.2914123535156
657.8844604492188 339.86712646484375
661.1561279296875 349.0435485839844
603.3305053710938 246.76138305664062
609.3929443359375 261.7543029785156
615.0344848632812 275.8459167480469
620.3757934570312 289.0973815917969
625.3570556640625 301.5318298339844
630.0740356445312 313.2327880859375
634.4718017578125 324.2779846191406
638.6212768554688 334.6729736328125
642.6041870117188 344.57867431640625
646.3629150390625 353.89520263671875
649.7977294921875 362.7506103515625
587.2952880859375 264.23284912109375
593.8662719726562 278.8208923339844
600.2071533203125 292.4982604980469
605.9761352539062 305.37640380859375
611.4717407226562 317.4382629394531
616.5980224609375 328.7961730957031
621.4982299804688 339.4760437011719
626.1209106445312 349.594970703125
630.4799194335938 359.1572570800781
634.5228271484375 368.2217712402344
638.416748046875 376.7193603515625
570.8197631835938 282.0783996582031
578.2442626953125 296.2615966796875
584.9733276367188 309.5386657714844
591.4188842773438 321.943115234375
597.3770141601562 333.6449890136719
602.977783203125 344.6233215332031
608.32666015625 354.97998046875
613.3560791015625 364.7134704589844
618.075439453125 373.98486328125
622.4946899414062 382.6712646484375
626.671142578125 390.9206237792969
554.1934814453125 300.338623046875
562.1636962890625 314.11334228515625
569.5595092773438 326.9146423339844
576.4990234375 338.9180908203125
583.03466796875 350.2315368652344
589.1495971679688 360.76123046875
594.8319091796875 370.73992919921875
600.3279418945312 380.1711120605469
605.4599609375 389.01885986328125
610.2695922851562 397.3893127441406
614.75830078125 405.30181884765625