1 720 1333
227.8953094482422 196.70111083984375
249.16404724121094 188.65902709960938
270.4988708496094 180.59002685546875
292.35687255859375 172.37388610839844
314.3905944824219 164.13653564453125
336.6570739746094 155.72479248046875
359.39410400390625 147.364501953125
382.3339538574219 138.7825927734375
405.5274353027344 130.30538940429688
429.1312255859375 121.7107162475586
452.9104919433594 113.11878204345703
228.6185302734375 218.05429077148438
249.9934844970703 209.95407104492188
271.7188720703125 201.8454132080078
293.65899658203125 193.72406005859375
316.14617919921875 185.4263916015625
338.6697692871094 177.15554809570312
361.6276550292969 168.6715087890625
384.8680419921875 160.24888610839844
408.4571533203125 151.62075805664062
432.3636169433594 143.1215057373047
456.498046875 134.45919799804688
229.4370574951172 239.73252868652344
251.0064697265625 231.76226806640625
272.9324035644531 223.70462036132812
295.33221435546875 215.53948974609375
317.7806396484375 207.404296875
340.7823486328125 198.98684692382812
364.0467224121094 190.61883544921875
387.6101379394531 182.15245056152344
411.4510498046875 173.56805419921875
435.6612854003906 165.03030395507812
460.204345703125 156.39279174804688
230.18264770507812 262.1898498535156
252.07957458496094 254.1323699951172
274.2934875488281 246.1711883544922
296.7599792480469 237.99330139160156
319.6723937988281 229.7427215576172
342.8695068359375 221.54306030273438
366.5223693847656 213.1177215576172
390.3910217285156 204.67453002929688
414.5795593261719 196.1265411376953
439.1485290527344 187.54673767089844
463.94140625 178.9131317138672
230.95285034179688 285.0056457519531
253.19358825683594 277.1029052734375
275.6047668457031 269.08880615234375
298.45947265625 261.0347900390625
321.622802734375 252.78350830078125
345.2070617675781 244.55599975585938
369.0861511230469 236.26541137695312
393.3163757324219 227.73114013671875
417.7552490234375 219.29786682128906
442.65924072265625 210.7037811279297
467.80731201171875 202.10910034179688
231.80235290527344 308.51800537109375
254.3144073486328 300.583984375
277.0738525390625 292.6513977050781
300.2406005859375 284.5744323730469
323.6214904785156 276.46759033203125
347.55889892578125 268.2828674316406
371.688232421875 259.9303894042969
396.2885437011719 251.56903076171875
421.17889404296875 243.0606689453125
446.3714904785156 234.5489501953125
471.8573303222656 225.88897705078125
232.69976806640625 332.52545166015625
255.4344024658203 324.73736572265625
278.544921875 316.79052734375
301.8978576660156 308.8509216308594
325.72918701171875 300.73583984375
349.94989013671875 292.61474609375
374.52349853515625 284.3824157714844
399.4317626953125 275.9756774902344
424.5682067871094 267.5389404296875
450.228759765625 259.00811767578125
476.0830993652344 250.42132568359375
233.7184600830078 357.2273254394531
256.6653747558594 349.47174072265625
280.0767517089844 341.6525573730469
303.8028564453125 333.6754455566406
327.9477844238281 325.6692810058594
352.5203857421875 317.5723571777344
377.4432067871094 309.385498046875
402.64483642578125 301.087890625
428.2733459472656 292.6498107910156
454.2050476074219 284.225830078125
480.41290283203125 275.59368896484375