1 720 1333
284.31396484375 277.5514831542969
302.861328125 279.40911865234375
321.9695739746094 281.3009948730469
341.56475830078125 283.221435546875
361.6375732421875 285.19293212890625
382.3204040527344 287.24505615234375
403.4536437988281 289.3012390136719
425.12347412109375 291.4261779785156
447.2942199707031 293.57177734375
470.09375 295.7672424316406
493.4276123046875 298.111328125
286.98382568359375 301.23651123046875
305.4334411621094 303.2977294921875
324.3663330078125 305.4291687011719
343.71783447265625 307.5619201660156
363.69580078125 309.7874755859375
384.1772155761719 312.171875
405.1013488769531 314.4879455566406
426.4811096191406 316.8525085449219
448.4387512207031 319.4049987792969
470.9552307128906 321.84033203125
494.1181640625 324.4824523925781
289.58563232421875 324.3753967285156
307.9681396484375 326.66412353515625
326.6607971191406 329.0790100097656
346.0076904296875 331.503662109375
365.6627197265625 334.006103515625
385.9181213378906 336.58441162109375
406.6032409667969 339.2346496582031
427.85418701171875 341.8719482421875
449.5528564453125 344.6019287109375
471.8528137207031 347.4434509277344
494.6376037597656 350.3004455566406
292.35028076171875 347.1739196777344
310.4065246582031 349.6474609375
329.0482177734375 352.2840881347656
348.1676940917969 354.9944152832031
367.6867370605469 357.70550537109375
387.6777038574219 360.53173828125
408.3303527832031 363.4271545410156
429.2847900390625 366.36822509765625
450.6973876953125 369.4162292480469
472.74560546875 372.4386901855469
495.4412841796875 375.5509033203125
294.84442138671875 369.4172668457031
312.86151123046875 372.2243347167969
331.36798095703125 375.0687255859375
350.3447265625 377.964111328125
369.62213134765625 380.9364013671875
389.52716064453125 384.01824951171875
409.76544189453125 387.14959716796875
430.60845947265625 390.3382873535156
451.82958984375 393.54766845703125
473.6807861328125 396.8330078125
496.1506042480469 400.3088684082031
297.4947204589844 391.3114013671875
315.3397521972656 394.3309020996094
333.63720703125 397.3808898925781
352.4128723144531 400.51934814453125
371.595947265625 403.6905822753906
391.33563232421875 406.9870300292969
411.4356994628906 410.3700866699219
432.0491943359375 413.7317199707031
453.07049560546875 417.28662109375
474.6677551269531 420.79296875
496.7523193359375 424.46893310546875
300.083984375 412.7131652832031
317.7143859863281 415.91973876953125
335.9013671875 419.2669372558594
354.5110168457031 422.59716796875
373.5613708496094 425.99652099609375
393.085693359375 429.5065612792969
412.9892272949219 433.0869445800781
433.4491882324219 436.66900634765625
454.33905029296875 440.4389953613281
475.5898132324219 444.229248046875
497.5343322753906 448.0876770019531
302.60772705078125 433.7572021484375
320.2102355957031 437.24835205078125
338.20648193359375 440.6650085449219
356.5894470214844 444.2898254394531
375.48455810546875 447.8382263183594
394.736572265625 451.5483093261719
414.5455017089844 455.3379211425781
434.7796325683594 459.152099609375
455.51251220703125 463.0916442871094
476.6544494628906 467.0740661621094
498.3901672363281 471.1622619628906