1 720 1333
499.41552734375 121.77241516113281
521.9295654296875 131.1861572265625
543.9266967773438 140.2899627685547
565.4232788085938 149.18795776367188
586.34326171875 157.82691955566406
606.6604614257812 166.31971740722656
626.5345458984375 174.53475952148438
645.9338989257812 182.59304809570312
664.7907104492188 190.47076416015625
683.2537841796875 198.2294158935547
701.255126953125 205.68531799316406
492.1767272949219 144.21714782714844
514.5210571289062 153.1411895751953
536.3973388671875 161.8332977294922
557.5830078125 170.3445587158203
578.4026489257812 178.62771606445312
598.59619140625 186.67689514160156
618.3748168945312 194.60134887695312
637.5850830078125 202.336181640625
656.4207153320312 209.85533142089844
674.68408203125 217.2645263671875
692.606201171875 224.47259521484375
485.1234130859375 166.0268096923828
507.33416748046875 174.5931854248047
528.8876342773438 182.84878540039062
550.0491943359375 191.0431365966797
570.6011352539062 198.9522705078125
590.7041625976562 206.6650390625
610.31689453125 214.29595947265625
629.4647827148438 221.6163330078125
648.2186889648438 228.84132385253906
666.4026489257812 235.9351806640625
684.2610473632812 242.84352111816406
478.25189208984375 187.3987274169922
500.2509765625 195.53424072265625
521.6633911132812 203.48361206054688
542.5873413085938 211.2597198486328
563.08740234375 218.8312530517578
582.9441528320312 226.26983642578125
602.4652709960938 233.45542907714844
621.4822387695312 240.55368041992188
640.1074829101562 247.50485229492188
658.2877197265625 254.2743377685547
675.922607421875 260.8107604980469
471.5207824707031 208.19131469726562
493.3690185546875 216.0115203857422
514.603759765625 223.54542541503906
535.3943481445312 231.0714111328125
555.6428833007812 238.2803192138672
575.4472045898438 245.37173461914062
594.7496948242188 252.31451416015625
613.6676025390625 259.0635070800781
632.2389526367188 265.6794128417969
650.2576904296875 272.2130126953125
667.87451171875 278.5233154296875
465.0693664550781 228.50631713867188
486.60247802734375 235.93576049804688
507.68170166015625 243.26197814941406
528.34375 250.36227416992188
548.4402465820312 257.3005065917969
568.1046752929688 264.0733947753906
587.3235473632812 270.64398193359375
606.08740234375 277.23443603515625
624.4486083984375 283.53814697265625
642.441162109375 289.7253723144531
659.935546875 295.8002014160156
458.6550598144531 248.35678100585938
480.1482238769531 255.47479248046875
501.0042419433594 262.44549560546875
521.4293212890625 269.2566223144531
541.4493408203125 275.8333740234375
560.8486328125 282.3465270996094
579.9800415039062 288.6741638183594
598.620849609375 294.8641052246094
616.8660888671875 300.9809875488281
634.7181396484375 306.90924072265625
652.2526245117188 312.7394714355469
452.5421447753906 267.65234375
473.7263488769531 274.51947021484375
494.4751281738281 281.2010192871094
514.758056640625 287.65374755859375
534.5272216796875 294.0539245605469
553.8600463867188 300.2606201171875
572.76953125 306.2987060546875
591.377685546875 312.28668212890625
609.4873657226562 318.0742492675781
627.287841796875 323.7237854003906
644.5515747070312 329.3357238769531