1 720 1333
488.6647033691406 386.5653381347656
516.981689453125 382.69378662109375
543.9200439453125 378.9803771972656
569.7061767578125 375.455322265625
594.4314575195312 372.0631103515625
617.9393920898438 368.72442626953125
640.54248046875 365.6006164550781
662.204345703125 362.5848083496094
682.8353271484375 359.660888671875
702.5903930664062 356.7903747558594
721.5792846679688 354.15185546875
486.5291748046875 409.4986572265625
514.2003173828125 405.2794189453125
540.5673828125 401.1777038574219
565.8330688476562 397.22998046875
590.0531005859375 393.44232177734375
613.19873046875 389.7705993652344
635.4159545898438 386.3001403808594
656.667236328125 382.8521423339844
677.1060791015625 379.6487121582031
696.6148071289062 376.4861145019531
715.371826171875 373.468994140625
484.50555419921875 431.34466552734375
511.5221862792969 426.66455078125
537.41162109375 422.2557678222656
562.1890869140625 417.9673156738281
585.8641357421875 413.84625244140625
608.6459350585938 409.8680725097656
630.521240234375 406.0831298828125
651.468017578125 402.4036865234375
671.6002807617188 398.80859375
690.8372192382812 395.37994384765625
709.39453125 392.0547790527344
482.5544738769531 452.1844787597656
509.0782775878906 447.20806884765625
534.3938598632812 442.43121337890625
558.633544921875 437.8026123046875
581.9556274414062 433.4441833496094
604.3742065429688 429.22137451171875
625.79541015625 425.07769775390625
646.4646606445312 421.1410217285156
666.3294677734375 417.3191223144531
685.3251342773438 413.55615234375
703.5586547851562 409.8761291503906
480.6864013671875 471.9835510253906
506.62646484375 466.705810546875
531.47265625 461.64801025390625
555.34130859375 456.78564453125
578.2744750976562 452.1453857421875
600.2237548828125 447.60076904296875
621.3700561523438 443.27520751953125
641.636474609375 439.0261535644531
661.2437744140625 434.9800109863281
679.9327392578125 430.976318359375
698.0130615234375 427.17852783203125
479.0002136230469 490.8710021972656
504.4538879394531 485.42095947265625
528.7168579101562 480.09564208984375
552.18115234375 474.98956298828125
574.6207885742188 470.0855407714844
596.2699584960938 465.3597412109375
617.0174560546875 460.6800537109375
637.066650390625 456.3069152832031
656.3031616210938 451.9798583984375
674.7713623046875 447.72607421875
692.58544921875 443.6557312011719
477.41290283203125 508.9635925292969
502.31524658203125 503.2815856933594
526.1592407226562 497.72003173828125
549.1431274414062 492.4293212890625
571.241943359375 487.28875732421875
592.4494018554688 482.31427001953125
612.9041137695312 477.45831298828125
632.565673828125 472.7234191894531
651.5726318359375 468.31011962890625
669.7774658203125 463.81707763671875
687.4426879882812 459.57806396484375
475.7650146484375 526.2997436523438
500.2754211425781 520.3656005859375
523.6155395507812 514.596923828125
546.2407836914062 509.13189697265625
567.8728637695312 503.6852111816406
588.7550659179688 498.5285949707031
608.8695068359375 493.4968566894531
628.3128051757812 488.6309814453125
646.9705810546875 483.903076171875
664.9569091796875 479.3597106933594
682.344482421875 474.87445068359375