1 720 1333
400.4142150878906 338.3390197753906
426.37554931640625 341.9674987792969
451.4970703125 345.54461669921875
475.92547607421875 348.969482421875
499.6851806640625 352.3514099121094
522.74658203125 355.504638671875
545.2816162109375 358.6302490234375
567.15234375 361.6383056640625
588.4310302734375 364.6084289550781
609.160400390625 367.4173583984375
629.3158569335938 370.2004089355469
397.85498046875 353.14593505859375
423.1927185058594 356.52642822265625
447.6853332519531 359.78955078125
471.5579528808594 362.9888610839844
494.7466125488281 366.0622253417969
517.3486938476562 369.0740051269531
539.3478393554688 371.9315185546875
560.7161254882812 374.6991271972656
581.586669921875 377.4732971191406
601.9461059570312 380.114013671875
621.6939697265625 382.6211853027344
395.49774169921875 367.2337341308594
420.1753845214844 370.3818054199219
444.1470031738281 373.4079284667969
467.40777587890625 376.34912109375
490.124755859375 379.2387390136719
512.2071533203125 381.88116455078125
533.6708984375 384.587646484375
554.64892578125 387.24481201171875
575.1792602539062 389.7508544921875
595.0917358398438 392.1997375488281
614.5137939453125 394.5202941894531
393.2711486816406 380.55889892578125
417.3194274902344 383.4789733886719
440.6554870605469 386.3105163574219
463.4987487792969 388.9994201660156
485.6498718261719 391.6081237792969
507.27850341796875 394.2586669921875
528.3634643554688 396.66290283203125
548.904541015625 399.1417236328125
568.953857421875 401.45904541015625
588.5489501953125 403.6426696777344
607.6087036132812 405.8260498046875
391.1454772949219 393.2986755371094
414.5990295410156 395.94647216796875
437.4544372558594 398.546142578125
459.68072509765625 401.0912780761719
481.47222900390625 403.5007019042969
502.5981140136719 405.8570251464844
523.2964477539062 408.26031494140625
543.3938598632812 410.47576904296875
563.1249389648438 412.6071472167969
582.3135375976562 414.65924072265625
601.0716552734375 416.6484069824219
389.127197265625 405.344970703125
412.0953674316406 407.780029296875
434.3914794921875 410.2649230957031
456.2088928222656 412.5998840332031
477.4505615234375 414.7762145996094
498.19488525390625 417.0962219238281
518.3788452148438 419.2176208496094
538.1861572265625 421.3161926269531
557.4470825195312 423.31689453125
576.3368530273438 425.2622375488281
594.6890258789062 427.0867004394531
387.2295837402344 416.7951965332031
409.5609436035156 419.22015380859375
431.4715576171875 421.4036560058594
452.73321533203125 423.52972412109375
473.6251525878906 425.6068115234375
493.8570556640625 427.62042236328125
513.7310791015625 429.60809326171875
533.122802734375 431.55157470703125
552.0999755859375 433.4663391113281
570.5630493164062 435.2362976074219
588.6741333007812 436.88079833984375
385.3870849609375 427.77880859375
407.2880859375 429.99871826171875
428.6186828613281 432.06719970703125
449.54315185546875 434.15234375
469.91412353515625 435.9737243652344
489.828125 437.8003845214844
509.3554992675781 439.6126403808594
528.4013061523438 441.4461975097656
546.87646484375 443.17022705078125
565.1795654296875 444.6912841796875
582.822021484375 446.3226318359375