1 720 1333
376.99530029296875 318.2357177734375
403.0279235839844 310.9114685058594
428.5150451660156 303.7691345214844
453.4786682128906 296.7421569824219
477.8893127441406 289.9082336425781
501.86187744140625 283.19085693359375
525.320068359375 276.56768798828125
548.2943725585938 270.1364440917969
570.6979370117188 263.7572937011719
592.691162109375 257.5514221191406
614.3534545898438 251.5033721923828
385.15814208984375 336.2855224609375
410.3378601074219 329.0216979980469
434.95220947265625 321.8582763671875
459.2000427246094 314.8751525878906
482.8742980957031 308.0937805175781
506.1425476074219 301.3554992675781
528.8106079101562 294.69989013671875
551.247802734375 288.3083190917969
573.0813598632812 281.94134521484375
594.4705200195312 275.6917419433594
615.487548828125 269.6123962402344
392.728271484375 353.3456726074219
417.23260498046875 346.1202392578125
441.1177673339844 339.0157775878906
464.57135009765625 332.11053466796875
487.58990478515625 325.29156494140625
510.1636962890625 318.5474853515625
532.2853393554688 311.9656982421875
553.9541625976562 305.5207214355469
575.3370971679688 299.2699890136719
596.1839599609375 292.94378662109375
616.6008911132812 286.84722900390625
400.03802490234375 369.434326171875
423.6973571777344 362.30810546875
446.91790771484375 355.29461669921875
469.6929931640625 348.3943176269531
492.0818786621094 341.555908203125
513.9591064453125 334.87066650390625
535.498046875 328.3872985839844
556.6110229492188 321.93951416015625
577.39111328125 315.63201904296875
597.6975708007812 309.4417419433594
617.6515502929688 303.372314453125
406.8367004394531 384.6520080566406
429.8674621582031 377.59515380859375
452.42962646484375 370.6112365722656
474.5563049316406 363.7779235839844
496.3584899902344 357.0565185546875
517.6190185546875 350.4433898925781
538.5822143554688 343.90899658203125
559.2081298828125 337.5264587402344
579.4332275390625 331.2998046875
599.281494140625 325.0832824707031
618.684814453125 318.9394836425781
413.4447021484375 399.1690979003906
435.7608337402344 392.1922912597656
457.66619873046875 385.2624816894531
479.2475891113281 378.4482421875
500.37823486328125 371.7252197265625
521.1881713867188 365.2362976074219
541.5211791992188 358.6959533691406
561.6055297851562 352.40325927734375
581.346435546875 346.17132568359375
600.6295166015625 339.9449768066406
619.6340942382812 333.8771667480469
419.62518310546875 412.85260009765625
441.3738098144531 405.92572021484375
462.67193603515625 399.12860107421875
483.6321105957031 392.3973083496094
504.25225830078125 385.71795654296875
524.4769897460938 379.23553466796875
544.3792724609375 372.7679443359375
563.8916625976562 366.493408203125
583.2232055664062 360.2987976074219
602.078369140625 354.1794738769531
620.6281127929688 348.1104431152344
425.5242919921875 425.91119384765625
446.6983947753906 419.1104736328125
467.44921875 412.3378601074219
487.817138671875 405.6407470703125
507.8983459472656 399.1063537597656
527.60498046875 392.5904541015625
547.0761108398438 386.2480773925781
566.1605834960938 379.9119567871094
584.8294677734375 373.74346923828125
603.360595703125 367.5916442871094
621.4853515625 361.5862731933594