1 720 1333
561.5298461914062 237.6174774169922
577.9563598632812 255.7913818359375
593.6890869140625 273.21978759765625
608.70849609375 289.7843933105469
623.1873779296875 305.7528076171875
636.9375610351562 321.04815673828125
650.225341796875 335.65972900390625
662.8375854492188 349.69134521484375
675.0631103515625 363.2386779785156
686.6640014648438 376.14263916015625
697.8326416015625 388.5015869140625
542.045166015625 254.9942626953125
558.8197631835938 272.7265930175781
574.9974975585938 289.6982116699219
590.4440307617188 305.99786376953125
605.2279052734375 321.5620422363281
619.3797607421875 336.5133361816406
632.929443359375 350.7623291015625
645.993408203125 364.52880859375
658.5075073242188 377.6593322753906
670.4714965820312 390.3164367675781
681.97607421875 402.41937255859375
522.57275390625 272.33441162109375
539.858154296875 289.658203125
556.3954467773438 306.28948974609375
572.2294311523438 322.16192626953125
587.3681640625 337.37786865234375
601.8233642578125 351.8772277832031
615.7711791992188 365.85430908203125
629.2198486328125 379.3097229003906
642.0380249023438 392.1864013671875
654.3402099609375 404.4454650878906
666.162841796875 416.28240966796875
503.2826232910156 289.6216125488281
520.9171752929688 306.5556945800781
537.8199462890625 322.7119445800781
554.0325927734375 338.2946472167969
569.5462036132812 353.1172790527344
584.4308471679688 367.3282165527344
598.68212890625 380.89801025390625
612.4310302734375 393.9920349121094
625.5689086914062 406.5445861816406
638.2113037109375 418.5367736816406
650.3321533203125 430.05889892578125
484.0478820800781 306.8537902832031
502.1830139160156 323.4129943847656
519.4464111328125 339.2431640625
535.9867553710938 354.338623046875
551.8529663085938 368.7442932128906
567.0908203125 382.6068115234375
581.6900024414062 395.89898681640625
595.72314453125 408.62164306640625
609.2528686523438 420.8606872558594
622.1458740234375 432.532470703125
634.5337524414062 443.74658203125
464.8800964355469 324.0841979980469
483.4418640136719 340.2432556152344
501.1468505859375 355.56134033203125
518.06787109375 370.3357238769531
534.28857421875 384.4216613769531
549.7675170898438 397.86920166015625
564.7286376953125 410.7867431640625
579.1514892578125 423.2710876464844
592.8894653320312 435.187744140625
606.1619262695312 446.5174865722656
618.8114624023438 457.45880126953125
445.9083557128906 341.25732421875
464.799072265625 356.86663818359375
482.88922119140625 371.85137939453125
500.257080078125 386.25738525390625
516.73828125 399.9033508300781
532.6404418945312 413.0909423828125
547.9072875976562 425.6159973144531
562.5730590820312 437.697021484375
576.648193359375 449.3424987792969
590.2116088867188 460.4107360839844
603.2086181640625 471.0478210449219
427.0212707519531 358.3155822753906
446.3650817871094 373.5390625
464.7665100097656 388.1412658691406
482.48138427734375 402.10736083984375
499.4139404296875 415.41534423828125
515.581787109375 428.2104187011719
531.194580078125 440.416259765625
546.1594848632812 452.1729431152344
560.5316162109375 463.4066162109375
574.3264770507812 474.18218994140625
587.5771484375 484.4797058105469