1 720 1333
375.953125 69.60506439208984
400.10906982421875 76.89727020263672
423.9761962890625 84.30298614501953
447.7395935058594 91.53987884521484
471.3186950683594 98.81096649169922
494.5422058105469 106.10061645507812
517.597900390625 113.267578125
540.4632568359375 120.38296508789062
563.0761108398438 127.42572784423828
585.4187622070312 134.44911193847656
607.5001831054688 141.40078735351562
368.30035400390625 89.8960952758789
392.6036071777344 97.25115966796875
416.7890625 104.48829650878906
440.7747497558594 111.71454620361328
464.5762023925781 118.98167419433594
488.13519287109375 126.22045135498047
511.43682861328125 133.34999084472656
534.49755859375 140.39910888671875
557.3525390625 147.36671447753906
579.8589477539062 154.3255615234375
602.248291015625 161.23260498046875
360.4724426269531 110.56700897216797
385.126708984375 117.81672668457031
409.5135498046875 125.13390350341797
433.7333984375 132.3424072265625
457.7923583984375 139.49757385253906
481.6116638183594 146.64393615722656
505.23199462890625 153.71949768066406
528.490234375 160.68972778320312
551.5269775390625 167.61497497558594
574.3630981445312 174.55201721191406
596.8087768554688 181.3828887939453
352.5154113769531 131.65509033203125
377.4378662109375 138.8633270263672
402.1610107421875 146.15670776367188
426.6036071777344 153.30865478515625
450.9232177734375 160.4516143798828
474.94683837890625 167.5126953125
498.73968505859375 174.53330993652344
522.3306274414062 181.48199462890625
545.5672607421875 188.33934020996094
568.58642578125 195.1459197998047
591.4112548828125 201.8652801513672
344.4497375488281 153.2095947265625
369.607666015625 160.36941528320312
394.5906066894531 167.5041961669922
419.4161682128906 174.6234588623047
443.949951171875 181.6885986328125
468.27215576171875 188.72653198242188
492.30279541015625 195.675048828125
516.0562744140625 202.55567932128906
539.5493774414062 209.37855529785156
562.7670288085938 216.1134033203125
585.7869873046875 222.7367706298828
336.3161315917969 175.10101318359375
361.6963806152344 182.2380828857422
387.0090637207031 189.37179565429688
412.0166931152344 196.4144744873047
436.8044128417969 203.45858764648438
461.3812255859375 210.43130493164062
485.64129638671875 217.316162109375
509.6586608886719 224.0921173095703
533.4719848632812 230.7913818359375
556.8851928710938 237.47402954101562
580.1804809570312 244.1237335205078
327.9892578125 197.40261840820312
353.68756103515625 204.4697723388672
379.2640075683594 211.53855895996094
404.56573486328125 218.56797790527344
429.6275939941406 225.52816772460938
454.4529724121094 232.45594787597656
478.9654235839844 239.31332397460938
503.2697448730469 246.03565979003906
527.2349243164062 252.6327667236328
550.8883056640625 259.29754638671875
574.4121704101562 265.7529602050781
319.5967102050781 220.1217041015625
345.56915283203125 227.16502380371094
371.4045715332031 234.1981964111328
396.96044921875 241.16737365722656
422.35888671875 248.0614776611328
447.4046936035156 254.8605194091797
472.2222595214844 261.65234375
496.6269836425781 268.3408508300781
520.882080078125 274.89202880859375
544.7693481445312 281.4754333496094
568.5418090820312 287.922119140625