1 720 1333
570.904296875 213.0677032470703
587.2000122070312 211.33425903320312
603.5554809570312 209.55084228515625
620.1709594726562 207.75653076171875
636.81396484375 206.0535888671875
653.6846313476562 204.33775329589844
670.6970825195312 202.52777099609375
687.8702392578125 200.7380828857422
705.2782592773438 199.0680694580078
722.6680908203125 197.33412170410156
740.3623046875 195.5137481689453
573.2959594726562 230.083984375
589.4312133789062 228.423828125
605.6925048828125 226.69398498535156
622.2494506835938 225.111572265625
638.7763671875 223.43508911132812
655.5589599609375 221.7296142578125
672.51220703125 220.15614318847656
689.5364990234375 218.46043395996094
706.7421264648438 216.7143096923828
724.18310546875 215.16339111328125
741.5906372070312 213.4837188720703
575.56103515625 246.8625946044922
591.6407470703125 245.375732421875
607.8065185546875 243.70423889160156
624.2559814453125 242.22023010253906
640.7091064453125 240.568603515625
657.4255981445312 239.0264129638672
674.283935546875 237.46604919433594
691.23486328125 235.833251953125
708.337646484375 234.33645629882812
725.5494384765625 232.67495727539062
742.8786010742188 231.20458984375
577.847412109375 263.51385498046875
593.7611083984375 262.0571594238281
609.9320678710938 260.5299987792969
626.255126953125 259.0618591308594
642.6255493164062 257.53900146484375
659.2706298828125 256.1094970703125
675.9583740234375 254.56658935546875
692.7485961914062 253.11985778808594
709.7493896484375 251.56695556640625
726.8984375 250.16336059570312
744.246337890625 248.59585571289062
580.1119384765625 279.895263671875
595.981201171875 278.5254211425781
612.0143432617188 277.163330078125
628.2529296875 275.6807861328125
644.52294921875 274.3556213378906
661.0432739257812 272.87152099609375
677.5902099609375 271.5260314941406
694.4296264648438 270.1280212402344
711.303466796875 268.6419982910156
728.3321533203125 267.3276672363281
745.4469604492188 265.7989196777344
582.38720703125 296.2023620605469
598.1256103515625 294.7848815917969
614.0925903320312 293.53033447265625
630.1951293945312 292.2499084472656
646.4514770507812 290.8316345214844
662.698974609375 289.5575256347656
679.3504638671875 288.2927551269531
695.9115600585938 286.8484191894531
712.6898193359375 285.5541076660156
729.6166381835938 284.2769775390625
746.647705078125 282.8254699707031
584.542236328125 312.24371337890625
600.2685546875 310.8975524902344
616.0947265625 309.6905517578125
632.1129150390625 308.5002746582031
648.2828369140625 307.2669982910156
664.509765625 305.97784423828125
680.878173828125 304.6878356933594
697.4999389648438 303.4780578613281
714.2120361328125 302.27435302734375
730.9611206054688 300.92919921875
747.8473510742188 299.6283264160156
586.6919555664062 328.0335998535156
602.36376953125 326.8337707519531
618.1126098632812 325.66802978515625
633.9906616210938 324.5318298339844
650.072509765625 323.44781494140625
666.2573852539062 322.2702331542969
682.5296020507812 321.0156555175781
699.0174560546875 319.7657470703125
715.5723876953125 318.5954284667969
732.3103637695312 317.4593811035156
749.1395874023438 316.3088684082031