1 720 1333
571.0597534179688 401.0956726074219
587.227294921875 398.4193115234375
602.9888305664062 395.7575988769531
618.580322265625 393.2198181152344
633.8757934570312 390.634033203125
649.0382690429688 388.1574401855469
663.827880859375 385.6260070800781
678.5152587890625 383.199462890625
692.8642578125 380.6966857910156
707.0665283203125 378.37188720703125
720.9114379882812 376.0022277832031
574.6867065429688 416.30694580078125
590.8592529296875 413.46649169921875
606.8026123046875 410.68701171875
622.5242309570312 407.94195556640625
637.9773559570312 405.2966003417969
653.2113647460938 402.56243896484375
668.1827392578125 399.93951416015625
682.8462524414062 397.3948669433594
697.3733520507812 394.74652099609375
711.5514526367188 392.2838134765625
725.5361328125 389.73760986328125
578.3826293945312 431.7325744628906
594.6840209960938 428.7641906738281
610.7030639648438 425.8600158691406
626.5551147460938 422.9530944824219
642.1660766601562 420.14935302734375
657.450927734375 417.3525695800781
672.4855346679688 414.54022216796875
687.3245239257812 411.78515625
701.8231201171875 409.1095275878906
716.1852416992188 406.4192810058594
730.2462158203125 403.75201416015625
582.1832275390625 447.5145568847656
598.5760498046875 444.4189147949219
614.7399291992188 441.3562316894531
630.6616821289062 438.32513427734375
646.3906860351562 435.3175354003906
661.7182006835938 432.3659973144531
676.8853149414062 429.4194641113281
691.7744750976562 426.5086669921875
706.4896240234375 423.6174011230469
720.7988891601562 420.8041076660156
735.0225830078125 418.1004943847656
585.9796752929688 463.5894775390625
602.5673217773438 460.3443603515625
618.7896118164062 457.11895751953125
634.8656005859375 453.8348083496094
650.6514892578125 450.6863098144531
666.1995239257812 447.56072998046875
681.4432373046875 444.4880676269531
696.4183959960938 441.4219970703125
711.1561279296875 438.4125061035156
725.5786743164062 435.4778137207031
739.781982421875 432.566650390625
589.8976440429688 480.0058898925781
606.58251953125 476.5139465332031
623.02099609375 473.1360778808594
639.1763916015625 469.7029113769531
655.0648803710938 466.426025390625
670.6099243164062 463.1680603027344
686.007568359375 459.8335876464844
701.070068359375 456.6206359863281
715.8629760742188 453.5054626464844
730.4450073242188 450.3902282714844
744.7182006835938 447.3560485839844
593.866455078125 496.6573181152344
610.6985473632812 493.0553894042969
627.2945556640625 489.4132385253906
643.5158081054688 485.85595703125
659.500732421875 482.4017639160156
675.2399291992188 478.8785095214844
690.6131591796875 475.5103454589844
705.7819213867188 472.1781311035156
720.6492919921875 468.7787170410156
735.3489990234375 465.5422668457031
749.687744140625 462.3484191894531
597.9899291992188 513.6292114257812
614.884033203125 509.7894592285156
631.5797729492188 506.0440673828125
647.952880859375 502.29986572265625
664.0595092773438 498.61431884765625
679.7821655273438 495.0223083496094
695.37744140625 491.4266052246094
710.6002197265625 487.84832763671875
725.5860595703125 484.4106750488281
740.3154296875 480.9335632324219
754.7096557617188 477.57080078125