1 720 1333
541.0850830078125 220.4831085205078
560.3563232421875 216.05767822265625
579.1708984375 211.69847106933594
597.5028076171875 207.50706481933594
615.45458984375 203.4440460205078
632.9932250976562 199.46298217773438
650.1375732421875 195.55596923828125
666.8123168945312 191.77908325195312
683.2355346679688 188.15704345703125
699.1510620117188 184.54551696777344
714.6725463867188 181.13372802734375
546.0330200195312 240.76829528808594
565.1111450195312 236.190185546875
583.6377563476562 231.6122283935547
601.7798461914062 227.2525177001953
619.5546875 222.9338836669922
636.84814453125 218.73399353027344
653.7907104492188 214.67361450195312
670.375732421875 210.73614501953125
686.5565185546875 206.89671325683594
702.3629150390625 203.20840454101562
717.7035522460938 199.52236938476562
550.8820190429688 260.718505859375
569.7063598632812 255.89895629882812
588.145263671875 251.2186737060547
606.0667724609375 246.5732879638672
623.6083374023438 242.16441345214844
640.6984252929688 237.75047302246094
657.5010375976562 233.5204315185547
673.8756103515625 229.4128875732422
689.887451171875 225.39060974121094
705.5164794921875 221.44805908203125
720.721435546875 217.6212921142578
555.7471923828125 280.3988037109375
574.36962890625 275.359619140625
592.4777221679688 270.4385070800781
610.2395629882812 265.6325378417969
627.5821533203125 261.0063171386719
644.5297241210938 256.47979736328125
661.1588134765625 252.075439453125
677.3329467773438 247.73019409179688
693.2141723632812 243.54896545410156
708.6102905273438 239.483642578125
723.7096557617188 235.4901885986328
560.4780883789062 299.62152099609375
578.8310546875 294.4367370605469
596.7223510742188 289.3724060058594
614.3897705078125 284.4128112792969
631.501953125 279.5439758300781
648.2929077148438 274.8207702636719
664.6760864257812 270.3078918457031
680.6961669921875 265.74688720703125
696.4224853515625 261.4415283203125
711.6766967773438 257.2273254394531
726.5923461914062 253.06341552734375
565.22021484375 318.5063171386719
583.3114624023438 313.2298889160156
601.0617065429688 307.88885498046875
618.3770751953125 302.7912902832031
635.3882446289062 297.7872009277344
651.9093627929688 292.95843505859375
668.2571411132812 288.2439880371094
684.0584716796875 283.5558776855469
699.579833984375 279.0617370605469
714.6347045898438 274.6206970214844
729.510498046875 270.3368835449219
569.7484130859375 337.1669921875
587.6712036132812 331.58856201171875
605.2637939453125 326.24566650390625
622.3965454101562 320.9025573730469
639.158203125 315.7518005371094
655.5735473632812 310.7159118652344
671.5753784179688 305.8162841796875
687.3344116210938 301.0498352050781
702.6304931640625 296.3838195800781
717.5993041992188 291.7522888183594
732.2797241210938 287.3357849121094
574.3513793945312 355.3712158203125
592.0098266601562 349.67706298828125
609.3590698242188 344.17718505859375
626.3260498046875 338.67828369140625
642.9056396484375 333.4472961425781
659.1593017578125 328.26971435546875
674.9962158203125 323.2161560058594
690.4971313476562 318.2403564453125
705.6444702148438 313.4009704589844
720.45166015625 308.6352233886719
734.9575805664062 304.04498291015625