1 720 1333
639.6857299804688 95.3739242553711
659.0413208007812 91.39471435546875
677.6063232421875 87.59829711914062
695.585205078125 83.91535949707031
712.9444580078125 80.49170684814453
729.6875 77.15341186523438
745.8836669921875 73.85838317871094
761.5765380859375 70.72093963623047
776.6948852539062 67.70612335205078
791.4008178710938 64.83549499511719
805.535400390625 62.1094970703125
649.2588500976562 117.60908508300781
668.3599853515625 113.29900360107422
686.7427368164062 109.17240142822266
704.5628662109375 105.15232849121094
721.729248046875 101.31739044189453
738.3370361328125 97.5621566772461
754.4053344726562 93.98753356933594
769.838623046875 90.53284454345703
784.9078979492188 87.21489715576172
799.3944702148438 83.9901351928711
813.4494018554688 80.88411712646484
658.6522216796875 139.87109375
677.6259765625 135.17440795898438
695.8450927734375 130.58209228515625
713.5048828125 126.24280548095703
730.5079956054688 122.03150939941406
746.9271850585938 117.95928192138672
762.7680053710938 114.10591125488281
778.2420043945312 110.29627990722656
793.0294799804688 106.58226776123047
807.42041015625 103.1235122680664
821.2628784179688 99.69596099853516
668.2498779296875 162.08392333984375
686.875244140625 156.90126037597656
704.9776000976562 152.03489685058594
722.4431762695312 147.31517028808594
739.3046875 142.6853485107422
755.4996948242188 138.3832550048828
771.3136596679688 134.09979248046875
786.4248657226562 130.01402282714844
801.2120971679688 126.02588653564453
815.358154296875 122.24767303466797
829.1751098632812 118.53349304199219
677.6292114257812 184.2234344482422
696.2205200195312 178.62127685546875
714.0520629882812 173.3812255859375
731.3677368164062 168.31028747558594
747.9795532226562 163.414794921875
764.1475830078125 158.6755828857422
779.6134033203125 154.163818359375
794.6844482421875 149.65513610839844
809.2753295898438 145.4230499267578
823.3541870117188 141.32443237304688
836.8583374023438 137.3897247314453
687.1195678710938 206.25816345214844
705.4722290039062 200.3754425048828
723.18212890625 194.6783447265625
740.2677612304688 189.29762268066406
756.7191772460938 184.0684356689453
772.5975341796875 178.9571990966797
788.0795288085938 174.08489990234375
802.8822631835938 169.37193298339844
817.3477172851562 164.73719787597656
831.2315063476562 160.37689208984375
844.69384765625 156.1503448486328
696.505615234375 228.29629516601562
714.6981201171875 221.998779296875
732.22509765625 215.9793243408203
749.1712036132812 210.2336883544922
765.4183959960938 204.5896453857422
781.2131958007812 199.23403930664062
796.3807373046875 193.99600219726562
811.1139526367188 188.933837890625
825.3466186523438 184.083740234375
839.1094970703125 179.39012145996094
852.39013671875 174.79986572265625
705.9375610351562 250.26930236816406
723.9116821289062 243.57723999023438
741.279296875 237.22328186035156
757.9622802734375 231.05642700195312
774.1163940429688 225.18267822265625
789.623046875 219.42269897460938
804.625732421875 213.88792419433594
819.2391357421875 208.52352905273438
833.3076171875 203.3709259033203
846.83056640625 198.39866638183594
859.9854736328125 193.5257110595703