1 720 1333
573.3939819335938 482.98388671875
588.3351440429688 479.28155517578125
602.7894897460938 475.52581787109375
617.229248046875 471.8516540527344
631.3096313476562 468.32080078125
645.153564453125 464.71844482421875
658.6952514648438 461.302734375
672.1404418945312 457.74786376953125
685.2626342773438 454.3986511230469
698.2052612304688 451.07574462890625
710.7494506835938 447.7441711425781
578.3443603515625 495.2356262207031
593.32373046875 491.278564453125
608.1333618164062 487.3909912109375
622.569091796875 483.550537109375
636.814697265625 479.7817687988281
650.8090209960938 476.1641540527344
664.6216430664062 472.46771240234375
678.1151733398438 468.79638671875
691.4425659179688 465.2959289550781
704.4192504882812 461.7644348144531
717.2880249023438 458.3938903808594
583.2981567382812 507.7467041015625
598.5332641601562 503.6261901855469
613.4671630859375 499.58563232421875
628.2168579101562 495.56353759765625
642.5672607421875 491.6498107910156
656.729248046875 487.774169921875
670.621826171875 483.9744567871094
684.3748779296875 480.2174072265625
697.7073364257812 476.4779968261719
710.8692626953125 472.80926513671875
723.7975463867188 469.3062438964844
588.4854125976562 520.716796875
603.8901977539062 516.4522705078125
619.1134033203125 512.2025756835938
633.8997192382812 508.01287841796875
648.5342407226562 503.85772705078125
662.793212890625 499.79559326171875
676.9251708984375 495.7894287109375
690.6851806640625 491.8702087402344
704.3081665039062 487.9853210449219
717.5834350585938 484.2635803222656
730.607421875 480.4884033203125
593.8336181640625 534.1989135742188
609.4895629882812 529.5891723632812
624.7943725585938 525.2138061523438
639.8262939453125 520.7304077148438
654.6092529296875 516.47802734375
669.1921997070312 512.2372436523438
683.3665771484375 508.01116943359375
697.3453369140625 503.8779602050781
710.9834594726562 499.8081359863281
724.4453125 495.87200927734375
737.5825805664062 492.0212097167969
599.416015625 547.9666137695312
615.2883911132812 543.24853515625
630.7451782226562 538.5570678710938
645.9864501953125 533.9564208984375
660.9767456054688 529.4554443359375
675.5936279296875 525.0088500976562
690.0314331054688 520.6140747070312
704.1256103515625 516.3242797851562
717.9434814453125 512.1192626953125
731.4920043945312 507.93341064453125
744.7681274414062 503.8733825683594
605.1880493164062 562.2794189453125
621.2489624023438 557.2765502929688
636.9093627929688 552.3902587890625
652.3786010742188 547.5245361328125
667.4650268554688 542.8093872070312
682.3430786132812 538.2308959960938
696.8067016601562 533.6090087890625
711.1531982421875 529.1367797851562
725.0611572265625 524.6617431640625
738.7748413085938 520.4013061523438
752.2107543945312 516.1555786132812
611.0919189453125 576.9906005859375
627.351806640625 571.743408203125
643.2965698242188 566.6045532226562
658.8663940429688 561.5916137695312
674.2498168945312 556.61669921875
689.2261352539062 551.7608642578125
703.8805541992188 547.0201416015625
718.3411865234375 542.3470458984375
732.4364013671875 537.6786499023438
746.2940063476562 533.2202758789062
759.7687377929688 528.7342529296875