1 720 1333
475.74188232421875 70.3729248046875
494.7771911621094 65.4456787109375
514.2318725585938 60.514705657958984
533.7633056640625 55.5065803527832
553.6513061523438 50.494476318359375
573.7760620117188 45.454872131347656
594.2637939453125 40.35894775390625
614.8480834960938 35.23000717163086
635.7409057617188 29.991971969604492
656.9531860351562 24.790061950683594
678.3956909179688 19.577606201171875
477.426025390625 89.46497344970703
496.57861328125 84.63806915283203
516.078857421875 79.76158142089844
535.6953735351562 74.891845703125
555.728515625 69.97126770019531
576.0007934570312 65.0128402709961
596.5247802734375 59.99652099609375
617.3018798828125 54.903297424316406
638.3358154296875 49.76478576660156
659.57763671875 44.707027435302734
681.2276000976562 39.566226959228516
479.1075134277344 108.72296142578125
498.397705078125 104.04998016357422
517.9080810546875 99.30430603027344
537.691162109375 94.51172637939453
557.7816162109375 89.66133880615234
578.2485961914062 84.7413101196289
598.7527465820312 79.83905792236328
619.6854858398438 74.8647232055664
640.819580078125 69.851318359375
662.3250122070312 64.79881286621094
683.943359375 59.77225112915039
480.73895263671875 128.29600524902344
500.19757080078125 123.6268310546875
519.7799072265625 119.00210571289062
539.7136840820312 114.32547760009766
559.9315795898438 109.56532287597656
580.4224853515625 104.74066925048828
601.207275390625 99.95563507080078
622.2291870117188 95.1313247680664
643.468505859375 90.17903137207031
665.05419921875 85.28681945800781
686.8110961914062 80.32215118408203
482.4877014160156 147.99249267578125
501.99151611328125 143.45484924316406
521.6710205078125 138.88836669921875
541.7469482421875 134.33282470703125
562.126708984375 129.6322784423828
582.6710815429688 125.01213073730469
603.5441284179688 120.27020263671875
624.6436157226562 115.4819107055664
646.0768432617188 110.6473617553711
667.7273559570312 105.81546020507812
689.7022094726562 101.02284240722656
484.291015625 167.8212432861328
503.7861328125 163.46180725097656
523.669921875 159.01329040527344
543.78857421875 154.51673889160156
564.318603515625 149.95814514160156
584.9439697265625 145.41629028320312
605.9271240234375 140.75193786621094
627.2366333007812 136.13912963867188
648.6957397460938 131.42767333984375
670.5214233398438 126.69217681884766
692.6368408203125 121.94107055664062
485.9830017089844 187.9642333984375
505.6521301269531 183.6301727294922
525.6102294921875 179.3218994140625
545.8779296875 174.87521362304688
566.4591674804688 170.4821014404297
587.2806396484375 165.98495483398438
608.398681640625 161.50843811035156
629.7116088867188 156.97439575195312
651.4114379882812 152.39671325683594
673.3828735351562 147.7403106689453
695.5711059570312 143.1725311279297
487.74505615234375 208.27935791015625
507.5441589355469 204.06993103027344
527.6204833984375 199.75814819335938
547.9801025390625 195.5205841064453
568.654052734375 191.24246215820312
589.5556640625 186.84019470214844
610.7997436523438 182.47409057617188
632.3888549804688 178.02137756347656
654.1868286132812 173.54324340820312
676.2635498046875 169.0864715576172
698.5704345703125 164.5504150390625