1 720 1333
573.5441284179688 348.9383239746094
587.9650268554688 345.4769287109375
601.9443969726562 342.13507080078125
615.54296875 338.7810363769531
628.7015991210938 335.63995361328125
641.5367431640625 332.5726013183594
653.9597778320312 329.5412292480469
666.0847778320312 326.62860107421875
677.7840576171875 323.75860595703125
689.2396850585938 321.0683898925781
700.328125 318.39813232421875
579.0916748046875 365.1359558105469
593.4528198242188 361.346923828125
607.3762817382812 357.6814880371094
620.8821411132812 354.2328796386719
634.0261840820312 350.71112060546875
646.7715454101562 347.46502685546875
659.2098999023438 344.26116943359375
671.2673950195312 341.08453369140625
682.8955688476562 338.02947998046875
694.318359375 335.08709716796875
705.3029174804688 332.19097900390625
584.6126708984375 381.3177185058594
598.906982421875 377.3095703125
612.7954711914062 373.4432373046875
626.3007202148438 369.58367919921875
639.4093627929688 365.9421691894531
652.1275024414062 362.4057922363281
664.42822265625 358.92230224609375
676.3935546875 355.5466003417969
688.105224609375 352.3331604003906
699.3768920898438 349.16650390625
710.3932495117188 346.0741882324219
590.216796875 397.5529479980469
604.4964599609375 393.32220458984375
618.318603515625 389.1841125488281
631.7025756835938 385.2020568847656
644.7232055664062 381.2715148925781
657.4297485351562 377.4319763183594
669.6326904296875 373.7123718261719
681.6028442382812 370.19610595703125
693.2276611328125 366.62408447265625
704.4835815429688 363.3042907714844
715.3882446289062 359.9647216796875
595.7857055664062 413.87677001953125
610.042724609375 409.36224365234375
623.7706909179688 404.9468994140625
637.1543579101562 400.6343994140625
650.1744995117188 396.5224609375
662.6799926757812 392.5035095214844
674.9241333007812 388.55224609375
686.7681274414062 384.7505187988281
698.4039916992188 381.0581970214844
709.5414428710938 377.4545593261719
720.4406127929688 373.9710388183594
601.45556640625 430.31787109375
615.6036376953125 425.49169921875
629.2978515625 420.7767028808594
642.6185913085938 416.31512451171875
655.5155029296875 411.87469482421875
668.0662841796875 407.59375
680.2686767578125 403.4491882324219
692.094970703125 399.4399108886719
703.5480346679688 395.4905700683594
714.6236572265625 391.6814270019531
725.4686279296875 387.9848937988281
607.1497192382812 446.6881408691406
621.2429809570312 441.60675048828125
634.8287963867188 436.7057189941406
648.11669921875 431.9026184082031
660.9705810546875 427.3332824707031
673.4088745117188 422.7355651855469
685.525146484375 418.41156005859375
697.320556640625 414.1510314941406
708.6575317382812 409.9903564453125
719.7134399414062 405.9546813964844
730.4947509765625 402.0596618652344
612.8224487304688 463.22052001953125
626.8247680664062 457.81512451171875
640.4562377929688 452.6152648925781
653.6024169921875 447.6125793457031
666.4027099609375 442.7018737792969
678.7415771484375 437.98883056640625
690.7993774414062 433.39788818359375
702.4685668945312 428.8533020019531
713.8045654296875 424.5195617675781
724.7810668945312 420.3171691894531
735.53076171875 416.1905822753906