1 720 1333
563.0065307617188 252.2296905517578
582.8198852539062 248.89657592773438
602.1885986328125 245.7196502685547
620.9955444335938 242.67147827148438
639.340087890625 239.6746368408203
657.2593994140625 236.79241943359375
674.5870361328125 234.06443786621094
691.5885620117188 231.37518310546875
708.1024780273438 228.69215393066406
724.2764892578125 226.219482421875
739.8167724609375 223.73609924316406
568.372314453125 272.5189514160156
588.1311645507812 268.92236328125
607.4244384765625 265.4793701171875
626.2244262695312 262.197265625
644.5272827148438 258.9401550292969
662.339111328125 255.7888641357422
679.7058715820312 252.76873779296875
696.6140747070312 249.80882263183594
713.1936645507812 246.93894958496094
729.2169189453125 244.22938537597656
744.7985229492188 241.54197692871094
573.6641845703125 292.8599548339844
593.4617309570312 289.0400695800781
612.642822265625 285.3559265136719
631.457275390625 281.6972351074219
649.6875610351562 278.2476501464844
667.51513671875 274.83221435546875
684.8119506835938 271.5692138671875
701.7031860351562 268.4017639160156
718.2408447265625 265.28338623046875
734.217529296875 262.3009338378906
749.7295532226562 259.3782043457031
579.1397705078125 313.33184814453125
598.7804565429688 309.2384338378906
618.0216674804688 305.262451171875
636.7012329101562 301.3933410644531
654.9752807617188 297.59661865234375
672.6669311523438 293.9510803222656
689.990966796875 290.42620849609375
706.7946166992188 286.9677734375
723.2739868164062 283.5862121582031
739.2496948242188 280.4089050292969
754.6829833984375 277.29730224609375
584.5343017578125 333.7734069824219
604.2203979492188 329.4290771484375
623.3897705078125 325.19854736328125
642.0536499023438 321.03692626953125
660.2710571289062 317.0110168457031
677.9110717773438 313.16851806640625
695.2114868164062 309.34967041015625
711.938232421875 305.6028137207031
728.3378295898438 302.0260925292969
744.2196044921875 298.533447265625
759.6553955078125 295.21649169921875
590.0090942382812 354.3784484863281
609.600830078125 349.7055358886719
628.6865234375 345.2491149902344
647.3599243164062 340.74554443359375
665.4865112304688 336.501953125
683.1697998046875 332.3462829589844
700.3582153320312 328.3016662597656
717.1038208007812 324.35223388671875
733.3878173828125 320.4978332519531
749.2384643554688 316.760009765625
764.6184692382812 313.2272033691406
595.4915771484375 374.9449157714844
615.1044311523438 370.0214538574219
634.1498413085938 365.2688903808594
652.6369018554688 360.5669250488281
670.7198486328125 356.02783203125
688.3645629882812 351.5690002441406
705.5133666992188 347.3126220703125
722.196533203125 343.1001892089844
738.4046630859375 339.007080078125
754.2246704101562 335.0442810058594
769.5637817382812 331.205810546875
601.0485229492188 395.53863525390625
620.5496826171875 390.375732421875
639.5197143554688 385.32275390625
658.0402221679688 380.3804931640625
676.0352783203125 375.5480651855469
693.542724609375 370.8246154785156
710.61767578125 366.348388671875
727.2723388671875 361.826416015625
743.4315795898438 357.518310546875
759.189208984375 353.36798095703125
774.476806640625 349.2615051269531