1 720 1333
549.1552124023438 247.29470825195312
569.2106323242188 248.56988525390625
588.9926147460938 249.96176147460938
608.6519775390625 251.38241577148438
628.2672729492188 252.67953491210938
647.505615234375 254.1949462890625
666.6128540039062 255.5037078857422
685.5640869140625 256.88623046875
704.360107421875 258.38702392578125
722.747802734375 259.69378662109375
741.1192016601562 261.1833190917969
548.309326171875 267.2873229980469
568.2836303710938 268.49993896484375
588.0118408203125 269.7308654785156
607.5664672851562 271.0849304199219
627.0555419921875 272.3742980957031
646.330810546875 273.589111328125
665.3890991210938 274.8675231933594
684.2732543945312 276.2796936035156
702.822265625 277.5050048828125
721.3333129882812 278.71527099609375
739.5062255859375 280.1446533203125
547.4566040039062 287.13299560546875
567.3441162109375 288.2818603515625
586.929443359375 289.4482421875
606.5113525390625 290.5771484375
625.8341064453125 291.7469177246094
645.075927734375 292.9804992675781
664.0928344726562 294.22698974609375
682.7962646484375 295.3902282714844
701.4692993164062 296.5380554199219
719.751953125 297.6721496582031
737.9368896484375 298.8324279785156
546.5772094726562 306.7216796875
566.4002075195312 307.80694580078125
586.0415649414062 308.91766357421875
605.4568481445312 310.0809631347656
624.7083740234375 311.1998596191406
643.8167114257812 312.2684020996094
662.72412109375 313.35540771484375
681.5023803710938 314.422607421875
700.070556640625 315.4656066894531
718.37451171875 316.5224914550781
736.4318237304688 317.5618591308594
545.7357177734375 326.3825988769531
565.513671875 327.353759765625
585.0093994140625 328.3652038574219
604.4421997070312 329.356201171875
623.5886840820312 330.34320068359375
642.6347045898438 331.3267517089844
661.4842529296875 332.3331604003906
680.2341918945312 333.2505187988281
698.5798950195312 334.2669982910156
716.8148193359375 335.2465515136719
734.8195190429688 336.1885681152344
545.0069580078125 345.638916015625
564.5974731445312 346.5526123046875
584.1993408203125 347.5077819824219
603.4087524414062 348.45318603515625
622.5294189453125 349.3428955078125
641.4659423828125 350.275634765625
660.3121948242188 351.1221008300781
678.7781982421875 351.8780822753906
697.2767333984375 352.777099609375
715.4014282226562 353.6051025390625
733.3682250976562 354.505615234375
544.31396484375 364.8235168457031
563.7355346679688 365.6650390625
583.2191772460938 366.5049743652344
602.4071655273438 367.3915100097656
621.446533203125 368.2159118652344
640.3569946289062 368.8903503417969
658.985595703125 369.6463623046875
677.5071411132812 370.49188232421875
695.7371826171875 371.317138671875
713.8767700195312 371.9837951660156
731.7085571289062 372.6600036621094
543.538330078125 383.8391418457031
562.924072265625 384.59844970703125
582.3278198242188 385.4326171875
601.443115234375 386.1748962402344
620.3947143554688 386.76544189453125
639.1788330078125 387.52288818359375
657.6763916015625 388.2579650878906
676.1819458007812 388.8011779785156
694.4317626953125 389.5303955078125
712.435302734375 390.2172546386719
730.2483520507812 390.72125244140625