1 720 1333
479.5293884277344 250.58096313476562
499.56707763671875 246.67234802246094
519.728759765625 242.7718505859375
540.0394897460938 238.80062866210938
560.4302368164062 234.8485107421875
580.87646484375 230.85325622558594
601.4915771484375 226.8726806640625
622.19482421875 222.84898376464844
642.8853759765625 218.9139862060547
663.6969604492188 214.8861541748047
684.6080322265625 210.90570068359375
487.06756591796875 266.89599609375
506.6189270019531 263.2097473144531
526.38232421875 259.37542724609375
546.2361450195312 255.5562744140625
566.1419677734375 251.70521545410156
586.1783447265625 247.87986755371094
606.3097534179688 244.05035400390625
626.4979858398438 240.2115936279297
646.7593383789062 236.4071044921875
667.1956787109375 232.50331115722656
687.5599365234375 228.6491241455078
494.2413330078125 282.5396423339844
513.4072875976562 278.8815002441406
532.6614379882812 275.2980651855469
552.0735473632812 271.5779113769531
571.5687255859375 267.88323974609375
591.1911010742188 264.1883544921875
610.8225708007812 260.4817199707031
630.602294921875 256.7301940917969
650.5078735351562 253.08058166503906
670.4358520507812 249.3533477783203
690.4081420898438 245.57647705078125
501.0851745605469 297.50823974609375
519.8236083984375 294.0152587890625
538.69091796875 290.4842224121094
557.6785278320312 286.9516906738281
576.7736206054688 283.419189453125
595.9353637695312 279.7699890136719
615.2728271484375 276.2350769042969
634.5936889648438 272.6043701171875
654.0549926757812 269.0799255371094
673.538330078125 265.44122314453125
693.103759765625 261.79754638671875
507.62579345703125 311.8236083984375
526.0272216796875 308.46795654296875
544.5095825195312 305.0686340332031
563.116455078125 301.6269226074219
581.7848510742188 298.2552490234375
600.553955078125 294.7264404296875
619.4707641601562 291.2975158691406
638.4310302734375 287.7850036621094
657.4475708007812 284.37139892578125
676.5210571289062 280.8196105957031
695.6465454101562 277.3465576171875
513.97119140625 325.5906677246094
531.942626953125 322.37969970703125
550.0762329101562 319.07586669921875
568.2863159179688 315.7307434082031
586.572265625 312.437744140625
604.9821166992188 309.107177734375
623.4625244140625 305.69757080078125
642.102783203125 302.36376953125
660.6658935546875 299.00103759765625
679.3971557617188 295.600341796875
698.141357421875 292.2483825683594
520.0076293945312 338.7552490234375
537.6346435546875 335.6651306152344
555.4186401367188 332.4856262207031
573.2698364257812 329.3146667480469
591.2098388671875 326.0701904296875
609.2511596679688 322.80499267578125
627.3846435546875 319.5665283203125
645.5554809570312 316.3376159667969
663.7989501953125 313.0058288574219
682.1243896484375 309.693359375
700.4884643554688 306.4257507324219
525.7638549804688 351.5081787109375
543.14697265625 348.4591064453125
560.5211791992188 345.4147644042969
578.0394287109375 342.3314514160156
595.6117553710938 339.2295227050781
613.3345947265625 336.030517578125
631.09619140625 332.80645751953125
648.8828125 329.6493225097656
666.75732421875 326.4835205078125
684.7205810546875 323.2491760253906
702.6650390625 320.0179138183594