1 720 1333
573.5453491210938 498.3641357421875
588.2362670898438 494.72723388671875
602.4892578125 491.2889709472656
616.5612182617188 487.7504577636719
630.3953857421875 484.37408447265625
643.9583740234375 480.9449462890625
657.3439331054688 477.65252685546875
670.5581665039062 474.3437805175781
683.3740234375 471.04095458984375
696.2999267578125 467.8226318359375
708.4547729492188 464.60357666015625
578.3599853515625 508.36981201171875
593.1053466796875 504.6405944824219
607.650634765625 501.06121826171875
621.9058227539062 497.44134521484375
635.9533081054688 493.8295593261719
649.7125244140625 490.37481689453125
663.3307495117188 486.82275390625
676.5216064453125 483.4356384277344
689.775634765625 480.0820007324219
702.4384155273438 476.6231689453125
715.1541748046875 473.3514099121094
583.2025146484375 518.7615356445312
598.2573852539062 514.91943359375
612.9686889648438 511.2142333984375
627.4978637695312 507.42950439453125
641.638916015625 503.67999267578125
655.6869506835938 500.0779113769531
669.3822631835938 496.40435791015625
682.903564453125 492.7884216308594
696.1978759765625 489.3001403808594
709.132080078125 485.7388000488281
721.8988037109375 482.3802490234375
588.2879638671875 529.6389770507812
603.5202026367188 525.6576538085938
618.5260009765625 521.6678466796875
633.2235107421875 517.716552734375
647.6563720703125 513.9026489257812
661.7789306640625 510.10986328125
675.7855834960938 506.34844970703125
689.4210205078125 502.535888671875
702.7880859375 498.8210144042969
716.0402221679688 495.29681396484375
728.91162109375 491.68511962890625
593.5358276367188 541.0294799804688
609.0613403320312 536.7352905273438
624.274169921875 532.5971069335938
639.2413940429688 528.512451171875
653.8323364257812 524.4994506835938
668.2886962890625 520.5117797851562
682.35791015625 516.520751953125
696.2005615234375 512.613037109375
709.734375 508.7567138671875
723.1471557617188 505.0611572265625
736.221435546875 501.361328125
599.0188598632812 552.7312622070312
614.73486328125 548.3688354492188
630.27978515625 543.992431640625
645.4151000976562 539.6600952148438
660.3541259765625 535.4810791015625
674.8312377929688 531.3438720703125
689.2232055664062 527.2206420898438
703.2592163085938 523.1634521484375
717.0105590820312 519.158935546875
730.4852294921875 515.2283935546875
743.7202758789062 511.3785400390625
604.6892700195312 565.0447998046875
620.7278442382812 560.4052734375
636.452880859375 555.767578125
651.8687744140625 551.3646850585938
666.934814453125 546.8534545898438
681.7091674804688 542.5453491210938
696.2981567382812 538.2474365234375
710.4931030273438 534.012451171875
724.4161987304688 529.7722778320312
738.1217041015625 525.7095336914062
751.484375 521.6757202148438
610.6461791992188 577.7329711914062
626.9072265625 572.8245239257812
642.9284057617188 568.1196899414062
658.5633544921875 563.3927612304688
673.8748168945312 558.7325439453125
688.9130249023438 554.2493896484375
703.59814453125 549.7029418945312
718.0576782226562 545.3388671875
732.1658325195312 540.9461059570312
745.9415283203125 536.6782836914062
759.5310668945312 532.508544921875