1 720 1333
580.5863647460938 450.774658203125
596.2249755859375 447.7966003417969
611.4505615234375 444.9029235839844
626.5457763671875 442.0751037597656
641.3871459960938 439.22174072265625
656.028076171875 436.3987731933594
670.4110717773438 433.5515441894531
684.565673828125 430.74420166015625
698.5379028320312 427.97265625
712.34619140625 425.2935791015625
725.7962036132812 422.5716552734375
584.5763549804688 464.0170593261719
600.3173828125 460.9062194824219
615.7761840820312 457.8872985839844
631.0277709960938 454.8026428222656
646.104248046875 451.8431701660156
660.8008422851562 448.9085998535156
675.4326171875 445.95550537109375
689.7108764648438 443.043212890625
703.8345336914062 440.1701965332031
717.732421875 437.33685302734375
731.464599609375 434.48931884765625
588.6214599609375 477.6270446777344
604.57275390625 474.42901611328125
620.2653198242188 471.2324523925781
635.684326171875 468.09814453125
650.8538818359375 464.8853759765625
665.8167114257812 461.7906494140625
680.5427856445312 458.6933288574219
695.104736328125 455.6365661621094
709.3451538085938 452.5899963378906
723.3934936523438 449.61248779296875
737.1904296875 446.65679931640625
592.8026123046875 491.6884765625
608.9276733398438 488.3501281738281
624.825439453125 484.92987060546875
640.448486328125 481.61065673828125
655.8472900390625 478.3683166503906
670.9647216796875 475.1130676269531
685.8575439453125 471.8270263671875
700.525390625 468.6080322265625
714.9488525390625 465.4629211425781
729.17236328125 462.3314208984375
743.1363525390625 459.2884216308594
597.1869506835938 506.2391357421875
613.4886474609375 502.60870361328125
629.5469360351562 499.1427307128906
645.4032592773438 495.57025146484375
660.9707641601562 492.1817626953125
676.2991333007812 488.6772766113281
691.3638916015625 485.3547058105469
706.1986083984375 481.9420471191406
720.7080078125 478.61517333984375
735.1046142578125 475.39617919921875
749.1947021484375 472.19268798828125
601.6011962890625 521.22607421875
618.189453125 517.4071044921875
634.45849609375 513.6714477539062
650.4606323242188 510.01776123046875
666.26513671875 506.3882751464844
681.6639404296875 502.76397705078125
696.950927734375 499.27337646484375
711.9054565429688 495.6937255859375
726.6611328125 492.2548522949219
741.1536865234375 488.7547302246094
755.4080810546875 485.4231262207031
606.212646484375 536.5842895507812
622.948486328125 532.5930786132812
639.4686279296875 528.6975708007812
655.65966796875 524.8262329101562
671.6375732421875 521.07958984375
687.3535766601562 517.3016357421875
702.6891479492188 513.5518188476562
717.8495483398438 509.8454895019531
732.7416381835938 506.2523193359375
747.4151611328125 502.6112365722656
761.7415161132812 499.1285095214844
610.905029296875 552.488525390625
627.9004516601562 548.3425903320312
644.6317138671875 544.2174682617188
661.1106567382812 540.1697387695312
677.2921752929688 536.1564331054688
693.117919921875 532.2060546875
708.6683959960938 528.3272094726562
723.977294921875 524.4235229492188
739.0526123046875 520.5956420898438
753.7684326171875 516.829833984375
768.3644409179688 513.1975708007812