1 720 1333
577.5797729492188 475.7443542480469
592.6629638671875 472.3680725097656
607.4052124023438 468.994873046875
621.9817504882812 465.698486328125
636.3102416992188 462.4601745605469
650.43115234375 459.282470703125
664.275390625 456.0376892089844
677.9053344726562 452.8358154296875
691.3587036132812 449.6866149902344
704.5936889648438 446.6340026855469
717.552978515625 443.5861511230469
581.9547729492188 488.39105224609375
597.1467895507812 484.7964172363281
612.1472778320312 481.36279296875
626.763671875 477.8660583496094
641.3655395507812 474.4938049316406
655.5443725585938 471.1796569824219
669.5809326171875 467.76043701171875
683.4176635742188 464.47283935546875
697.0320434570312 461.2267150878906
710.3749389648438 457.9595642089844
723.5118408203125 454.75732421875
586.386962890625 501.38916015625
601.7464599609375 497.6694030761719
616.8853149414062 494.06982421875
631.778076171875 490.4654846191406
646.4546508789062 486.8369140625
660.8990478515625 483.38134765625
675.107177734375 479.83465576171875
689.108642578125 476.4182434082031
702.7479248046875 472.9569396972656
716.3209838867188 469.6103820800781
729.5629272460938 466.35589599609375
590.90869140625 514.7778930664062
606.527099609375 510.9197998046875
621.8695068359375 507.177978515625
636.9690551757812 503.37066650390625
651.7744140625 499.6139831542969
666.4116821289062 495.9314270019531
680.7450561523438 492.3343811035156
694.8161010742188 488.6597900390625
708.745361328125 485.14752197265625
722.405517578125 481.59234619140625
735.7977294921875 478.221435546875
595.6209106445312 528.6722412109375
611.46533203125 524.5906982421875
626.9594116210938 520.5985717773438
642.3268432617188 516.6185913085938
657.312255859375 512.7285766601562
672.0767211914062 508.8276062011719
686.5806884765625 505.13348388671875
700.8511962890625 501.3412780761719
714.868896484375 497.5615234375
728.6542358398438 493.90838623046875
742.2352294921875 490.3794860839844
600.5256958007812 542.9791870117188
616.518310546875 538.6915283203125
632.3024291992188 534.511962890625
647.7222900390625 530.4093017578125
662.99755859375 526.3441772460938
677.8612060546875 522.3032836914062
692.5918579101562 518.3258666992188
707.060546875 514.3572387695312
721.2385864257812 510.46075439453125
735.1395263671875 506.5987854003906
748.7999267578125 502.8368225097656
605.5443725585938 557.7063598632812
621.7861328125 553.2994995117188
637.699462890625 548.841796875
653.3997192382812 544.51513671875
668.7803955078125 540.2921752929688
683.9180297851562 536.0423583984375
698.7294921875 531.8379516601562
713.3902587890625 527.7197875976562
727.664306640625 523.67626953125
741.743408203125 519.6903076171875
755.56982421875 515.7522583007812
610.7357788085938 572.9719848632812
627.2583618164062 568.3123168945312
643.3804321289062 563.636474609375
659.278076171875 559.1407470703125
674.775146484375 554.6231079101562
690.1650390625 550.26611328125
705.1725463867188 545.81689453125
719.864013671875 541.5869750976562
734.4267578125 537.3733520507812
748.5861206054688 533.2326049804688
762.5560302734375 529.1294555664062