1 720 1333
527.89599609375 203.8011474609375
539.4163818359375 211.2728729248047
551.2205200195312 218.70713806152344
563.3250732421875 226.52200317382812
575.5865478515625 234.37120056152344
588.3309326171875 242.49388122558594
601.2738037109375 250.7437744140625
614.5512084960938 259.3243408203125
628.2167358398438 268.0098571777344
642.2504272460938 276.9907531738281
656.545166015625 286.157470703125
525.2478637695312 219.68441772460938
536.4788818359375 227.1423797607422
548.1636352539062 234.77627563476562
559.8530883789062 242.49423217773438
572.1071166992188 250.53579711914062
584.4686279296875 258.62445068359375
597.24462890625 267.08502197265625
610.2704467773438 275.6153869628906
623.5696411132812 284.423095703125
637.3616333007812 293.4460144042969
651.4174194335938 302.65673828125
522.5415649414062 235.08615112304688
533.6458129882812 242.61822509765625
544.9829711914062 250.26336669921875
556.6162109375 258.15509033203125
568.50927734375 266.19287109375
580.736328125 274.4382629394531
593.2762451171875 282.8117980957031
606.0029907226562 291.4630432128906
619.129638671875 300.400146484375
632.55810546875 309.4149169921875
646.4451904296875 318.7142333984375
519.9677734375 250.17701721191406
530.8187255859375 257.6189270019531
542.068359375 265.4344787597656
553.4324951171875 273.3143310546875
565.22509765625 281.4581298828125
577.1754150390625 289.702880859375
589.3969116210938 298.2148742675781
601.8955688476562 306.8787536621094
614.7401123046875 315.73931884765625
627.9990234375 324.9180908203125
641.4869384765625 334.30279541015625
517.4407958984375 264.62164306640625
528.1959838867188 272.3572082519531
539.1641235351562 280.0827941894531
550.4009399414062 288.1118469238281
561.8134765625 296.2480773925781
573.5969848632812 304.55206298828125
585.6235961914062 313.1588134765625
597.9241333007812 321.79437255859375
610.5675048828125 330.8318786621094
623.53173828125 339.9756164550781
636.7938232421875 349.35455322265625
515.0045166015625 278.8968200683594
525.5166015625 286.5345764160156
536.3243408203125 294.42266845703125
547.3911743164062 302.43890380859375
558.6380004882812 310.587890625
570.2590942382812 319.0487976074219
581.9971923828125 327.5610656738281
594.1862182617188 336.42840576171875
606.4935913085938 345.39013671875
619.2586059570312 354.58184814453125
632.2611694335938 363.98004150390625
512.584716796875 292.68206787109375
522.9102172851562 300.4234619140625
533.58984375 308.3582763671875
544.4427490234375 316.3755187988281
555.58349609375 324.63116455078125
566.8600463867188 332.9902038574219
578.5559692382812 341.6639709472656
590.4320068359375 350.47332763671875
602.5982055664062 359.503662109375
615.1069946289062 368.6925964355469
627.8004150390625 378.1510009765625
510.26190185546875 306.1913757324219
520.5064697265625 313.9621276855469
530.8603515625 321.81805419921875
541.615966796875 329.9967041015625
552.509521484375 338.23260498046875
563.7219848632812 346.69451904296875
575.18994140625 355.3500671386719
586.8311767578125 364.204833984375
598.76611328125 373.1839294433594
611.1425170898438 382.44659423828125
623.6146240234375 391.7886657714844