1 720 1333
648.5965576171875 177.1840362548828
673.1830444335938 174.5749969482422
697.7588500976562 172.01657104492188
722.4837646484375 169.53292846679688
747.3104858398438 167.00320434570312
772.0336303710938 164.5235595703125
796.878173828125 162.1107177734375
821.7344970703125 159.5943603515625
846.7344360351562 157.16378784179688
871.6322631835938 154.6483612060547
896.6017456054688 152.2928009033203
651.1868896484375 202.3305206298828
675.544189453125 199.7147674560547
700.0633544921875 197.35296630859375
724.554443359375 194.7999725341797
749.2224731445312 192.40802001953125
773.7538452148438 189.93603515625
798.4968872070312 187.52301025390625
823.2763671875 185.18385314941406
847.9671020507812 182.6466064453125
872.7517700195312 180.33370971679688
897.5265502929688 177.8762664794922
653.656005859375 227.1328887939453
677.931396484375 224.60427856445312
702.337158203125 222.2672576904297
726.6217041015625 219.7720947265625
751.16455078125 217.44041442871094
775.5670776367188 215.07064819335938
800.1301879882812 212.66412353515625
824.6065063476562 210.36708068847656
849.3026733398438 207.9317626953125
873.7665405273438 205.55319213867188
898.4854125976562 203.26736450195312
656.2357177734375 251.58985900878906
680.3411865234375 249.25949096679688
704.4798583984375 246.7709503173828
728.6651611328125 244.50144958496094
752.9942016601562 242.19708251953125
777.3271484375 239.78182983398438
801.637939453125 237.52215576171875
826.0801391601562 235.2593231201172
850.4832153320312 232.80484008789062
874.87890625 230.5478057861328
899.3665161132812 228.29893493652344
658.6045532226562 275.8090515136719
682.617431640625 273.50433349609375
706.6013793945312 271.22119140625
730.7085571289062 268.79656982421875
754.8356323242188 266.5628356933594
779.029052734375 264.35296630859375
803.232177734375 262.0480651855469
827.42041015625 259.6718444824219
851.6384887695312 257.4762878417969
875.8697509765625 255.222412109375
900.2332153320312 252.8626251220703
661.1369018554688 299.7025146484375
684.90625 297.4903259277344
708.7750244140625 295.27117919921875
732.6800537109375 292.9347229003906
756.6884765625 290.6536865234375
780.6393432617188 288.49615478515625
804.6673583984375 286.29547119140625
828.6669311523438 284.004150390625
852.8040161132812 281.70330810546875
876.85546875 279.5179138183594
900.9761962890625 277.2947692871094
663.5142211914062 323.4664306640625
687.2347412109375 321.24169921875
710.876953125 318.93353271484375
734.680419921875 316.6901550292969
758.487548828125 314.54150390625
782.3753051757812 312.3694763183594
806.262451171875 310.1560363769531
830.0402221679688 307.8710632324219
853.8360595703125 305.6445617675781
877.7364501953125 303.4937438964844
901.6994018554688 301.3204040527344
665.8667602539062 346.7544860839844
689.4352416992188 344.60394287109375
713.0108642578125 342.4490966796875
736.5973510742188 340.2566833496094
760.3482055664062 338.0754089355469
783.8502807617188 335.8465881347656
807.575927734375 333.6629943847656
831.3009033203125 331.51800537109375
854.9716796875 329.365966796875
878.6644897460938 327.1655578613281
902.453125 324.88458251953125