1 720 1333
549.3778076171875 370.418212890625
564.3593139648438 375.3408508300781
579.8755493164062 380.47625732421875
596.1925659179688 385.7569580078125
612.9454956054688 391.34967041015625
630.4692993164062 397.087890625
648.6585693359375 403.02197265625
667.565673828125 409.2412109375
687.3320922851562 415.6305236816406
707.7034301757812 422.2774353027344
729.1146850585938 429.2399597167969
549.3582153320312 389.77032470703125
564.2162475585938 395.0711364746094
579.5123291015625 400.4372863769531
595.5421142578125 406.1632080078125
612.2637329101562 411.9683532714844
629.5018310546875 418.0533752441406
647.4451293945312 424.3402099609375
666.2094116210938 430.7972717285156
685.4918823242188 437.59161376953125
705.6754760742188 444.60467529296875
726.6677856445312 451.8305358886719
549.3155517578125 408.782958984375
563.8408813476562 414.3258056640625
579.2503051757812 420.10772705078125
594.9833374023438 425.97418212890625
611.4740600585938 432.20947265625
628.52294921875 438.529296875
646.3114624023438 445.1554870605469
664.5825805664062 451.9446105957031
683.7192993164062 459.0910949707031
703.6263427734375 466.3721618652344
724.3861694335938 473.98394775390625
549.231201171875 427.4490661621094
563.6668090820312 433.2671813964844
578.7203369140625 439.23480224609375
594.4522705078125 445.4604187011719
610.6702880859375 451.8736877441406
627.5820922851562 458.5647277832031
645.0553588867188 465.44940185546875
663.3084106445312 472.5709533691406
682.064453125 479.95245361328125
701.6325073242188 487.59051513671875
722.0623168945312 495.5112609863281
549.2182006835938 445.6562805175781
563.5118408203125 451.6611633300781
578.4821166992188 457.9743957519531
593.875244140625 464.46368408203125
609.9939575195312 471.19708251953125
626.5689697265625 478.1167297363281
643.84765625 485.28143310546875
661.7575073242188 492.6378173828125
680.4262084960938 500.3936767578125
699.6939086914062 508.2906494140625
719.7859497070312 516.4991455078125
549.1044921875 463.5137939453125
563.417236328125 469.81976318359375
578.1710815429688 476.3724670410156
593.442626953125 483.11309814453125
609.3380126953125 490.01708984375
625.6492309570312 497.20989990234375
642.7174682617188 504.5858459472656
660.4514770507812 512.3380737304688
678.7200317382812 520.2822265625
697.8250732421875 528.4537353515625
717.6102905273438 536.9347534179688
549.0903930664062 481.0470275878906
563.2122802734375 487.5558166503906
577.6982421875 494.3150634765625
592.82666015625 501.2674560546875
608.586181640625 508.4284973144531
624.7704467773438 515.7875366210938
641.6502075195312 523.500244140625
659.1869506835938 531.4351806640625
677.2871704101562 539.6166381835938
696.0580444335938 548.0966186523438
715.5484008789062 556.8434448242188
548.9492797851562 498.19647216796875
562.9219360351562 504.9053039550781
577.4470825195312 511.82208251953125
592.4166870117188 519.044677734375
607.8460083007812 526.4071044921875
623.9622192382812 534.1002807617188
640.5875244140625 541.9301147460938
657.8270874023438 550.112548828125
675.69775390625 558.5276489257812
694.3359985351562 567.278564453125
713.5043334960938 576.2711791992188