1 720 1333
576.6055908203125 461.2156982421875
585.5203247070312 470.5368957519531
594.6446533203125 480.22802734375
604.2706909179688 490.32781982421875
614.1104125976562 500.6832275390625
624.4375 511.5598449707031
635.1484985351562 522.8076782226562
646.319580078125 534.5631713867188
657.8558349609375 546.6926879882812
670.064453125 559.5009765625
682.6455078125 572.7002563476562
563.751708984375 473.2362976074219
572.4197387695312 482.77398681640625
581.41259765625 492.7843322753906
590.6597900390625 503.1844482421875
600.4421997070312 513.9417724609375
610.4879150390625 525.1285400390625
621.02685546875 536.7006225585938
631.8617553710938 548.7660522460938
643.3082275390625 561.4261474609375
655.2310180664062 574.5367431640625
667.5991821289062 588.3028564453125
550.7158203125 485.3601989746094
559.2289428710938 495.27301025390625
567.9525756835938 505.511474609375
577.1148681640625 516.1932983398438
586.5370483398438 527.2940673828125
596.435791015625 538.7725830078125
606.6334838867188 550.73095703125
617.3870849609375 563.2886962890625
628.4781494140625 576.2437744140625
640.1815185546875 589.7708129882812
652.3239135742188 603.9331665039062
537.5365600585938 497.5976867675781
545.740966796875 507.76263427734375
554.37109375 518.3901977539062
563.2831420898438 529.3895874023438
572.5098266601562 540.749755859375
582.1314086914062 552.6306762695312
592.1985473632812 564.9964599609375
602.5889282226562 577.8226928710938
613.4829711914062 591.2615966796875
624.8475952148438 605.2762451171875
636.752685546875 619.810546875
524.2634887695312 510.0084228515625
532.2590942382812 520.4586181640625
540.5834350585938 531.375732421875
549.2959594726562 542.6483764648438
558.3302612304688 554.4498291015625
567.6560668945312 566.64111328125
577.4877319335938 579.3901977539062
587.6532592773438 592.619873046875
598.3558349609375 606.4418334960938
609.4620971679688 620.8602294921875
621.1423950195312 635.9830932617188
510.6828308105469 522.5175170898438
518.540283203125 533.3397827148438
526.6356811523438 544.516845703125
535.1498413085938 556.2006225585938
543.8851318359375 568.3165283203125
553.095947265625 580.822021484375
562.5833740234375 593.9391479492188
572.555419921875 607.60693359375
582.8839721679688 621.8040771484375
593.7850341796875 636.7125244140625
605.2308349609375 652.2871704101562
497.10205078125 535.2103881835938
504.6302795410156 546.2838745117188
512.5599975585938 557.7843627929688
520.7688598632812 569.755126953125
529.3980712890625 582.2916259765625
538.3113403320312 595.243408203125
547.5868530273438 608.6987915039062
557.3109130859375 622.740234375
567.4298706054688 637.436767578125
577.98095703125 652.7312622070312
589.1136474609375 668.774169921875
483.28045654296875 547.9769897460938
490.59686279296875 559.3987426757812
498.35015869140625 571.2505493164062
506.3359680175781 583.5516967773438
514.6271362304688 596.4120483398438
523.3577270507812 609.7075805664062
532.4083251953125 623.6221923828125
541.798583984375 638.164794921875
551.6720581054688 653.2489624023438
562.0899658203125 669.0255126953125
572.823486328125 685.4918212890625