1 720 1333
680.2664794921875 381.2707824707031
702.5552978515625 379.70782470703125
724.693115234375 378.4534912109375
746.7832641601562 377.0014343261719
768.6474609375 375.58148193359375
790.4163208007812 374.3525085449219
811.75732421875 372.82623291015625
833.2378540039062 371.5315856933594
854.386962890625 370.238037109375
875.3890380859375 368.7464599609375
896.175537109375 367.49609375
680.8021850585938 402.36968994140625
703.0352783203125 400.8600769042969
724.9283447265625 399.4383850097656
746.7235107421875 397.9463806152344
768.4528198242188 396.51153564453125
789.782958984375 395.08734130859375
811.22802734375 393.60491943359375
832.3407592773438 392.26763916015625
853.2872924804688 390.7242126464844
873.9716186523438 389.4158935546875
894.605224609375 387.8762512207031
681.55322265625 422.9499816894531
703.4408569335938 421.5013732910156
725.21826171875 419.9568786621094
746.685791015625 418.4737243652344
768.2235107421875 416.9255065917969
789.402587890625 415.5044860839844
810.470703125 413.916015625
831.3886108398438 412.47705078125
852.197998046875 411.0542907714844
872.6326293945312 409.5126953125
893.1655883789062 408.140869140625
682.2188110351562 443.2157897949219
703.7804565429688 441.62091064453125
725.3524780273438 440.1816711425781
746.6304321289062 438.5508728027344
767.8150634765625 437.0225524902344
788.8646240234375 435.44781494140625
809.6751708984375 433.8282165527344
830.4807739257812 432.3738708496094
851.0274658203125 430.7790832519531
871.4448852539062 429.34832763671875
891.6065063476562 427.6921081542969
682.7882690429688 462.91058349609375
704.2840576171875 461.4043273925781
725.4855346679688 459.7472229003906
746.5721435546875 458.2908935546875
767.5909423828125 456.55694580078125
788.4267578125 455.0460205078125
809.1337280273438 453.4140625
829.5469970703125 451.75970458984375
849.942626953125 450.3162841796875
870.1893920898438 448.629638671875
890.2276611328125 447.12298583984375
683.482421875 482.34906005859375
704.5816040039062 480.6489562988281
725.638427734375 479.0566711425781
746.5235595703125 477.44989013671875
767.332275390625 475.728271484375
787.84423828125 474.1731262207031
808.399169921875 472.50518798828125
828.6568603515625 470.847900390625
848.7811279296875 469.31231689453125
868.8111572265625 467.6155090332031
888.6514892578125 465.9853820800781
684.1322631835938 501.239990234375
705.031005859375 499.5699462890625
725.7431030273438 497.8729248046875
746.5009155273438 496.29779052734375
767.091552734375 494.5317687988281
787.4498901367188 492.833740234375
807.6547241210938 491.24444580078125
827.7098999023438 489.5304260253906
847.7012939453125 487.8285217285156
867.5460815429688 486.25537109375
887.3101806640625 484.5026550292969
684.635009765625 519.6444091796875
705.4442749023438 518.0532836914062
725.9298095703125 516.3792114257812
746.4584350585938 514.6331176757812
766.7137451171875 512.923095703125
786.9388427734375 511.28155517578125
806.9798583984375 509.5082092285156
826.8944702148438 507.7283935546875
846.6249389648438 506.1181335449219
866.3302001953125 504.37518310546875
885.697021484375 502.5771789550781