1 720 1333
652.2959594726562 480.1910095214844
670.4172973632812 482.47943115234375
688.4683227539062 484.68121337890625
706.5072631835938 486.9993591308594
724.4674682617188 489.2957458496094
742.3799438476562 491.4499816894531
760.1867065429688 493.62054443359375
777.8206787109375 495.7695617675781
795.54638671875 497.9249572753906
813.2278442382812 500.14739990234375
830.6590576171875 502.30938720703125
650.4496459960938 496.7798156738281
668.80517578125 499.1772766113281
687.2840576171875 501.4378356933594
705.5691528320312 503.67645263671875
723.7735595703125 505.95697021484375
741.9981689453125 508.2339172363281
760.1953735351562 510.4314880371094
778.2639770507812 512.5676879882812
796.2628173828125 514.702880859375
814.1095581054688 516.8714599609375
831.8848876953125 519.1446533203125
648.5240478515625 514.0538330078125
667.32470703125 516.4122924804688
685.964599609375 518.6478271484375
704.5855102539062 521.0003051757812
723.2411499023438 523.2989501953125
741.6687622070312 525.5100708007812
760.2183227539062 527.7051391601562
778.5043334960938 529.9223022460938
796.7545166015625 532.094482421875
815.0601806640625 534.2997436523438
833.2244873046875 536.4655151367188
646.55615234375 531.8626098632812
665.5941162109375 534.2841186523438
684.6202392578125 536.5756225585938
703.6189575195312 538.8472290039062
722.5349731445312 541.2106323242188
741.3929443359375 543.4500122070312
760.2091064453125 545.6473388671875
778.8031005859375 547.8351440429688
797.4960327148438 550.0875244140625
816.018310546875 552.3265380859375
834.5244140625 554.48583984375
644.5165405273438 550.388916015625
663.91064453125 552.7009887695312
683.3347778320312 555.1240844726562
702.6049194335938 557.4129638671875
721.8344116210938 559.68994140625
741.0770263671875 562.0120849609375
760.2131958007812 564.299560546875
779.2572021484375 566.5078735351562
798.2488403320312 568.6411743164062
817.099365234375 570.8841552734375
835.7288208007812 573.1566772460938
642.4166259765625 569.5210571289062
662.2351684570312 571.875
681.8789672851562 574.3236694335938
701.5796508789062 576.6296997070312
721.2691040039062 578.9724731445312
740.6514282226562 581.3078002929688
760.2416381835938 583.52294921875
779.5612182617188 585.7538452148438
798.8722534179688 588.0419311523438
818.1326293945312 590.2432250976562
837.26171875 592.4586181640625
640.2451171875 589.4154052734375
660.4066162109375 591.8046264648438
680.4649658203125 594.2577514648438
700.517578125 596.556884765625
720.4948120117188 598.8873901367188
740.3999633789062 601.28125
760.2640991210938 603.4998779296875
779.8994750976562 605.75244140625
799.5734252929688 607.9981689453125
819.1971435546875 610.277587890625
838.587646484375 612.4369506835938
637.895751953125 610.0643920898438
658.48583984375 612.4821166992188
678.9989013671875 614.853759765625
699.4202270507812 617.2935791015625
719.7258911132812 619.6204833984375
739.9872436523438 621.9297485351562
760.2628784179688 624.2842407226562
780.3712158203125 626.5247192382812
800.3760375976562 628.7483520507812
820.2928466796875 630.98095703125
840.0814819335938 633.2237548828125