1 720 1333
786.6375122070312 360.2714538574219
804.7694091796875 356.74871826171875
822.4364624023438 353.40460205078125
839.6085815429688 350.1053771972656
856.37060546875 346.8619689941406
872.5734252929688 343.7108154296875
888.4623413085938 340.66180419921875
903.9579467773438 337.6977233886719
919.0823364257812 334.77734375
933.7069702148438 331.93292236328125
948.0614624023438 329.1917724609375
786.5599975585938 380.8562316894531
804.5125122070312 377.16986083984375
821.9822387695312 373.5279235839844
839.0391235351562 369.98748779296875
855.5947875976562 366.5054626464844
871.6444702148438 363.2472229003906
887.5151977539062 359.9001159667969
902.7739868164062 356.6793518066406
917.7662963867188 353.65380859375
932.336181640625 350.5892639160156
946.5850830078125 347.56622314453125
786.5062255859375 401.0063781738281
804.3290405273438 397.1349182128906
821.551513671875 393.27703857421875
838.4481201171875 389.48138427734375
854.80029296875 385.8351135253906
870.8345947265625 382.2916564941406
886.4647216796875 378.7676086425781
901.668212890625 375.4571533203125
916.5869140625 372.1194763183594
931.0619506835938 368.8467712402344
945.1173706054688 365.7112731933594
786.3850708007812 420.80120849609375
804.0137329101562 416.61865234375
821.1275024414062 412.5877685546875
837.7589721679688 408.64202880859375
854.2149047851562 404.74102783203125
870.0285034179688 401.0567932128906
885.5191650390625 397.395751953125
900.57763671875 393.7232666015625
915.4270629882812 390.3658447265625
929.6536865234375 386.80511474609375
943.6467895507812 383.50665283203125
786.3687133789062 440.18353271484375
803.6435546875 435.78436279296875
820.6882934570312 431.5389099121094
837.3081665039062 427.4097900390625
853.4661865234375 423.3832702636719
869.210205078125 419.41986083984375
884.5305786132812 415.56103515625
899.4989624023438 411.80194091796875
914.2928466796875 408.0660400390625
928.4042358398438 404.5279541015625
942.3302001953125 400.9661560058594
786.2339477539062 459.1602478027344
803.4879760742188 454.57220458984375
820.3319091796875 450.1825866699219
836.6456909179688 445.8150634765625
852.6693115234375 441.5794677734375
868.379150390625 437.47186279296875
883.5474853515625 433.4364013671875
898.46435546875 429.4681396484375
912.9133911132812 425.65374755859375
927.1549682617188 421.7767333984375
940.8212280273438 418.2418518066406
786.0919189453125 477.68853759765625
803.2324829101562 472.9894714355469
819.7959594726562 468.3919372558594
836.1805419921875 463.8152770996094
852.0145263671875 459.4374694824219
867.486572265625 455.1749267578125
882.5866088867188 450.90350341796875
897.3427734375 446.8158874511719
911.6948852539062 442.7508544921875
925.6760864257812 438.8533935546875
939.4942626953125 434.9884948730469
785.931884765625 495.870849609375
802.9496459960938 491.0373840332031
819.4868774414062 486.254150390625
835.5947875976562 481.5415344238281
851.339111328125 476.9905090332031
866.6129760742188 472.5046691894531
881.590576171875 468.1593017578125
896.2972412109375 463.8129577636719
910.4708251953125 459.65155029296875
924.4531860351562 455.5263366699219
937.9981079101562 451.5472412109375