1 720 1333
556.8541259765625 179.28372192382812
572.5626831054688 177.77938842773438
589.0664672851562 176.3292999267578
606.213623046875 174.7054443359375
624.11474609375 173.17120361328125
642.667724609375 171.5026397705078
662.3765869140625 169.73948669433594
682.7175903320312 168.02801513671875
704.312744140625 166.19178771972656
726.6742553710938 164.3258514404297
750.4027709960938 162.37042236328125
556.5774536132812 201.5874481201172
572.2904052734375 200.59474182128906
588.5482177734375 199.575927734375
605.567626953125 198.538330078125
623.4081420898438 197.48497009277344
641.9923095703125 196.39967346191406
661.4540405273438 195.28033447265625
681.7718505859375 194.06488037109375
703.175537109375 192.72845458984375
725.537841796875 191.53076171875
748.9697265625 190.36083984375
556.3438720703125 223.7303466796875
571.75390625 223.346923828125
588.158203125 222.66818237304688
605.0084228515625 222.21337890625
622.6963500976562 221.55787658691406
641.2615356445312 221.01553344726562
660.563232421875 220.44900512695312
680.7271728515625 219.7707061767578
702.0133666992188 219.29428100585938
724.3268432617188 218.58645629882812
747.6024169921875 218.01197814941406
555.9462280273438 245.78610229492188
571.4505615234375 245.69442749023438
587.56640625 245.6187744140625
604.45947265625 245.57498168945312
622.0763549804688 245.525390625
640.4630737304688 245.50775146484375
659.6474609375 245.45509338378906
679.7667846679688 245.43699645996094
700.8401489257812 245.4521484375
723.0737915039062 245.44248962402344
746.286865234375 245.5089111328125
555.576171875 267.633056640625
571.038818359375 268.0732421875
587.1365966796875 268.4604187011719
603.803466796875 268.7699890136719
621.4219360351562 269.33306884765625
639.6334838867188 269.6780090332031
658.7438354492188 270.28778076171875
678.7716064453125 270.7109069824219
699.7405395507812 271.4263000488281
721.7589721679688 272.01983642578125
744.8204345703125 272.64703369140625
555.3670043945312 289.4043884277344
570.5997924804688 290.24676513671875
586.5785522460938 291.04840087890625
603.3114013671875 291.8683166503906
620.6815795898438 292.77734375
638.8282470703125 293.7777099609375
657.9442138671875 294.8037414550781
677.839111328125 295.9161376953125
698.678466796875 297.2002868652344
720.5781860351562 298.43438720703125
743.51123046875 299.6728515625
554.9617309570312 310.8720703125
570.2764892578125 312.1806640625
586.1666870117188 313.4617004394531
602.6621704101562 314.72998046875
620.1060791015625 316.28118896484375
638.2435302734375 317.6882019042969
657.1952514648438 319.33807373046875
676.913818359375 320.9046630859375
697.6135864257812 322.6322326660156
719.448486328125 324.50616455078125
742.2175903320312 326.47308349609375
554.6215209960938 332.27484130859375
569.7251586914062 333.869384765625
585.6018676757812 335.63958740234375
602.2061157226562 337.5003662109375
619.468505859375 339.4245910644531
637.4459838867188 341.4282531738281
656.3684692382812 343.48297119140625
676.0364990234375 345.65875244140625
696.6170654296875 347.9830322265625
718.3232421875 350.4097595214844
740.860595703125 352.8586120605469