1 720 1333
730.805419921875 450.281494140625
745.90087890625 450.7525329589844
760.5825805664062 451.384033203125
774.9132080078125 451.72802734375
788.9633178710938 452.4083557128906
802.6250610351562 452.78326416015625
816.0545043945312 453.4006042480469
829.1077270507812 453.66351318359375
841.986572265625 454.33551025390625
854.4267578125 454.6302185058594
866.6181640625 455.13885498046875
734.9178466796875 465.83917236328125
750.259765625 466.33111572265625
765.0726928710938 466.5973205566406
779.583740234375 466.97576904296875
793.743408203125 467.4025573730469
807.5521240234375 467.6310119628906
821.0762329101562 467.94549560546875
834.3872680664062 468.37152099609375
847.2769165039062 468.54736328125
859.8244018554688 468.8206481933594
872.2437744140625 469.1766357421875
739.2985229492188 482.1177673339844
754.6314086914062 482.3309020996094
769.6751708984375 482.44549560546875
784.353515625 482.57244873046875
798.681640625 482.7262878417969
812.6192626953125 482.8857727050781
826.3566284179688 483.1195373535156
839.6749267578125 483.2769470214844
852.736083984375 483.3774108886719
865.4675903320312 483.48577880859375
877.8700561523438 483.5777587890625
743.6204833984375 498.7263488769531
759.2838745117188 498.69281005859375
774.4480590820312 498.680908203125
789.33349609375 498.6516418457031
803.7373657226562 498.6320495605469
817.9252319335938 498.6274719238281
831.6869506835938 498.592041015625
845.2290649414062 498.55224609375
858.4176635742188 498.50714111328125
871.2554931640625 498.478271484375
883.759521484375 498.4813537597656
748.22705078125 515.9677124023438
763.9861450195312 515.6724853515625
779.402099609375 515.520751953125
794.4202270507812 515.3418579101562
809.0881958007812 515.0953979492188
823.3451538085938 514.7764892578125
837.3048706054688 514.5960693359375
850.8709106445312 514.4105834960938
864.2461547851562 514.230224609375
877.19189453125 513.912109375
889.7644653320312 513.6689453125
752.9093627929688 533.6788330078125
768.9172973632812 533.3816528320312
784.4927978515625 532.7904663085938
799.6632080078125 532.4609985351562
814.4894409179688 531.9774169921875
828.9007568359375 531.5667724609375
842.981201171875 531.162109375
856.7178955078125 530.652099609375
870.1964111328125 530.3336791992188
883.2517700195312 529.7679443359375
896.045654296875 529.50146484375
757.7855834960938 552.2020263671875
773.989501953125 551.4584350585938
789.7471313476562 550.7271118164062
805.1640014648438 550.1174926757812
820.1142578125 549.4534301757812
834.6519775390625 548.7415771484375
848.86962890625 548.20751953125
862.7429809570312 547.5336303710938
876.2996215820312 546.7976684570312
889.48583984375 546.3173828125
902.3733520507812 545.6054077148438
762.804443359375 571.0621337890625
779.3179931640625 570.2141723632812
795.2516479492188 569.2821655273438
810.72998046875 568.373779296875
825.8468627929688 567.4627685546875
840.5856323242188 566.5210571289062
854.8919067382812 565.6243896484375
868.8946533203125 564.779541015625
882.5906372070312 563.9708251953125
895.8449096679688 563.2379760742188
908.7972412109375 562.3961181640625