1 720 1333
739.9432373046875 592.1071166992188
723.5022583007812 592.6876831054688
706.94189453125 593.3949584960938
690.3685913085938 593.9800415039062
673.6392822265625 594.584228515625
656.9896240234375 595.305908203125
640.2615966796875 595.7549438476562
623.4261474609375 596.4407348632812
606.5151977539062 596.999267578125
589.5938110351562 597.5802001953125
572.6429443359375 598.2648315429688
737.429931640625 581.0037231445312
721.3223876953125 581.585693359375
705.173583984375 582.3118896484375
688.8864135742188 582.7913208007812
672.6456909179688 583.451904296875
656.3927001953125 584.0339965820312
640.0044555664062 584.5770263671875
623.5418701171875 585.15283203125
607.1688232421875 585.59765625
590.5868530273438 586.3375244140625
574.0996704101562 586.7616577148438
734.883056640625 570.4441528320312
719.2562866210938 571.0053100585938
703.4287719726562 571.5610961914062
687.5756225585938 572.2449340820312
671.6429443359375 572.7288818359375
655.7071533203125 573.3506469726562
639.7210693359375 573.7379150390625
623.6991577148438 574.4092407226562
607.6054077148438 574.8147583007812
591.5579223632812 575.4581298828125
575.4068603515625 575.9790649414062
732.5730590820312 560.3900146484375
717.2269287109375 560.8115234375
701.75341796875 561.4738159179688
686.3341674804688 562.0153198242188
670.7391967773438 562.4899291992188
655.2408447265625 563.0120239257812
639.5479125976562 563.548095703125
623.8453979492188 564.0982666015625
608.2550659179688 564.5110473632812
592.4371948242188 565.1250610351562
576.6580200195312 565.5763549804688
730.3580932617188 550.6234741210938
715.337158203125 551.2346801757812
700.2332153320312 551.6605834960938
685.0740356445312 552.2821655273438
669.8226318359375 552.7308959960938
654.622314453125 553.2828979492188
639.408447265625 553.6487426757812
624.0839233398438 554.3104858398438
608.6422729492188 554.64892578125
593.3547973632812 555.2800903320312
577.8485717773438 555.6450805664062
728.2335815429688 541.4544067382812
713.4736938476562 541.8395385742188
698.6907348632812 542.4295654296875
683.8511352539062 542.9020385742188
669.0538940429688 543.437255859375
654.18310546875 543.7833862304688
639.2499389648438 544.4182739257812
624.2506103515625 544.7533569335938
609.2296752929688 545.3406982421875
594.1571044921875 545.68701171875
579.0630493164062 546.3409423828125
726.154296875 532.5156860351562
711.7152709960938 533.001220703125
697.3006591796875 533.5050659179688
682.7443237304688 533.947998046875
668.2455444335938 534.4645385742188
653.613525390625 534.8819580078125
638.9735717773438 535.4264526367188
624.3715209960938 535.745361328125
609.5868530273438 536.3357543945312
594.8696899414062 536.715087890625
580.1551513671875 537.3025512695312
724.2210083007812 524.0570678710938
710.0728149414062 524.4599609375
695.904541015625 524.9065551757812
681.6446533203125 525.431640625
667.4388427734375 525.78369140625
653.1827392578125 526.3637084960938
638.7847290039062 526.7532348632812
624.4730834960938 527.2877807617188
610.1312255859375 527.638671875
595.6251220703125 528.2357788085938
581.2713012695312 528.6281127929688