1 720 1333
595.8738403320312 381.4075622558594
616.5244140625 383.2789306640625
637.5399169921875 385.15167236328125
659.0335083007812 386.9797058105469
680.800537109375 388.9359436035156
703.1519165039062 390.8515930175781
725.6283569335938 392.8520202636719
748.5844116210938 394.92767333984375
771.877685546875 396.92327880859375
795.5953369140625 399.06085205078125
819.6282958984375 401.149658203125
596.6788330078125 401.88153076171875
617.2219848632812 403.8831787109375
637.9282836914062 405.92669677734375
659.25048828125 408.0898742675781
680.7028198242188 410.16455078125
702.6797485351562 412.3321838378906
725.14599609375 414.4454040527344
747.6939086914062 416.55572509765625
770.7484741210938 418.7505187988281
794.2861938476562 420.9798583984375
817.9539184570312 423.3083190917969
597.544921875 421.98492431640625
617.665283203125 424.20220947265625
638.4192504882812 426.43096923828125
659.3712158203125 428.5946044921875
680.6490478515625 430.8522033691406
702.4439086914062 433.22320556640625
724.4815063476562 435.486572265625
746.88427734375 437.7687072753906
769.660400390625 440.1820983886719
792.7600708007812 442.5079650878906
816.3877563476562 444.8348083496094
598.3532104492188 441.6866149902344
618.3805541992188 444.0379638671875
638.6475830078125 446.4332275390625
659.4860229492188 448.75469970703125
680.541748046875 451.2446594238281
702.0969848632812 453.5918884277344
723.8270263671875 456.0690002441406
746.081298828125 458.51104736328125
768.5530395507812 461.07147216796875
791.4693603515625 463.5023193359375
814.6390991210938 466.1023864746094
599.146728515625 461.0019226074219
618.8460693359375 463.43426513671875
639.1427612304688 465.9267883300781
659.5760498046875 468.4985656738281
680.504150390625 471.0615234375
701.6864624023438 473.5707702636719
723.3406982421875 476.19390869140625
745.2852172851562 478.7392883300781
767.4833374023438 481.4250793457031
790.153564453125 484.0639343261719
813.1273803710938 486.6716003417969
599.789306640625 479.85296630859375
619.4959106445312 482.5045166015625
639.4426879882812 485.1259765625
659.7003784179688 487.7319641113281
680.443115234375 490.4698181152344
701.4098510742188 493.1705017089844
722.6619873046875 495.8030700683594
744.4328002929688 498.5509338378906
766.46142578125 501.4090881347656
788.732666015625 504.1719665527344
811.4977416992188 506.9580078125
600.585693359375 498.38494873046875
620.0314331054688 501.12322998046875
639.727783203125 503.8038024902344
659.8150024414062 506.5986633300781
680.3717651367188 509.4010009765625
701.0972900390625 512.2217407226562
722.2186279296875 515.099853515625
743.5800170898438 517.9083862304688
765.415771484375 520.7904052734375
787.4789428710938 523.724365234375
809.8967895507812 526.6312866210938
601.3763427734375 516.4860229492188
620.5363159179688 519.3411865234375
640.1378784179688 522.212890625
659.95751953125 525.09423828125
680.2463989257812 527.90478515625
700.7130737304688 530.8775024414062
721.591064453125 533.8109130859375
742.77978515625 536.7647094726562
764.4130249023438 539.8128662109375
786.2860717773438 542.7911987304688
808.4558715820312 545.8762817382812