1 720 1333
788.0751953125 172.49522399902344
806.658203125 169.1536102294922
824.6351928710938 165.92892456054688
842.0516357421875 162.80809020996094
858.753173828125 159.8417510986328
874.893798828125 157.01011657714844
890.5540771484375 154.23455810546875
905.5921020507812 151.56536865234375
920.3021850585938 148.99566650390625
934.318359375 146.51882934570312
947.8720092773438 144.21189880371094
791.5302124023438 197.57586669921875
809.9999389648438 193.8343048095703
827.7293701171875 190.25851440429688
844.8980712890625 186.7306365966797
861.4937133789062 183.42848205566406
877.4932250976562 180.16461181640625
892.8779907226562 177.0381622314453
907.8416137695312 174.0092010498047
922.3612060546875 171.11753845214844
936.3209228515625 168.30918884277344
949.6900634765625 165.56834411621094
795.1049194335938 222.2644500732422
813.3173828125 218.1381378173828
830.772216796875 214.15406799316406
847.7550048828125 210.295654296875
864.2202758789062 206.5279998779297
879.9380493164062 202.92852783203125
895.3125610351562 199.46487426757812
910.1006469726562 196.1272735595703
924.4263305664062 192.80911254882812
938.2334594726562 189.68553161621094
951.554443359375 186.697265625
798.508544921875 246.51840209960938
816.4946899414062 241.9935760498047
833.8071899414062 237.60145568847656
850.6075439453125 233.41522216796875
866.7574462890625 229.37664794921875
882.4749755859375 225.42098999023438
897.5413818359375 221.55960083007812
912.264892578125 217.86862182617188
926.4700927734375 214.32447814941406
940.1237182617188 210.8233184814453
953.3720092773438 207.53208923339844
801.8655395507812 270.39581298828125
819.6343383789062 265.4705505371094
836.7526245117188 260.6985168457031
853.4090576171875 256.19488525390625
869.3848876953125 251.7223358154297
884.815185546875 247.4865264892578
899.8067016601562 243.38232421875
914.3900756835938 239.35804748535156
928.407958984375 235.45265197753906
941.865234375 231.64419555664062
955.034423828125 228.12045288085938
805.2572021484375 293.7950134277344
822.723388671875 288.5687561035156
839.6953735351562 283.4908447265625
856.1228637695312 278.5711364746094
871.884033203125 273.78692626953125
887.2835083007812 269.24371337890625
902.0047607421875 264.718017578125
916.4207153320312 260.4757385253906
930.3623657226562 256.2987365722656
943.6622924804688 252.26986694335938
956.6858520507812 248.3372039794922
808.468505859375 316.85284423828125
825.8099365234375 311.3010559082031
842.5447998046875 305.813720703125
858.71826171875 300.57958984375
874.4127807617188 295.5095520019531
889.5013427734375 290.5865173339844
904.2109375 285.82037353515625
918.404052734375 281.274658203125
932.1317138671875 276.75689697265625
945.4373168945312 272.4571838378906
958.3257446289062 268.2978210449219
811.675048828125 339.5339050292969
828.7739868164062 333.581787109375
845.4063720703125 327.782470703125
861.3992309570312 322.28887939453125
876.781005859375 316.8520202636719
891.7019653320312 311.6710205078125
906.2835083007812 306.56500244140625
920.3121948242188 301.7006530761719
933.838134765625 296.92327880859375
947.0122680664062 292.390380859375
959.6825561523438 287.8912048339844