1 720 1333
588.5109252929688 483.7557067871094
604.2364501953125 489.06463623046875
620.2996826171875 494.40606689453125
636.6561279296875 499.8141784667969
653.4353637695312 505.42047119140625
670.5398559570312 511.101318359375
688.0224609375 516.798095703125
705.8384399414062 522.6437377929688
724.1047973632812 528.6116943359375
742.668701171875 534.7015380859375
761.6615600585938 540.9078979492188
580.1300048828125 499.37103271484375
595.98583984375 504.7741394042969
612.2157592773438 510.4505920410156
628.68408203125 516.1615600585938
645.6416015625 521.9570922851562
662.9492797851562 527.840576171875
680.6207885742188 533.90966796875
698.6317749023438 540.0679931640625
717.1001586914062 546.3633422851562
735.9629516601562 552.7105712890625
755.19384765625 559.3099975585938
571.4656982421875 515.3165283203125
587.4722900390625 521.0781860351562
603.7924194335938 526.8889770507812
620.5587768554688 532.8814697265625
637.6332397460938 539.038818359375
655.1378784179688 545.2857055664062
672.9884643554688 551.5476684570312
691.2681274414062 558.0352783203125
709.8576049804688 564.544677734375
728.9267578125 571.333984375
748.451171875 578.1910400390625
562.5201416015625 531.7561645507812
578.6714477539062 537.7645874023438
595.2606811523438 543.9379272460938
612.1040649414062 550.2864379882812
629.4169921875 556.6104125976562
647.0117797851562 563.1619262695312
665.1119995117188 569.754638671875
683.5466918945312 576.5244140625
702.4261474609375 583.4491577148438
721.7036743164062 590.5203857421875
741.5018920898438 597.6812133789062
553.3619995117188 548.7262573242188
569.6177978515625 555.0986938476562
586.32763671875 561.4999389648438
603.397216796875 568.1021118164062
620.8009033203125 574.7521362304688
638.6590576171875 581.5972290039062
656.9092407226562 588.570068359375
675.623291015625 595.6544799804688
694.7017211914062 602.8931884765625
714.3181762695312 610.4188842773438
734.3320922851562 617.9563598632812
543.813232421875 566.3025512695312
560.3140258789062 572.8801879882812
577.1915893554688 579.6031494140625
594.3777465820312 586.5289306640625
612.01171875 593.5396118164062
630.0682983398438 600.6924438476562
648.513671875 608.0423583984375
667.408447265625 615.4996337890625
686.7139282226562 623.1556396484375
706.5556640625 630.9171142578125
726.8190307617188 638.8887329101562
533.992431640625 584.3734130859375
550.6155395507812 591.2943115234375
567.6087036132812 598.3399658203125
585.101806640625 605.5391845703125
602.8554077148438 612.8894653320312
621.1607055664062 620.4759521484375
639.761962890625 628.1631469726562
658.9213256835938 635.9622192382812
678.500244140625 644.020263671875
698.5580444335938 652.2426147460938
719.1386108398438 660.5869140625
523.8806762695312 602.9230346679688
540.626220703125 610.2471313476562
557.831298828125 617.6062622070312
575.443603515625 625.2564697265625
593.4744873046875 632.9550170898438
611.88232421875 640.8321533203125
630.7822875976562 648.9324340820312
650.1824951171875 657.2216796875
670.0202026367188 665.5899047851562
690.3206176757812 674.2572021484375
711.1757202148438 683.0167236328125