1 720 1333
304.5942077636719 325.7201232910156
331.3658447265625 323.72247314453125
358.2367248535156 321.72027587890625
385.21038818359375 319.68597412109375
412.24267578125 317.68756103515625
439.3360900878906 315.64337158203125
466.4227600097656 313.5792236328125
493.53118896484375 311.5441589355469
520.6304321289062 309.5022277832031
547.7999877929688 307.4120788574219
575.0131225585938 305.2971496582031
315.7235412597656 346.7027587890625
341.7616271972656 344.84393310546875
367.9265441894531 342.9171447753906
394.2371520996094 341.0606384277344
420.4912414550781 339.13018798828125
446.7940979003906 337.2038879394531
473.2403564453125 335.2172546386719
499.5159606933594 333.2593688964844
525.9359741210938 331.2803649902344
552.4144287109375 329.21173095703125
578.831298828125 327.1878356933594
326.3175354003906 366.6306457519531
351.6700439453125 364.8128356933594
377.2235412597656 363.0862731933594
402.685302734375 361.2486267089844
428.3725280761719 359.3968505859375
453.95526123046875 357.5068054199219
479.60198974609375 355.5668640136719
505.3049011230469 353.6324157714844
530.9354248046875 351.7525329589844
556.669189453125 349.7828369140625
582.4494018554688 347.8006896972656
336.4093017578125 385.57403564453125
361.123291015625 383.8096618652344
385.94378662109375 382.1983947753906
410.8371276855469 380.4172058105469
435.7552490234375 378.56085205078125
460.69952392578125 376.7567443847656
485.70843505859375 375.0215759277344
510.7077331542969 373.2436828613281
535.7490234375 371.43487548828125
560.7822265625 369.51507568359375
585.9240112304688 367.5812683105469
345.9668884277344 403.5556945800781
370.0662536621094 401.81976318359375
394.3386535644531 400.29388427734375
418.5530700683594 398.5445556640625
442.8275451660156 396.8154296875
467.2273864746094 395.1968994140625
491.5556945800781 393.4212646484375
515.9047241210938 391.6476135253906
540.3370361328125 389.91461181640625
564.7154541015625 388.1969299316406
589.264404296875 386.3504943847656
355.0858459472656 420.57342529296875
378.6206359863281 419.1089172363281
402.2729187011719 417.47857666015625
425.87823486328125 415.7870788574219
449.621826171875 414.3033752441406
473.348388671875 412.55322265625
497.13446044921875 410.8822937011719
520.8410034179688 409.3111267089844
544.6625366210938 407.5818176269531
568.4872436523438 405.8112487792969
592.4256591796875 404.19598388671875
363.776611328125 436.8470764160156
386.7695617675781 435.4660949707031
409.7987976074219 433.8086853027344
432.9203796386719 432.3697814941406
456.0968933105469 430.6958923339844
479.25042724609375 429.21661376953125
502.4449157714844 427.5491638183594
525.5999145507812 425.9095153808594
548.8101806640625 424.4019775390625
572.1390991210938 422.6336364746094
595.456787109375 420.9713134765625
372.1617126464844 452.42120361328125
394.5374755859375 450.96551513671875
417.09515380859375 449.5241394042969
439.5820007324219 448.0242614746094
462.23114013671875 446.48297119140625
484.80157470703125 444.9600830078125
507.5003356933594 443.4696350097656
530.18701171875 441.7763671875
552.8198852539062 440.3470458984375
575.5377807617188 438.6037292480469
598.3096923828125 436.9974365234375