1 720 1333
530.1264038085938 366.7802734375
561.8895874023438 351.0909423828125
592.1025390625 336.0686340332031
620.9117431640625 321.7438659667969
648.4473266601562 308.2056884765625
674.6173095703125 295.30389404296875
699.54541015625 282.9626770019531
723.4027709960938 271.3089294433594
746.123291015625 260.1742858886719
767.6605834960938 249.49420166015625
788.3583374023438 239.33602905273438
541.6182861328125 397.80950927734375
572.2489624023438 381.7384338378906
601.5042114257812 366.4293518066406
629.4096069335938 351.7825927734375
656.1511840820312 337.78265380859375
681.5230712890625 324.5082702636719
705.8019409179688 311.7797546386719
728.9485473632812 299.6911315917969
751.2028198242188 288.201904296875
772.2430419921875 277.1314392089844
792.3803100585938 266.57562255859375
552.5426635742188 427.3058776855469
582.2518920898438 410.92388916015625
610.4717407226562 395.3982849121094
637.5750732421875 380.4376525878906
663.459228515625 366.1904602050781
688.2693481445312 352.4751281738281
711.7843627929688 339.4464416503906
734.4469604492188 326.9469909667969
755.9529418945312 315.1131591796875
776.5556030273438 303.6562805175781
796.2465209960938 292.7579650878906
563.1031494140625 455.31005859375
591.657958984375 438.6916809082031
619.1168212890625 422.83526611328125
645.3825073242188 407.7056884765625
670.5496215820312 393.2040710449219
694.5418090820312 379.2997131347656
717.5714111328125 365.9301452636719
739.547607421875 353.19769287109375
760.6355590820312 340.8853759765625
780.650634765625 329.3089599609375
799.9364624023438 318.0086975097656
572.942626953125 481.7126770019531
600.708740234375 465.1329040527344
627.3595581054688 449.1160583496094
652.7872314453125 433.71112060546875
677.2778930664062 418.97930908203125
700.6231079101562 404.8579406738281
723.0491333007812 391.28680419921875
744.5252685546875 378.2470397949219
764.985595703125 365.7718505859375
784.6279296875 353.70623779296875
803.4367065429688 342.2996520996094
582.4683227539062 507.0185546875
609.425537109375 490.2098693847656
635.222900390625 474.0650634765625
659.8955688476562 458.56011962890625
683.6524047851562 443.6274108886719
706.4452514648438 429.3189697265625
728.2957763671875 415.5401306152344
749.2056884765625 402.2970886230469
769.2411499023438 389.5657653808594
788.3923950195312 377.38037109375
806.7438354492188 365.5605163574219
591.5222778320312 530.99658203125
617.6259765625 514.12109375
642.66748046875 497.83575439453125
666.7182006835938 482.25006103515625
689.7781372070312 467.1934509277344
711.9324340820312 452.67657470703125
733.2640380859375 438.662109375
753.5790405273438 425.3421630859375
773.2152099609375 412.4374084472656
791.84033203125 399.94085693359375
809.9067993164062 388.03656005859375
600.1768798828125 553.8340454101562
625.5303344726562 536.8453979492188
649.828369140625 520.5173950195312
673.2694091796875 504.7616271972656
695.6643676757812 489.6434326171875
717.284423828125 475.0517272949219
737.8933715820312 460.9682922363281
757.8245849609375 447.3687438964844
776.8919067382812 434.34979248046875
795.264404296875 421.67376708984375
812.7955322265625 409.5605163574219