1 720 1333
344.5875244140625 92.53074645996094
358.05419921875 95.85342407226562
371.4808654785156 99.43817901611328
385.3578796386719 102.931396484375
399.3426208496094 106.63170623779297
413.592529296875 110.36531829833984
428.14178466796875 114.18470001220703
442.8900146484375 118.04271697998047
457.8857116699219 121.94389343261719
473.3053894042969 126.07221984863281
488.869140625 130.18112182617188
338.1513671875 108.38053894042969
351.3260803222656 111.98113250732422
364.8503112792969 115.54835510253906
378.5527038574219 119.34122467041016
392.5615234375 123.10867309570312
406.7617492675781 126.96478271484375
421.3563232421875 130.8944091796875
436.05816650390625 134.89210510253906
451.0879211425781 139.02223205566406
466.3563232421875 143.28945922851562
481.90570068359375 147.5141143798828
331.3977966308594 124.4493179321289
344.6846008300781 128.05609130859375
358.14141845703125 131.8445587158203
371.8891296386719 135.66368103027344
385.7826232910156 139.61195373535156
400.0394592285156 143.60552978515625
414.4646911621094 147.70013427734375
429.2504577636719 151.9150390625
444.1597595214844 156.1783905029297
459.4587707519531 160.53018188476562
474.93487548828125 164.8915252685547
324.74151611328125 140.4118194580078
337.9134826660156 144.3260040283203
351.43798828125 148.2025146484375
365.04278564453125 152.24371337890625
379.0595397949219 156.3050079345703
393.17572021484375 160.4221649169922
407.6117858886719 164.63287353515625
422.28033447265625 168.94296264648438
437.2777099609375 173.38677978515625
452.45477294921875 177.82550048828125
468.001708984375 182.45492553710938
318.167724609375 156.5546875
331.3228454589844 160.4904327392578
344.6445617675781 164.58236694335938
358.36614990234375 168.6434783935547
372.2330627441406 172.9371337890625
386.35272216796875 177.27735900878906
400.7030334472656 181.56521606445312
415.4225769042969 186.12850952148438
430.2953186035156 190.6195526123047
445.517333984375 195.31655883789062
460.8865051269531 200.0492706298828
311.482421875 172.6361083984375
324.597900390625 176.7877960205078
337.9033203125 180.965087890625
351.52569580078125 185.34373474121094
365.406494140625 189.6409149169922
379.4847106933594 194.13526916503906
393.88214111328125 198.66842651367188
408.4665832519531 203.3124542236328
423.4053039550781 207.99647521972656
438.4926452636719 212.7506103515625
454.0007019042969 217.6742706298828
304.84228515625 188.9086456298828
317.7747497558594 193.17796325683594
331.2546691894531 197.5234832763672
344.7202453613281 201.90655517578125
358.59613037109375 206.44786071777344
372.649169921875 211.1200408935547
387.0240478515625 215.73231506347656
401.5909729003906 220.53770446777344
416.4419860839844 225.40936279296875
431.5588073730469 230.41336059570312
446.93310546875 235.44357299804688
298.10528564453125 205.20169067382812
311.2225036621094 209.59112548828125
324.4248046875 214.08688354492188
338.0270080566406 218.6358642578125
351.7249755859375 223.3717803955078
365.8105773925781 228.06900024414062
380.1537170410156 232.92884826660156
394.71197509765625 237.81265258789062
409.5389099121094 242.86302185058594
424.6315612792969 248.04769897460938
439.9642639160156 253.2873992919922