1 720 1333
517.81201171875 258.0712585449219
535.6426391601562 274.5374450683594
552.9041137695312 290.52197265625
569.6823120117188 306.1246643066406
586.0982055664062 321.2740173339844
602.05078125 335.9615478515625
617.5623168945312 350.3708190917969
632.689453125 364.3599853515625
647.4743041992188 377.9541320800781
661.8137817382812 391.2133483886719
675.7573852539062 404.08294677734375
501.99298095703125 273.40673828125
519.7154541015625 289.4639587402344
537.0997924804688 305.11993408203125
553.8703002929688 320.3235168457031
570.3483276367188 335.1407470703125
586.3181762695312 349.51019287109375
601.8472900390625 363.5560302734375
617.0899047851562 377.2899475097656
631.846923828125 390.5809020996094
646.3304443359375 403.521240234375
660.3888549804688 416.16217041015625
486.43365478515625 288.41729736328125
504.311279296875 304.1205139160156
521.5599975585938 319.36151123046875
538.4711303710938 334.26763916015625
554.8410034179688 348.6850280761719
570.853271484375 362.7685546875
586.5076293945312 376.53448486328125
601.70703125 389.9044494628906
616.6168212890625 402.9619445800781
631.1007080078125 415.5963134765625
645.2434692382812 427.9289855957031
471.3088684082031 303.1227722167969
489.0578308105469 318.445068359375
506.4480285644531 333.3641662597656
523.3179931640625 347.8451232910156
539.7392578125 362.0745544433594
555.7874145507812 375.7948303222656
571.48046875 389.29864501953125
586.7299194335938 402.3880615234375
601.6309814453125 415.1641540527344
616.2120361328125 427.5008239746094
630.35693359375 439.5291748046875
456.40185546875 317.4763488769531
474.2860107421875 332.4297180175781
491.5693359375 347.03955078125
508.52752685546875 361.2717590332031
525.0042114257812 375.1280822753906
541.0913696289062 388.5679931640625
556.7545166015625 401.70269775390625
572.085205078125 414.5137939453125
586.9755249023438 427.0035705566406
601.562744140625 439.1253967285156
615.7434692382812 450.85400390625
441.8716125488281 331.5025329589844
459.69525146484375 346.23126220703125
477.1486511230469 360.45367431640625
494.0553283691406 374.3756408691406
510.5517578125 387.82958984375
526.6260986328125 401.0865783691406
542.3917846679688 413.8509826660156
557.6493530273438 426.44451904296875
572.6425170898438 438.6324462890625
587.2592163085938 450.4753723144531
601.5083618164062 462.0400695800781
427.702880859375 345.3631896972656
445.5494384765625 359.6043395996094
462.9022216796875 373.5583190917969
479.8730773925781 387.1683349609375
496.4262390136719 400.4050598144531
512.5101928710938 413.28997802734375
528.3016967773438 425.79901123046875
543.6173706054688 438.0863037109375
558.5737915039062 450.01556396484375
573.246337890625 461.5744934082031
587.5060424804688 472.872314453125
413.7818298339844 358.7385559082031
431.6527404785156 372.7838134765625
449.0672302246094 386.44000244140625
466.0282287597656 399.67724609375
482.5548095703125 412.6199951171875
498.6761779785156 425.2693786621094
514.464111328125 437.483154296875
529.8129272460938 449.4611511230469
544.8076171875 461.1481018066406
559.5028076171875 472.46502685546875
573.7864990234375 483.48834228515625