1 720 1333
309.1659851074219 41.25261688232422
333.6722412109375 45.94874572753906
357.8661804199219 50.624664306640625
381.7634582519531 55.339698791503906
405.416015625 59.98126220703125
428.599365234375 64.58365631103516
451.51617431640625 69.18507385253906
474.17877197265625 73.70428466796875
496.40399169921875 78.23246765136719
518.3660888671875 82.6520004272461
539.8899536132812 87.12399291992188
306.7261047363281 64.20068359375
331.3238220214844 68.7229232788086
355.5404968261719 73.30618286132812
379.4365234375 77.7773666381836
402.9873352050781 82.27401733398438
426.2707214355469 86.68050384521484
449.1922607421875 91.13166046142578
471.7105407714844 95.45124816894531
494.0298767089844 99.73226165771484
515.9113159179688 104.10182189941406
537.4856567382812 108.35299682617188
304.4367980957031 87.17623138427734
328.9798583984375 91.53145599365234
353.1652526855469 95.87999725341797
377.09014892578125 100.2385482788086
400.55987548828125 104.50982666015625
423.8115234375 108.73583984375
446.7226867675781 112.97694396972656
469.38348388671875 117.22343444824219
491.60455322265625 121.33987426757812
513.53955078125 125.4916000366211
535.1881103515625 129.5404052734375
302.15167236328125 110.08787536621094
326.5892028808594 114.30199432373047
350.7613830566406 118.45508575439453
374.6566162109375 122.61984252929688
398.29083251953125 126.71434020996094
421.4828186035156 130.8009796142578
444.4333801269531 134.86605834960938
467.0108642578125 138.8951416015625
489.30242919921875 142.85865783691406
511.216552734375 146.81439208984375
532.725830078125 150.73147583007812
299.7711181640625 132.90750122070312
324.37158203125 137.0399932861328
348.48455810546875 140.9723663330078
372.3990783691406 145.0046844482422
395.8992004394531 148.9632110595703
419.2268981933594 152.85543823242188
442.13311767578125 156.72885131835938
464.6547546386719 160.5849151611328
486.9050598144531 164.39476013183594
508.79302978515625 168.18734741210938
530.4017944335938 171.83633422851562
297.5822448730469 155.83511352539062
322.12091064453125 159.62303161621094
346.3034362792969 163.51815795898438
370.15362548828125 167.35276794433594
393.6372985839844 171.12803649902344
416.8536071777344 174.8358917236328
439.7572021484375 178.5725555419922
462.3997497558594 182.28768920898438
484.58453369140625 185.88204956054688
506.49847412109375 189.46058654785156
528.1060180664062 193.02992248535156
295.41033935546875 178.60128784179688
319.7925720214844 182.3500213623047
344.05328369140625 185.9270782470703
367.8029479980469 189.56468200683594
391.44537353515625 193.27651977539062
414.6222229003906 196.7451171875
437.53009033203125 200.3612060546875
460.1562805175781 203.8113250732422
482.33306884765625 207.32554626464844
504.2357482910156 210.71005249023438
525.7010498046875 214.05856323242188
293.2793273925781 201.39572143554688
317.6490478515625 204.84530639648438
341.7500915527344 208.37832641601562
365.6755676269531 211.7954559326172
389.22454833984375 215.29461669921875
412.4258728027344 218.69332885742188
435.3397521972656 222.0829315185547
457.80291748046875 225.42811584472656
480.04876708984375 228.65228271484375
501.8599548339844 231.85716247558594
523.3898315429688 235.11538696289062