1 720 1333
455.215087890625 155.4303741455078
475.1556396484375 155.8209686279297
495.0116271972656 156.44154357910156
514.8711547851562 156.91908264160156
534.7669067382812 157.5072784423828
554.6857299804688 158.101806640625
574.5614013671875 158.5967559814453
594.4847412109375 159.25343322753906
614.3412475585938 159.68124389648438
634.1982421875 160.42242431640625
653.8912963867188 161.04318237304688
454.39739990234375 174.82611083984375
474.3459777832031 175.41664123535156
494.3018798828125 175.83322143554688
514.2249755859375 176.44302368164062
534.2077026367188 176.9188232421875
554.0648803710938 177.50485229492188
573.9649047851562 178.0931854248047
593.7971801757812 178.56167602539062
613.7132568359375 179.22035217285156
633.5775756835938 179.6632080078125
653.4722290039062 180.3961944580078
453.4950866699219 194.45230102539062
473.5263671875 194.9194793701172
493.4591979980469 195.45095825195312
513.4716186523438 195.88616943359375
533.4354248046875 196.49391174316406
553.4210205078125 196.95640563964844
573.3341064453125 197.51148986816406
593.3269653320312 198.06515502929688
613.2133178710938 198.58169555664062
633.1514892578125 199.2379608154297
652.9249877929688 199.70306396484375
452.65667724609375 214.13510131835938
472.628662109375 214.54344177246094
492.6609191894531 215.11618041992188
512.6466674804688 215.55694580078125
532.6924438476562 216.13565063476562
552.627197265625 216.55294799804688
572.64990234375 217.13685607910156
592.621337890625 217.56202697753906
612.6034545898438 218.17262268066406
632.5230102539062 218.6138458251953
652.496826171875 219.29966735839844
451.75115966796875 233.76243591308594
471.86260986328125 234.3504638671875
491.86590576171875 234.69866943359375
511.95526123046875 235.3174285888672
531.9517822265625 235.70750427246094
552.05322265625 236.29115295410156
572.0582275390625 236.66441345214844
592.0953369140625 237.26914978027344
612.07373046875 237.65020751953125
632.1046752929688 238.32052612304688
651.9903564453125 238.76405334472656
451.0599670410156 253.5817108154297
471.151123046875 254.14817810058594
491.2198486328125 254.5560760498047
511.27099609375 255.0624237060547
531.3547973632812 255.5054931640625
551.3616943359375 255.9971160888672
571.4479370117188 256.47003173828125
591.4642333984375 256.93756103515625
611.4983520507812 257.46502685546875
631.5018310546875 257.9446716308594
651.55712890625 258.5278015136719
450.2883605957031 273.50921630859375
470.3687744140625 273.9090576171875
490.4342346191406 274.44970703125
510.4980163574219 274.8309020996094
530.5574340820312 275.4005432128906
550.62744140625 275.7513732910156
570.7225341796875 276.3778381347656
590.8011474609375 276.6942443847656
610.8698120117188 277.32037353515625
631.0322875976562 277.7017822265625
651.07080078125 278.3415832519531
449.4535217285156 293.4674377441406
469.55950927734375 293.80865478515625
489.58734130859375 294.4150695800781
509.71380615234375 294.7388610839844
529.821533203125 295.3226318359375
550.018310546875 295.6802062988281
570.2064819335938 296.2503967285156
590.3028564453125 296.62518310546875
610.4180908203125 297.1986999511719
630.4786987304688 297.5995788574219
650.5547485351562 298.2266540527344