1 720 1333
635.392822265625 325.79681396484375
656.2008056640625 334.151611328125
675.6507568359375 341.7927551269531
693.8585205078125 349.1354675292969
711.031005859375 355.883056640625
727.1015014648438 362.3175048828125
742.2596435546875 368.3036193847656
756.4698486328125 373.9300231933594
769.906494140625 379.3299560546875
782.5877685546875 384.29559326171875
794.6074829101562 388.9964599609375
617.8260498046875 348.59326171875
638.9352416992188 356.0696105957031
658.6799926757812 362.98309326171875
677.262451171875 369.5152587890625
694.6422729492188 375.60107421875
711.0106201171875 381.3616943359375
726.4981079101562 386.70953369140625
741.0521850585938 391.8387756347656
754.7813110351562 396.64471435546875
767.7359619140625 401.2086181640625
780.0531005859375 405.45257568359375
600.9014892578125 370.67913818359375
622.2549438476562 377.3903503417969
642.2930297851562 383.5419006347656
661.040771484375 389.4004821777344
678.73291015625 394.7936096191406
695.391357421875 399.93914794921875
711.1431274414062 404.76123046875
725.89697265625 409.4010009765625
739.985107421875 413.6554870605469
753.2576904296875 417.6744689941406
765.74853515625 421.5149230957031
584.4705200195312 392.2452392578125
606.04736328125 398.1114501953125
626.2803955078125 403.5571594238281
645.3068237304688 408.72088623046875
663.2645263671875 413.5828552246094
680.119384765625 418.19879150390625
696.0890502929688 422.45001220703125
711.1991577148438 426.4806823730469
725.4614868164062 430.3627624511719
738.9415283203125 433.853759765625
751.6803588867188 437.3074645996094
568.585205078125 413.0057067871094
590.342529296875 418.227294921875
610.6841430664062 422.994873046875
629.9646606445312 427.5423889160156
648.11181640625 431.8174743652344
665.2583618164062 435.80059814453125
681.4133911132812 439.6209716796875
696.7014770507812 443.21746826171875
711.2978515625 446.536376953125
724.9783935546875 449.6474914550781
738.005615234375 452.64044189453125
553.236328125 433.2455749511719
575.1204833984375 437.6590576171875
595.6297607421875 441.86492919921875
615.1146850585938 445.82061767578125
633.4005737304688 449.5609130859375
650.6724243164062 453.10394287109375
667.12646484375 456.38238525390625
682.6043090820312 459.476318359375
697.3643188476562 462.4029235839844
711.2971801757812 465.14300537109375
724.5203247070312 467.66937255859375
538.3318481445312 452.73358154296875
560.3237915039062 456.6360168457031
581.0350952148438 460.29241943359375
600.5833129882812 463.66400146484375
619.1263427734375 466.810791015625
636.533935546875 469.80096435546875
653.1802368164062 472.6261901855469
668.793212890625 475.31646728515625
683.7027587890625 477.7751159667969
697.8276977539062 480.154296875
711.315185546875 482.34124755859375
523.8182983398438 471.741455078125
545.9846801757812 475.0740661621094
566.7740478515625 478.1488952636719
586.5106201171875 480.9693298339844
605.1870727539062 483.6524658203125
622.7552490234375 486.1894836425781
639.4989013671875 488.5359802246094
655.3842163085938 490.68511962890625
670.4390869140625 492.7775573730469
684.733154296875 494.6763610839844
698.3260498046875 496.5835266113281