1 720 1333
542.4835815429688 137.7952880859375
561.3521118164062 149.55532836914062
579.3987426757812 160.81678771972656
596.811767578125 171.6923828125
613.5823364257812 182.16668701171875
629.7538452148438 192.3108673095703
645.3917236328125 202.00653076171875
660.451416015625 211.44778442382812
674.9851684570312 220.499267578125
689.01513671875 229.30496215820312
702.5270385742188 237.78379821777344
536.3080444335938 156.7470703125
555.4159545898438 168.2327423095703
573.7240600585938 179.23963928222656
591.4962768554688 189.8031005859375
608.5219116210938 200.11587524414062
624.8999633789062 209.8456573486328
640.7412109375 219.43174743652344
656.0914306640625 228.57008361816406
670.75048828125 237.4153289794922
685.015380859375 246.0244140625
698.7019653320312 254.30609130859375
529.9168090820312 176.0388641357422
549.4383544921875 187.29408264160156
568.0953369140625 197.99954223632812
586.10205078125 208.3958740234375
603.3883056640625 218.2932891845703
620.0335083007812 227.88882446289062
636.1218872070312 237.15872192382812
651.5753173828125 246.0236358642578
666.578125 254.6790313720703
680.9456787109375 262.99462890625
694.8656616210938 271.15869140625
523.5889282226562 195.7717742919922
543.3466186523438 206.63497924804688
562.317138671875 217.16368103027344
580.534423828125 227.21095275878906
598.1770629882812 236.8830108642578
615.04541015625 246.2279052734375
631.360107421875 255.2444305419922
647.1403198242188 263.8729553222656
662.2755737304688 272.2735595703125
676.86376953125 280.39837646484375
690.94970703125 288.2358703613281
517.0396118164062 215.859130859375
537.168701171875 226.50634765625
556.4168701171875 236.60043334960938
574.8994750976562 246.41409301757812
592.7435302734375 255.76524353027344
609.9263305664062 264.8538818359375
626.5171508789062 273.5791931152344
642.48974609375 282.0372619628906
657.8456420898438 290.1962585449219
672.6654663085938 298.0136413574219
687.07421875 305.6631164550781
510.4176025390625 236.4490966796875
530.7717895507812 246.6653594970703
550.4144897460938 256.58111572265625
569.239501953125 266.0497131347656
587.37353515625 275.19091796875
604.74853515625 283.89178466796875
621.5470581054688 292.3754577636719
637.7750854492188 300.5308837890625
653.4287719726562 308.41717529296875
668.4799194335938 316.0508117675781
682.93017578125 323.3984375
503.60736083984375 257.3717346191406
524.413330078125 267.3520202636719
544.3377685546875 276.8605651855469
563.414794921875 286.0252685546875
581.774169921875 294.8298645019531
599.4979248046875 303.3489685058594
616.5689086914062 311.51788330078125
632.9800415039062 319.4167175292969
648.83935546875 326.99346923828125
664.131103515625 334.37261962890625
678.7685546875 341.4407043457031
496.73809814453125 278.7350158691406
517.843505859375 288.36724853515625
538.12255859375 297.5647888183594
557.5120239257812 306.448974609375
576.2308349609375 314.9101257324219
594.1762084960938 323.17120361328125
611.4557495117188 331.01971435546875
628.16845703125 338.6018371582031
644.2559814453125 345.9323425292969
659.62841796875 352.99932861328125
674.5507202148438 359.7751159667969