1 720 1333
289.7817687988281 273.792236328125
306.73785400390625 277.6837463378906
323.6907653808594 281.4725036621094
341.3476867675781 285.4818420410156
359.1578063964844 289.4471740722656
377.3485107421875 293.496826171875
395.8427429199219 297.665283203125
414.6802673339844 301.80938720703125
433.93963623046875 306.246337890625
453.5581970214844 310.5045471191406
473.507568359375 314.9141845703125
296.5074157714844 292.1583251953125
312.98504638671875 295.9850158691406
329.8277587890625 299.9335021972656
347.0610046386719 303.96197509765625
364.5740051269531 308.0896911621094
382.4837341308594 312.289794921875
400.5490417480469 316.397216796875
419.20037841796875 320.7580261230469
437.9191589355469 325.214599609375
457.2578125 329.57659912109375
476.6656494140625 334.1026611328125
302.7893371582031 309.6440124511719
319.1136779785156 313.6299743652344
335.69427490234375 317.6748352050781
352.5611572265625 321.7672424316406
369.8415832519531 326.04986572265625
387.3020324707031 330.1763916015625
405.2748107910156 334.5335998535156
423.39410400390625 338.8787841796875
441.83599853515625 343.42608642578125
460.6568908691406 347.8721923828125
479.8092041015625 352.4997863769531
308.8956298828125 326.6227722167969
325.0491027832031 330.6805725097656
341.281982421875 334.72674560546875
357.92987060546875 339.014892578125
374.79241943359375 343.28387451171875
392.1371765136719 347.563232421875
409.61077880859375 351.8943176269531
427.4603271484375 356.4071960449219
445.5486755371094 360.8504333496094
464.0717468261719 365.4707336425781
482.7888488769531 370.139892578125
314.8377685546875 343.0205383300781
330.54547119140625 347.10003662109375
346.6924743652344 351.3294372558594
363.0408630371094 355.5162353515625
379.71575927734375 359.8093566894531
396.5935363769531 364.24993896484375
413.8743896484375 368.6192321777344
431.3669738769531 373.1413269042969
449.232666015625 377.7051696777344
467.3248596191406 382.3348083496094
485.7294616699219 387.06011962890625
320.56982421875 358.72686767578125
336.1332092285156 362.8633117675781
351.8316650390625 367.16632080078125
367.9697570800781 371.4437255859375
384.3965759277344 375.7398986816406
401.0320129394531 380.2443542480469
417.9497985839844 384.6429443359375
435.21142578125 389.2985534667969
452.6378173828125 393.85076904296875
470.47601318359375 398.5406188964844
488.5516052246094 403.3252258300781
326.1038818359375 373.8955383300781
341.35430908203125 378.1823425292969
356.9211120605469 382.4561462402344
372.77081298828125 386.73822021484375
388.8951721191406 391.21588134765625
405.3155822753906 395.59527587890625
421.9469909667969 400.1541442871094
438.8358459472656 404.6899719238281
456.059814453125 409.4117431640625
473.5135192871094 414.1324157714844
491.33740234375 418.82666015625
331.39569091796875 388.5810241699219
346.4792785644531 392.8367614746094
361.7244567871094 397.2144775390625
377.4269104003906 401.5647888183594
393.3004455566406 405.949462890625
409.40496826171875 410.4667053222656
425.7426452636719 415.002197265625
442.4761962890625 419.6154479980469
459.3402099609375 424.3052673339844
476.55914306640625 429.04736328125
494.0403747558594 433.8167419433594