1 720 1333
460.67120361328125 140.40753173828125
476.92047119140625 150.8124237060547
493.1606750488281 161.30477905273438
509.36468505859375 171.6864013671875
525.4356079101562 182.0649871826172
541.5194702148438 192.4451904296875
557.5009765625 202.64706420898438
573.4830322265625 212.94712829589844
589.354248046875 223.19677734375
605.2802734375 233.405517578125
621.0214233398438 243.4890594482422
454.2735595703125 157.011474609375
470.3015441894531 167.31422424316406
486.2972106933594 177.5656280517578
502.25341796875 187.7495880126953
518.1618041992188 198.0543670654297
533.8907470703125 208.16030883789062
549.7217407226562 218.31961059570312
565.4824829101562 228.38400268554688
581.212890625 238.47100830078125
596.7892456054688 248.4545440673828
612.4495239257812 258.4486083984375
447.8908996582031 173.20884704589844
463.7219543457031 183.32901000976562
479.5025329589844 193.37391662597656
495.31304931640625 203.49192810058594
510.93115234375 213.4698028564453
526.6056518554688 223.50537109375
542.219970703125 233.46145629882812
557.6941528320312 243.43296813964844
573.2150268554688 253.3522186279297
588.6217651367188 263.162109375
604.0715942382812 272.9939880371094
441.7847900390625 188.90597534179688
457.4417724609375 198.84188842773438
472.9871826171875 208.79916381835938
488.5165710449219 218.6897735595703
504.04376220703125 228.62037658691406
519.446533203125 238.45777893066406
534.79833984375 248.34426879882812
550.1841430664062 258.08624267578125
565.4627075195312 267.7904052734375
580.6880493164062 277.53045654296875
595.8721313476562 287.2326354980469
435.796875 204.26263427734375
451.2884216308594 214.114990234375
466.6333312988281 223.78306579589844
481.96087646484375 233.597412109375
497.2709655761719 243.37071228027344
512.48095703125 253.10577392578125
527.6497192382812 262.6645812988281
542.760009765625 272.3451232910156
557.832763671875 281.94256591796875
572.9660034179688 291.49481201171875
587.9688720703125 301.0619812011719
430.0690612792969 219.2599334716797
445.2946472167969 228.82398986816406
460.46905517578125 238.53488159179688
475.5448913574219 248.09918212890625
490.6535949707031 257.6842956542969
505.66888427734375 267.25872802734375
520.667236328125 276.720947265625
535.6218872070312 286.30096435546875
550.5379638671875 295.6437683105469
565.4287719726562 305.18829345703125
580.3024291992188 314.5234680175781
424.4253845214844 233.72361755371094
439.4530334472656 243.3423614501953
454.42559814453125 252.72943115234375
469.37939453125 262.2868347167969
484.3178405761719 271.676025390625
499.1509094238281 281.1479187011719
513.9221801757812 290.4686279296875
528.6714477539062 299.7315979003906
543.4367065429688 309.1847229003906
558.1497192382812 318.4273681640625
572.7880249023438 327.6534729003906
418.91143798828125 247.94126892089844
433.7091064453125 257.330322265625
448.5505065917969 266.66485595703125
463.3485107421875 276.068115234375
477.997802734375 285.33233642578125
492.7053527832031 294.5690612792969
507.3727111816406 303.7640380859375
521.9635009765625 313.0124206542969
536.4832763671875 322.2092590332031
551.0337524414062 331.3658752441406
565.513671875 340.4338073730469