1 720 1333
452.6179504394531 297.79345703125
470.8035888671875 307.5289611816406
488.72314453125 317.12872314453125
506.51416015625 326.5925598144531
524.0217895507812 335.93487548828125
541.2975463867188 345.2330627441406
558.3761596679688 354.3180847167969
575.2545166015625 363.3401184082031
591.9306640625 372.2110290527344
608.4025268554688 380.9782409667969
624.6708374023438 389.6104736328125
443.8554992675781 314.7393493652344
461.9267883300781 324.3344421386719
479.8837890625 333.7105712890625
497.5213317871094 343.0556945800781
515.031982421875 352.26373291015625
532.2725219726562 361.3575134277344
549.31982421875 370.3356018066406
566.1659545898438 379.1982727050781
582.7186279296875 387.86370849609375
599.2933959960938 396.55712890625
615.4614868164062 405.06097412109375
435.2055969238281 331.50579833984375
453.3009033203125 340.8994140625
471.0982971191406 350.1864929199219
488.7257995605469 359.3475646972656
506.1555480957031 368.4096984863281
523.3804931640625 377.3397216796875
540.3600463867188 386.17840576171875
557.1926879882812 394.81597900390625
573.74951171875 403.4566650390625
590.1988525390625 411.90618896484375
606.3785400390625 420.3252868652344
426.5527038574219 348.0996398925781
444.575927734375 357.31195068359375
462.45458984375 366.44146728515625
480.00274658203125 375.43975830078125
497.4038391113281 384.3254089355469
514.5333862304688 393.14703369140625
531.55322265625 401.7554016113281
548.3134155273438 410.4021911621094
564.841552734375 418.78997802734375
581.2474365234375 427.1963806152344
597.399658203125 435.40228271484375
418.14312744140625 364.44207763671875
436.1385498046875 373.5287170410156
453.8261413574219 382.4649658203125
471.4320068359375 391.3511962890625
488.70281982421875 400.13348388671875
505.86224365234375 408.6768493652344
522.761962890625 417.3035888671875
539.551025390625 425.65692138671875
556.0960693359375 434.052978515625
572.3856201171875 442.23577880859375
588.5147094726562 450.2976379394531
409.73382568359375 380.6038818359375
427.6809997558594 389.4953918457031
445.4194641113281 398.37677001953125
462.8937072753906 407.110107421875
480.27099609375 415.6173095703125
497.324951171875 424.21612548828125
514.23974609375 432.5595703125
530.8641357421875 440.7947692871094
547.3836669921875 448.99761962890625
563.64794921875 457.0479431152344
579.7437133789062 464.94708251953125
401.52301025390625 396.57806396484375
419.4140625 405.3957824707031
437.1169738769531 414.06781005859375
454.5343933105469 422.5516052246094
471.7795715332031 431.0790710449219
488.8088073730469 439.3699951171875
505.69146728515625 447.6004638671875
522.3916625976562 455.7276916503906
538.767822265625 463.7575378417969
555.0861206054688 471.6617431640625
571.133056640625 479.4990234375
393.3837890625 412.3958740234375
411.2637939453125 421.02777099609375
428.7742004394531 429.49334716796875
446.33660888671875 437.97454833984375
463.4761962890625 446.2738342285156
480.4850769042969 454.47955322265625
497.3257141113281 462.528564453125
513.9075927734375 470.51763916015625
530.348876953125 478.42138671875
546.5288696289062 486.16632080078125
562.5595703125 493.7574157714844