1 720 1333
448.0702209472656 273.0809631347656
459.13275146484375 274.5959777832031
470.4219970703125 276.2177429199219
481.9715270996094 277.72442626953125
493.8055725097656 279.47589111328125
505.93463134765625 281.0859680175781
518.4144897460938 282.76348876953125
531.1266479492188 284.5256652832031
544.2086791992188 286.343017578125
557.5390625 288.186279296875
571.339111328125 290.0246887207031
451.40155029296875 287.4427185058594
462.3468322753906 289.1365051269531
473.5013732910156 290.7910461425781
485.0691223144531 292.6155090332031
496.6377868652344 294.3356018066406
508.74114990234375 296.26190185546875
521.0614013671875 298.1109619140625
533.6795043945312 300.0188903808594
546.5459594726562 301.9935607910156
559.79345703125 303.9336242675781
573.4110107421875 305.99407958984375
454.6407165527344 301.4925231933594
465.3839111328125 303.2785339355469
476.63037109375 305.25372314453125
487.8177795410156 307.009765625
499.5748596191406 309.0800476074219
511.4713134765625 310.9943542480469
523.6657104492188 313.08807373046875
536.16455078125 315.1387023925781
548.8681640625 317.2845153808594
561.9938354492188 319.40264892578125
575.4864501953125 321.6118469238281
457.66217041015625 315.2453308105469
468.57305908203125 317.2874755859375
479.4918212890625 319.2208251953125
490.81170654296875 321.323486328125
502.3497314453125 323.37158203125
514.182861328125 325.5225830078125
526.2388916015625 327.66619873046875
538.5899047851562 329.9239501953125
551.2340087890625 332.2340087890625
564.2427978515625 334.5072326660156
577.4998168945312 336.85333251953125
460.8929748535156 328.7529296875
471.5118408203125 330.7983093261719
482.4933166503906 333.0096740722656
493.5959167480469 335.19476318359375
505.1187744140625 337.41552734375
516.7301635742188 339.66485595703125
528.7105712890625 341.98931884765625
540.9117431640625 344.36749267578125
553.481201171875 346.7721862792969
566.3273315429688 349.2758483886719
579.5267333984375 351.787109375
463.86248779296875 341.9999084472656
474.5396423339844 344.2539978027344
485.3550109863281 346.4546203613281
496.46636962890625 348.7600402832031
507.6957702636719 351.1908874511719
519.3480834960938 353.53924560546875
531.2034301757812 355.9980773925781
543.334228515625 358.51300048828125
555.6635131835938 361.13763427734375
568.4678344726562 363.7156982421875
581.4725952148438 366.4092102050781
466.88580322265625 354.93121337890625
477.39227294921875 357.28277587890625
488.2527160644531 359.66290283203125
499.15692138671875 362.1351623535156
510.3985595703125 364.5721130371094
521.8163452148438 367.1537170410156
533.6053466796875 369.6745910644531
545.5977783203125 372.3682861328125
557.9195556640625 375.1043395996094
570.519287109375 377.7807922363281
583.47119140625 380.6090393066406
469.8218688964844 367.6230163574219
480.27130126953125 370.10284423828125
490.867919921875 372.57373046875
501.750732421875 375.192138671875
512.9403686523438 377.7085266113281
524.3622436523438 380.40618896484375
535.9828491210938 383.12506103515625
547.884033203125 385.8284912109375
560.1435546875 388.6385803222656
572.6175537109375 391.5614929199219
585.426025390625 394.5026550292969