1 720 1333
594.7466430664062 263.5189514160156
608.4658813476562 270.5860290527344
621.4069213867188 277.3033752441406
633.7176513671875 283.59991455078125
645.4485473632812 289.6244812011719
656.5136108398438 295.3700866699219
667.1419677734375 300.7498779296875
677.230224609375 305.9975891113281
686.7869873046875 310.9173278808594
695.9451904296875 315.6087646484375
704.6735229492188 320.1568908691406
581.2686767578125 279.5570373535156
595.2064208984375 286.19140625
608.3826293945312 292.408203125
620.8982543945312 298.3410949707031
632.8330688476562 303.88348388671875
644.2252197265625 309.30584716796875
654.9775390625 314.38299560546875
665.3151245117188 319.294189453125
675.2374267578125 323.83941650390625
684.518798828125 328.3236083984375
693.5137939453125 332.52459716796875
567.9678955078125 295.32342529296875
582.185302734375 301.44775390625
595.5965576171875 307.26495361328125
608.4099731445312 312.7414245605469
620.5308227539062 318.0566711425781
632.1162109375 323.0030822753906
643.1581420898438 327.73345947265625
653.6211547851562 332.34527587890625
663.712646484375 336.64544677734375
673.32861328125 340.7460632324219
682.473388671875 344.7016906738281
555.0081787109375 310.7859802246094
569.43212890625 316.5150146484375
583.0736083984375 321.84490966796875
596.05029296875 327.0417175292969
608.4130859375 331.8883361816406
620.1741943359375 336.5574035644531
631.4072265625 340.983642578125
642.1677856445312 345.2755432128906
652.4248657226562 349.2817077636719
662.1748046875 353.14398193359375
671.5310668945312 356.72979736328125
542.3034057617188 326.039306640625
556.8494873046875 331.3169860839844
570.7100830078125 336.31170654296875
583.8809204101562 341.0574035644531
596.4967651367188 345.5752868652344
608.4517822265625 349.85296630859375
619.8353881835938 353.9968566894531
630.7725219726562 357.8926086425781
641.2911987304688 361.67828369140625
651.2125244140625 365.2395935058594
660.7239379882812 368.62225341796875
529.7809448242188 340.93218994140625
544.5906982421875 345.8000793457031
558.6168823242188 350.46844482421875
572.0101318359375 354.82476806640625
584.7298583984375 359.0285949707031
596.8783569335938 362.98907470703125
608.5440673828125 366.7581787109375
619.6156616210938 370.4481506347656
630.28564453125 373.8579406738281
640.3992919921875 377.2156066894531
650.0869750976562 380.3323669433594
517.5883178710938 355.63055419921875
532.5247802734375 360.1660461425781
546.729736328125 364.3996887207031
560.348388671875 368.4344177246094
573.2421264648438 372.30859375
585.5722045898438 375.88507080078125
597.3433837890625 379.41558837890625
608.6165161132812 382.671875
619.4073486328125 385.87420654296875
629.6712036132812 388.8790588378906
639.5510864257812 391.7516784667969
505.56658935546875 370.06640625
520.7112426757812 374.2101745605469
535.1835327148438 378.0895080566406
548.8533325195312 381.74969482421875
561.923095703125 385.3081970214844
574.4415283203125 388.59442138671875
586.3977661132812 391.72894287109375
597.7525024414062 394.7667541503906
608.673583984375 397.6553649902344
619.1729125976562 400.4566345214844
629.1878051757812 403.0428771972656