1 720 1333
481.5613098144531 224.6068878173828
502.7105712890625 227.7162628173828
523.2994384765625 230.7467803955078
543.26318359375 233.68115234375
562.5836181640625 236.5279541015625
581.4344482421875 239.30116271972656
599.7116088867188 241.8820343017578
617.518798828125 244.5211639404297
634.791259765625 247.09393310546875
651.6406860351562 249.50680541992188
668.0195922851562 251.87640380859375
477.655029296875 241.41075134277344
498.46588134765625 244.26234436035156
518.6383666992188 246.9563751220703
538.3065795898438 249.61050415039062
557.3735961914062 252.22471618652344
575.8450927734375 254.6260528564453
593.9170532226562 257.0910339355469
611.4865112304688 259.4559326171875
628.56103515625 261.7215270996094
645.23486328125 264.0058898925781
661.3712768554688 266.2328796386719
473.9676208496094 257.51629638671875
494.418701171875 260.07037353515625
514.2694091796875 262.5205383300781
533.5250244140625 264.91851806640625
552.3362426757812 267.32257080078125
570.5535278320312 269.5122375488281
588.3688354492188 271.65911865234375
605.6510620117188 273.7904357910156
622.5081787109375 275.91070556640625
638.93798828125 277.9260559082031
654.9212646484375 279.8611755371094
470.43951416015625 273.041015625
490.4718933105469 275.3600769042969
509.9700012207031 277.5316162109375
528.9515380859375 279.6663513183594
547.4676513671875 281.75738525390625
565.4446411132812 283.7710266113281
582.9712524414062 285.75396728515625
600.0932006835938 287.7071533203125
616.6732788085938 289.6212158203125
632.88671875 291.46075439453125
648.6741943359375 293.28302001953125
467.0162658691406 287.83489990234375
486.6959533691406 289.9390869140625
505.9009704589844 291.95989990234375
524.5765380859375 293.8690490722656
542.771728515625 295.72637939453125
560.5030517578125 297.6077575683594
577.774169921875 299.4237976074219
594.597412109375 301.1988830566406
611.1129760742188 302.82989501953125
627.1132202148438 304.4961853027344
642.6864013671875 306.0999450683594
463.697265625 302.2587585449219
483.1588439941406 304.14215087890625
502.0328369140625 305.8274841308594
520.3976440429688 307.5851745605469
538.3460083007812 309.35308837890625
555.7229614257812 310.9150085449219
572.7297973632812 312.51580810546875
589.4077758789062 314.1355285644531
605.6224975585938 315.587158203125
621.44140625 317.1121520996094
636.8460693359375 318.4925231933594
460.592041015625 316.0041198730469
479.6675720214844 317.6231994628906
498.2555236816406 319.3558044433594
516.3624267578125 320.7688293457031
533.9600830078125 322.3790588378906
551.200927734375 323.7388000488281
567.95263671875 325.27447509765625
584.409423828125 326.5630798339844
600.408447265625 327.8627014160156
615.9633178710938 329.28021240234375
631.2728271484375 330.4982604980469
457.57598876953125 329.3245544433594
476.3974304199219 330.75152587890625
494.5898132324219 332.2784729003906
512.4788208007812 333.5718994140625
529.8225708007812 334.8274841308594
546.7559814453125 336.2634582519531
563.3540649414062 337.4502258300781
579.5189208984375 338.5855407714844
595.3088989257812 339.752197265625
610.680419921875 340.8744201660156
625.72705078125 342.0123596191406