1 720 1333
387.5081787109375 74.32744598388672
414.9871520996094 77.96299743652344
441.48797607421875 81.55953979492188
467.2010803222656 85.12622833251953
492.0354309082031 88.56159973144531
516.0364379882812 91.9276123046875
539.2941284179688 95.26377868652344
561.7489624023438 98.40719604492188
583.5565795898438 101.46976470947266
604.55859375 104.52918243408203
624.9786376953125 107.47382354736328
389.3302917480469 94.72634887695312
417.06243896484375 98.14058685302734
443.8739013671875 101.43880462646484
469.8713073730469 104.62031555175781
495.0232849121094 107.8127670288086
519.29345703125 110.91014099121094
542.6975708007812 113.93916320800781
565.4287109375 116.77794647216797
587.4154052734375 119.5991439819336
608.6014404296875 122.45380401611328
629.198486328125 125.14974212646484
391.1393737792969 115.71065521240234
419.28131103515625 118.76142883300781
446.4275207519531 121.78192138671875
472.6767578125 124.70994567871094
498.1112976074219 127.5893783569336
522.576171875 130.433837890625
546.29638671875 133.15533447265625
569.2406005859375 135.68162536621094
591.365966796875 138.26759338378906
612.7456665039062 140.73236083984375
633.4815673828125 143.22598266601562
393.0028381347656 137.45155334472656
421.493408203125 140.13717651367188
449.02099609375 142.73910522460938
475.58746337890625 145.4110870361328
501.2728576660156 147.8742218017578
526.025146484375 150.42750549316406
549.9137573242188 152.7179412841797
573.0659790039062 155.07713317871094
595.4063720703125 157.2742919921875
617.00146484375 159.4927978515625
637.8480224609375 161.62802124023438
394.9537353515625 159.59103393554688
423.7896728515625 161.96031188964844
451.6621398925781 164.33963012695312
478.56146240234375 166.53387451171875
504.52545166015625 168.68077087402344
529.5245971679688 170.77076721191406
553.6281127929688 172.8108367919922
576.983154296875 174.79400634765625
599.5491333007812 176.6913299560547
621.3375244140625 178.62525939941406
642.3687133789062 180.50885009765625
397.08343505859375 182.5159912109375
426.3192443847656 184.47425842285156
454.5054016113281 186.431640625
481.65081787109375 188.3225555419922
507.8403625488281 190.12765502929688
533.1323852539062 191.7700958251953
557.4965209960938 193.5126190185547
581.068603515625 195.22122192382812
603.7639770507812 196.6692352294922
625.734619140625 198.3770294189453
646.973388671875 199.828369140625
399.276611328125 206.07484436035156
428.8356628417969 207.54795837402344
457.39007568359375 209.15306091308594
484.8155822753906 210.55018615722656
511.3460998535156 212.01748657226562
536.7785034179688 213.4176788330078
561.4227294921875 214.6300811767578
585.1957397460938 215.94903564453125
608.1950073242188 217.3158416748047
630.3124389648438 218.47996520996094
651.6369018554688 219.6348876953125
401.47613525390625 230.3120880126953
431.4917907714844 231.3843994140625
460.36279296875 232.45567321777344
488.1527099609375 233.45468139648438
514.83056640625 234.49696350097656
540.5745849609375 235.4632110595703
565.4566040039062 236.42523193359375
589.427490234375 237.38180541992188
612.561279296875 238.290283203125
634.860595703125 239.19940185546875
656.4483642578125 240.0139617919922