1 720 1333
497.2194519042969 269.4486083984375
513.2396850585938 270.5688781738281
529.49609375 271.74798583984375
546.0588989257812 273.0882873535156
562.8019409179688 274.357177734375
579.7867431640625 275.5343017578125
597.096435546875 276.6984558105469
614.57470703125 278.0790710449219
632.3744506835938 279.3927917480469
650.394775390625 280.58734130859375
668.6185913085938 281.9165344238281
502.3890075683594 282.8481140136719
518.1687622070312 284.27313232421875
534.1000366210938 285.478271484375
550.3217163085938 286.724365234375
566.73486328125 288.18170166015625
583.4157104492188 289.44989013671875
600.35546875 290.71026611328125
617.5035400390625 292.18963623046875
634.8671875 293.5311584472656
652.5567626953125 294.8378601074219
670.4613647460938 296.3581237792969
507.3497619628906 295.82061767578125
522.766357421875 297.31573486328125
538.48779296875 298.57635498046875
554.3948974609375 299.9628601074219
570.5408325195312 301.42864990234375
586.8612060546875 302.74139404296875
603.5112915039062 304.2791748046875
620.3333740234375 305.633056640625
637.381591796875 307.1957092285156
654.6521606445312 308.5882263183594
672.2321166992188 310.1406555175781
512.1259155273438 308.4289245605469
527.3248291015625 309.7736511230469
542.6796875 311.31689453125
558.3596801757812 312.6604309082031
574.1499633789062 314.209228515625
590.2373046875 315.6365661621094
606.475830078125 317.2095031738281
622.9744262695312 318.6432800292969
639.6978759765625 320.2966003417969
656.6611938476562 321.7148742675781
673.8472900390625 323.3835144042969
516.69580078125 320.46649169921875
531.62353515625 321.8836364746094
546.7427978515625 323.463134765625
562.1295166015625 324.9065856933594
577.6342163085938 326.50335693359375
593.41015625 328.0479431152344
609.4241943359375 329.58001708984375
625.5739135742188 331.24066162109375
642.0130004882812 332.7696533203125
658.6405639648438 334.4490661621094
675.522216796875 336.03033447265625
521.1781616210938 332.01800537109375
535.7998657226562 333.5869140625
550.650634765625 335.2071228027344
565.7178955078125 336.69073486328125
581.0167846679688 338.346923828125
596.484375 339.8855285644531
612.2276611328125 341.5295104980469
628.1265869140625 343.27862548828125
644.2318115234375 344.8544006347656
660.558349609375 346.5441589355469
677.045166015625 348.24908447265625
525.4705200195312 343.25341796875
539.84326171875 344.7789306640625
554.471923828125 346.46417236328125
569.2965087890625 348.1213073730469
584.3047485351562 349.6708068847656
599.46484375 351.39654541015625
614.8840942382812 353.09808349609375
630.5147094726562 354.7323303222656
646.3681640625 356.4841613769531
662.3556518554688 358.20477294921875
678.5717163085938 359.8837585449219
529.5615234375 353.98687744140625
543.7232666015625 355.6258544921875
558.0796508789062 357.33538818359375
572.6441040039062 359.0445861816406
587.3995971679688 360.63494873046875
602.3958740234375 362.43994140625
617.48681640625 364.1659240722656
632.8390502929688 365.83953857421875
648.4105834960938 367.59906005859375
664.1728515625 369.3876647949219
680.0433959960938 371.156005859375