1 720 1333
189.32066345214844 176.004150390625
209.33578491210938 169.70773315429688
229.56834411621094 163.4073028564453
249.9604034423828 157.04718017578125
270.5326232910156 150.60467529296875
291.3251037597656 144.2447967529297
312.24493408203125 137.71990966796875
333.3435974121094 131.31253051757812
354.54608154296875 124.76793670654297
376.06878662109375 118.31685638427734
397.59979248046875 111.81310272216797
195.91676330566406 198.0523223876953
215.9624786376953 191.74679565429688
236.19410705566406 185.55381774902344
256.530029296875 179.2899932861328
277.0938415527344 172.9653778076172
297.76214599609375 166.59164428710938
318.6875915527344 160.28988647460938
339.7346496582031 153.78286743164062
360.9735412597656 147.4324951171875
382.43365478515625 141.06869506835938
404.0206298828125 134.57464599609375
202.61280822753906 219.91163635253906
222.5562286376953 213.773193359375
242.7069854736328 207.61639404296875
263.1023254394531 201.44491577148438
283.5781555175781 195.22091674804688
304.2791442871094 188.97451782226562
325.1839904785156 182.602783203125
346.21771240234375 176.3770751953125
367.4409484863281 170.00155639648438
388.7451171875 163.6748504638672
410.4187316894531 157.39202880859375
209.29782104492188 241.75860595703125
229.2115478515625 235.69552612304688
249.35162353515625 229.65206909179688
269.6081237792969 223.5304718017578
290.1369934082031 217.4464874267578
310.7456970214844 211.27305603027344
331.58538818359375 205.08831787109375
352.6024475097656 198.7729949951172
373.7596130371094 192.58456420898438
395.29254150390625 186.3335723876953
416.72174072265625 180.11245727539062
215.9114532470703 263.5214538574219
235.77365112304688 257.573486328125
255.8514404296875 251.57435607910156
276.1792297363281 245.5447998046875
296.6127014160156 239.50238037109375
317.30560302734375 233.45814514160156
338.16314697265625 227.34454345703125
359.0841979980469 221.2234344482422
380.3069152832031 215.03294372558594
401.5867614746094 208.82020568847656
423.21514892578125 202.64871215820312
222.5968017578125 285.2154235839844
242.43983459472656 279.32843017578125
262.4969482421875 273.4396057128906
282.6920471191406 267.52264404296875
303.1993408203125 261.5358581542969
323.7359619140625 255.55072021484375
344.5727233886719 249.53907775878906
365.5829162597656 243.47470092773438
386.6926574707031 237.46397399902344
408.114501953125 231.3332061767578
429.5519714355469 225.2637176513672
229.24139404296875 306.711181640625
249.0928192138672 300.9988708496094
269.083984375 295.2140197753906
289.33837890625 289.3807067871094
309.6661682128906 283.5075378417969
330.3255615234375 277.5660705566406
351.1433410644531 271.6307678222656
372.0646667480469 265.6672668457031
393.2323913574219 259.6644592285156
414.49041748046875 253.68846130371094
435.94915771484375 247.65269470214844
235.89825439453125 328.2781066894531
255.6315155029297 322.5420837402344
275.63140869140625 316.8163757324219
295.8158264160156 311.1195373535156
316.3045349121094 305.3479309082031
336.8157653808594 299.53948974609375
357.6012878417969 293.6678161621094
378.57159423828125 287.76416015625
399.6402587890625 281.908935546875
420.91064453125 275.9514465332031
442.39208984375 270.0066223144531