1 720 1333
226.4709014892578 168.50022888183594
261.33746337890625 159.0575408935547
294.77789306640625 149.95123291015625
327.12445068359375 141.38232421875
358.2568359375 133.07943725585938
388.1865539550781 125.2270736694336
417.08209228515625 117.62931823730469
444.8781433105469 110.45982360839844
471.7147521972656 103.49835205078125
497.5647888183594 96.94451904296875
522.43310546875 90.61400604248047
242.58255004882812 200.6722412109375
276.51312255859375 190.69564819335938
309.25927734375 181.25906372070312
340.7398986816406 172.12460327148438
371.1747131347656 163.42095947265625
400.4482421875 155.10296630859375
428.6214599609375 147.1124267578125
455.8878479003906 139.458984375
482.1849060058594 132.13356018066406
507.4615173339844 125.06095123291016
531.7759399414062 118.37633514404297
258.3102111816406 231.7843780517578
291.36419677734375 221.44337463378906
323.28790283203125 211.48565673828125
354.0412902832031 201.9315185546875
383.7138671875 192.7914581298828
412.4075927734375 184.09547424316406
439.9369201660156 175.6522979736328
466.6118469238281 167.6328582763672
492.343017578125 159.8291015625
517.0819702148438 152.454833984375
540.9550170898438 145.33029174804688
273.4949951171875 262.0648193359375
305.7923278808594 251.25643920898438
336.8863525390625 240.85739135742188
367.0339050292969 230.91229248046875
396.0986328125 221.4238739013672
424.00640869140625 212.3048095703125
451.03387451171875 203.5069580078125
477.10546875 195.01095581054688
502.24432373046875 186.86160278320312
526.4638061523438 179.0987091064453
549.7875366210938 171.5586700439453
288.37762451171875 291.2132568359375
319.8560485839844 280.0995178222656
350.30523681640625 269.35498046875
379.64434814453125 259.08990478515625
408.0484924316406 249.16598510742188
435.40093994140625 239.61280822753906
461.7270812988281 230.46646118164062
487.263671875 221.6134033203125
511.79901123046875 213.16067504882812
535.51318359375 204.9679412841797
558.4482421875 197.11402893066406
302.7930908203125 319.51348876953125
333.55181884765625 307.9862365722656
363.3172912597656 296.91448974609375
391.9826354980469 286.3341064453125
419.66748046875 276.07513427734375
446.41009521484375 266.2212219238281
472.2275085449219 256.67218017578125
497.1362609863281 247.5025634765625
521.1802368164062 238.6710205078125
544.412109375 230.17236328125
566.7862548828125 221.94581604003906
316.7906799316406 346.8312072753906
346.85943603515625 335.0834655761719
375.8819580078125 323.65185546875
403.90087890625 312.7009582519531
431.0112609863281 302.1878662109375
457.1432800292969 291.93975830078125
482.36566162109375 282.16522216796875
506.6569519042969 272.6340637207031
530.2492065429688 263.484619140625
552.9248657226562 254.64303588867188
574.9811401367188 246.17410278320312
330.5278625488281 373.3813171386719
359.8379211425781 361.2989501953125
388.2283630371094 349.55792236328125
415.5833740234375 338.3475036621094
442.04266357421875 327.4712829589844
467.49981689453125 316.9720153808594
492.1970520019531 306.8267822265625
515.982177734375 297.0799255371094
539.0389404296875 287.60186767578125
561.3156127929688 278.4671630859375
582.8037719726562 269.6462097167969