1 720 1333
570.2783813476562 266.3372497558594
585.850341796875 265.270263671875
601.822509765625 264.1200866699219
618.3377075195312 262.8831787109375
635.231201171875 261.72698974609375
652.546875 260.579345703125
670.373046875 259.44110107421875
688.6627197265625 258.2211608886719
707.4474487304688 256.9310302734375
726.7960205078125 255.66476440429688
746.570068359375 254.44479370117188
573.6600341796875 284.3439636230469
589.1759033203125 283.455810546875
605.0997924804688 282.5411376953125
621.3954467773438 281.6174011230469
638.235107421875 280.6992492675781
655.4022827148438 279.80780029296875
673.1607055664062 278.8701171875
691.2933349609375 277.9771728515625
709.8861694335938 277.0694274902344
729.037353515625 276.11431884765625
748.7107543945312 275.1193542480469
576.9949951171875 301.94024658203125
592.372802734375 301.3751525878906
608.1952514648438 300.64251708984375
624.4332275390625 300.0981140136719
641.0886840820312 299.4620056152344
658.2088012695312 298.68408203125
675.7306518554688 298.1615905761719
693.7393188476562 297.4352722167969
712.3028564453125 296.6824645996094
731.3198852539062 296.0543212890625
750.6990966796875 295.4111022949219
580.2730712890625 319.4260559082031
595.5859985351562 319.0184326171875
611.2762451171875 318.565185546875
627.4129028320312 318.27496337890625
643.8963623046875 317.7011413574219
660.910400390625 317.4302978515625
678.3484497070312 316.94720458984375
696.2940673828125 316.51519775390625
714.5689086914062 316.1945495605469
733.4619140625 315.61572265625
752.6795043945312 315.322509765625
583.5038452148438 336.5140380859375
598.6575927734375 336.4103698730469
614.3367309570312 336.2381896972656
630.312744140625 335.9837646484375
646.7433471679688 335.7408142089844
663.5857543945312 335.6373596191406
680.9027709960938 335.50177001953125
698.6148071289062 335.3597412109375
716.8363647460938 335.2046203613281
735.5162353515625 334.9428405761719
754.6718139648438 334.69659423828125
586.6286010742188 353.4122619628906
601.7738647460938 353.4547119140625
617.2760009765625 353.4723815917969
633.2288818359375 353.5044250488281
649.4906616210938 353.5410461425781
666.2727661132812 353.6029968261719
683.40625 353.62469482421875
701.0654296875 353.6641845703125
719.0773315429688 353.7212829589844
737.6271362304688 353.7716979980469
756.5712280273438 353.8760070800781
589.7525024414062 369.87841796875
604.731201171875 370.2660217285156
620.23193359375 370.45184326171875
635.9359130859375 370.6382141113281
652.2407836914062 370.96270751953125
668.7955932617188 371.31134033203125
685.8636474609375 371.5561828613281
703.379638671875 371.7377014160156
721.3302612304688 372.15045166015625
739.5945434570312 372.4053955078125
758.4785766601562 372.6040954589844
592.8228149414062 386.3031921386719
607.7289428710938 386.629638671875
623.0830688476562 387.1984558105469
638.7442016601562 387.5813903808594
654.827880859375 388.14776611328125
671.4119873046875 388.53253173828125
688.3225708007812 389.0752868652344
705.6484375 389.55255126953125
723.4307250976562 390.05938720703125
741.6109619140625 390.4902648925781
760.3192138671875 391.0469665527344