1 720 1333
605.1361083984375 250.35690307617188
615.9696044921875 254.60250854492188
627.2573852539062 259.09014892578125
638.9315185546875 263.673828125
651.088134765625 268.5098876953125
663.7034301757812 273.52117919921875
676.819091796875 278.73583984375
690.5023803710938 284.2169189453125
704.6906127929688 289.8245849609375
719.6006469726562 295.7687072753906
735.0806274414062 301.9704284667969
602.4574584960938 267.35174560546875
613.1781005859375 271.827392578125
624.3148193359375 276.61846923828125
635.7355346679688 281.5425109863281
647.78076171875 286.6381530761719
660.2462768554688 291.94012451171875
673.2144165039062 297.53179931640625
686.5858154296875 303.3056335449219
700.6018676757812 309.32440185546875
715.2864990234375 315.5463562011719
730.5092163085938 322.1575927734375
599.7291259765625 284.0627746582031
610.3954467773438 288.88287353515625
621.3372192382812 293.8522644042969
632.6973876953125 299.1446838378906
644.473876953125 304.48016357421875
656.7766723632812 310.1529541015625
669.521728515625 315.90948486328125
682.777099609375 322.02752685546875
696.5309448242188 328.3729248046875
711.0219116210938 334.9919738769531
726.000244140625 341.8081359863281
597.2267456054688 300.5729064941406
607.5642700195312 305.60980224609375
618.468994140625 310.905029296875
629.5699462890625 316.36444091796875
641.3284301757812 322.0372009277344
653.3931274414062 327.92535400390625
665.9645385742188 334.0907287597656
678.9996337890625 340.45477294921875
692.5885009765625 347.1386413574219
706.7357177734375 353.9925842285156
721.5306396484375 361.24700927734375
594.5479736328125 316.6793212890625
604.8704833984375 322.0848083496094
615.533203125 327.55523681640625
626.6138305664062 333.32879638671875
638.1089477539062 339.2969055175781
650.095947265625 345.4634704589844
662.4380493164062 351.849609375
675.3857421875 358.5129089355469
688.6830444335938 365.4443664550781
702.6783447265625 372.6625061035156
717.22216796875 380.1708068847656
592.0599975585938 332.6933288574219
602.1845092773438 338.2740478515625
612.7039184570312 344.0387268066406
623.62255859375 349.9880065917969
635.041259765625 356.2190856933594
646.7582397460938 362.6153259277344
659.0338134765625 369.3258972167969
671.6619873046875 376.2792663574219
684.854248046875 383.48602294921875
698.63427734375 390.9225769042969
712.8899536132812 398.6849365234375
589.4954833984375 348.3724365234375
599.51953125 354.193359375
609.921142578125 360.20703125
620.7000732421875 366.3842468261719
631.9824829101562 372.8095703125
643.5545043945312 379.4886779785156
655.639404296875 386.46551513671875
668.1902465820312 393.5915832519531
681.1956176757812 401.1222229003906
694.6519775390625 408.7908630371094
708.7440185546875 416.8479919433594
587.0106811523438 363.7820129394531
596.9226684570312 369.8009338378906
607.22998046875 376.04833984375
617.884765625 382.49603271484375
628.8758544921875 389.1478271484375
640.4546508789062 396.1252136230469
652.3465576171875 403.2317810058594
664.7009887695312 410.64581298828125
677.5120239257812 418.35357666015625
690.8468017578125 426.3763427734375
704.6590576171875 434.582275390625