1 720 1333
630.493896484375 30.871530532836914
639.0773315429688 43.612098693847656
647.7913818359375 56.7043571472168
656.7307739257812 70.0904312133789
665.9147338867188 83.72195434570312
675.3064575195312 97.72021484375
684.8213500976562 112.10897827148438
694.59912109375 126.67696380615234
704.6132202148438 141.65069580078125
714.8560791015625 157.05377197265625
725.356689453125 172.72470092773438
613.171875 39.41884231567383
621.555419921875 52.289066314697266
630.1863403320312 65.447509765625
638.8934936523438 78.92762756347656
647.8704223632812 92.7070083618164
657.0900268554688 106.80236053466797
666.463623046875 121.32923889160156
676.0617065429688 136.0696258544922
685.8487548828125 151.1936492919922
695.8704833984375 166.62173461914062
706.2131958007812 182.47166442871094
595.7176513671875 47.93807601928711
603.9528198242188 60.920108795166016
612.4151611328125 74.26373291015625
620.978759765625 87.8082504272461
629.7472534179688 101.73814392089844
638.759765625 116.01951599121094
647.9765625 130.54075622558594
657.4066772460938 145.4293670654297
667.0028076171875 160.6157989501953
676.8564453125 176.30714416503906
686.9476928710938 192.28128051757812
578.3024291992188 56.523109436035156
586.3700561523438 69.61785888671875
594.5698852539062 83.07489776611328
602.9791259765625 96.73355865478516
611.5814819335938 110.79630279541016
620.4298706054688 125.20024108886719
629.4188842773438 139.8159637451172
638.6102294921875 154.82815551757812
648.0548095703125 170.23439025878906
657.6650390625 185.9539794921875
667.5725708007812 202.12271118164062
560.7344360351562 65.20292663574219
568.6239624023438 78.41131591796875
576.65234375 91.90460968017578
584.8987426757812 105.74568176269531
593.3886108398438 119.9021224975586
601.9617309570312 134.419677734375
610.7705688476562 149.24411010742188
619.7890625 164.3818359375
628.9962768554688 179.7962646484375
638.4735107421875 195.69546508789062
648.1792602539062 211.98756408691406
543.1702880859375 73.81206512451172
550.8514404296875 87.24440002441406
558.6966552734375 100.81476593017578
566.74267578125 114.7544174194336
575.0692749023438 129.0958251953125
583.4588012695312 143.6485137939453
592.1024780273438 158.61419677734375
600.8825073242188 173.90399169921875
609.8825073242188 189.53250122070312
619.170654296875 205.53091430664062
628.6016845703125 221.97279357910156
525.522705078125 82.57933044433594
533.0317993164062 95.9825668334961
540.7070922851562 109.75177001953125
548.5755615234375 123.84387969970703
556.654541015625 138.337890625
564.8709716796875 153.05398559570312
573.3609008789062 168.14077758789062
581.9176025390625 183.54006958007812
590.7306518554688 199.34371948242188
599.7616577148438 215.49041748046875
609.0281372070312 232.02328491210938
507.8201599121094 91.37935638427734
515.203369140625 104.8230209350586
522.6477661132812 118.73274993896484
530.3876342773438 132.9516143798828
538.2555541992188 147.5314178466797
546.3189086914062 162.4324493408203
554.510986328125 177.63235473632812
562.9503173828125 193.2579803466797
571.5375366210938 209.19622802734375
580.38916015625 225.4939727783203
589.42138671875 242.21327209472656