1 720 1333
603.2736206054688 30.842182159423828
624.4743041992188 36.39009094238281
645.3970947265625 41.86083221435547
665.91748046875 47.3148193359375
686.3801879882812 52.640384674072266
706.3751220703125 57.994510650634766
726.0861206054688 63.274715423583984
745.5219116210938 68.41339874267578
764.6625366210938 73.4927749633789
783.5659790039062 78.60186004638672
802.238525390625 83.62077331542969
601.586181640625 43.76253128051758
623.2688598632812 49.33473587036133
644.5148315429688 54.75185012817383
665.5091552734375 60.23482894897461
686.275634765625 65.58956909179688
706.5383911132812 70.90032196044922
726.6170654296875 76.1782455444336
746.4521484375 81.34466552734375
765.9072265625 86.41802215576172
785.1705932617188 91.52545166015625
804.057373046875 96.54522705078125
599.9187622070312 57.19403839111328
621.9481201171875 62.66835403442383
643.6214599609375 68.21961975097656
665.0623779296875 73.58324432373047
686.1866455078125 78.95655059814453
706.7759399414062 84.33512878417969
727.3146362304688 89.51710510253906
747.4690551757812 94.66561889648438
767.33251953125 99.72979736328125
786.7405395507812 104.81041717529297
805.9985961914062 109.84272766113281
598.2621459960938 71.0631103515625
620.6265258789062 76.56744384765625
642.7202758789062 82.06365966796875
664.5228881835938 87.46805572509766
686.0487060546875 92.84197998046875
707.1832275390625 98.18017578125
727.8822021484375 103.39502716064453
748.4627075195312 108.53572845458984
768.593994140625 113.58196258544922
788.454345703125 118.64811706542969
807.9795532226562 123.6549072265625
596.3822631835938 85.47028350830078
619.3491821289062 90.98626708984375
641.7552490234375 96.4809341430664
664.0923461914062 101.84434509277344
685.8469848632812 107.26347351074219
707.46337890625 112.52508544921875
728.56982421875 117.67852020263672
749.4913940429688 122.84204864501953
770.0111694335938 127.90618133544922
790.243408203125 133.04791259765625
810.0582885742188 138.02236938476562
594.518310546875 100.47431945800781
617.8588256835938 105.96424102783203
640.8367919921875 111.45843505859375
663.5228271484375 116.8399429321289
685.7452392578125 122.21245574951172
707.6439208984375 127.46556854248047
729.3353881835938 132.64588928222656
750.539306640625 137.75674438476562
771.4799194335938 142.79885864257812
792.0001831054688 147.84268188476562
812.209716796875 152.79689025878906
592.5548095703125 116.06953430175781
616.4393920898438 121.5523452758789
639.8291625976562 127.0208740234375
662.9760131835938 132.4218292236328
685.6609497070312 137.7015380859375
708.0216064453125 142.95895385742188
730.0396118164062 148.2120361328125
751.6210327148438 153.29827880859375
772.8829956054688 158.3399658203125
793.7767944335938 163.38059997558594
814.3697509765625 168.29701232910156
590.5267333984375 132.33514404296875
614.870849609375 137.72561645507812
638.8046264648438 143.23609924316406
662.4551391601562 148.5429229736328
685.5894165039062 153.8338165283203
708.4063720703125 159.1403045654297
730.701171875 164.30661010742188
752.7255249023438 169.39894104003906
774.4686889648438 174.42616271972656
795.6449584960938 179.43487548828125
816.5762939453125 184.3604278564453