1 720 1333
555.628173828125 245.48779296875
570.5215454101562 245.8191375732422
585.7437133789062 246.38369750976562
601.4794311523438 246.69102478027344
617.5524291992188 247.30502319335938
634.1819458007812 247.64068603515625
651.1901245117188 248.28030395507812
668.6013793945312 248.70140075683594
686.4888305664062 249.396728515625
705.009521484375 249.87890625
723.8226318359375 250.54464721679688
558.169921875 263.1999816894531
572.7511596679688 263.68115234375
587.9840087890625 264.44122314453125
603.502197265625 265.141357421875
619.4895629882812 265.7437438964844
635.8233642578125 266.515869140625
652.6926879882812 267.3514099121094
669.9577026367188 268.1133728027344
687.683349609375 268.83599853515625
705.9339599609375 269.68597412109375
724.6725463867188 270.5910949707031
560.5239868164062 280.4761962890625
575.1729736328125 281.33892822265625
590.1559448242188 282.21734619140625
605.5103149414062 283.0680236816406
621.3861694335938 283.98431396484375
637.5594482421875 284.9037780761719
654.2940673828125 285.8873291015625
671.3857421875 286.9192199707031
688.892578125 288.08624267578125
706.9894409179688 289.190673828125
725.5313110351562 290.35028076171875
562.8584594726562 297.44732666015625
577.378173828125 298.4994201660156
592.233642578125 299.5089111328125
607.505615234375 300.6402587890625
623.1795654296875 301.7731628417969
639.2911376953125 303.0252685546875
655.6809692382812 304.2939758300781
672.6539306640625 305.50799560546875
690.06591796875 306.7699890136719
707.904052734375 308.2375793457031
726.3301391601562 309.5334167480469
565.2825927734375 314.11962890625
579.5323486328125 315.3551025390625
594.334228515625 316.61932373046875
609.4146728515625 317.9382019042969
624.93505859375 319.360107421875
640.8108520507812 320.6863708496094
657.3065795898438 322.232421875
673.9358520507812 323.6090087890625
691.251953125 325.26507568359375
708.8472290039062 326.69732666015625
727.070556640625 328.4100341796875
567.4649047851562 330.4201965332031
581.714599609375 331.821044921875
596.3297729492188 333.3885192871094
611.3634033203125 334.8473815917969
626.6605224609375 336.4741516113281
642.4781494140625 338.0832824707031
658.6224975585938 339.66314697265625
675.3300170898438 341.43701171875
692.3272094726562 343.2225646972656
709.7221069335938 344.8916015625
727.6868286132812 346.72650146484375
569.71337890625 346.4580993652344
583.79296875 348.10650634765625
598.3760986328125 349.7034912109375
613.1842651367188 351.4744873046875
628.4288330078125 353.2849426269531
644.0457763671875 355.0525817871094
660.12451171875 356.8522033691406
676.5139770507812 358.74652099609375
693.4019165039062 360.6713562011719
710.6517333984375 362.65411376953125
728.4639892578125 364.70196533203125
571.8729248046875 362.1736145019531
585.8844604492188 363.92803955078125
600.294189453125 365.7825927734375
614.9821166992188 367.7060241699219
630.121337890625 369.6593017578125
645.5704956054688 371.63946533203125
661.4916381835938 373.65447998046875
677.7286987304688 375.7236022949219
694.4906616210938 377.9126892089844
711.5751953125 380.1253662109375
729.16845703125 382.29449462890625