1 720 1333
640.9307250976562 260.7113952636719
658.9505615234375 256.9703063964844
676.4566040039062 253.3656005859375
693.360107421875 249.81227111816406
709.6864013671875 246.43873596191406
725.5448608398438 243.17027282714844
740.9590454101562 239.9231719970703
755.8976440429688 236.80410766601562
770.470947265625 233.77740478515625
784.4998168945312 230.85609436035156
798.22998046875 228.082763671875
639.8020629882812 279.2033996582031
657.54248046875 275.2349548339844
674.6696166992188 271.4329833984375
691.3770751953125 267.66082763671875
707.486572265625 264.1185302734375
723.1804809570312 260.5788879394531
738.364501953125 257.268798828125
753.15478515625 253.88160705566406
767.4344482421875 250.76271057128906
781.3670043945312 247.61021423339844
794.805419921875 244.6001739501953
638.7625732421875 296.97882080078125
656.2681884765625 292.8283996582031
673.1162719726562 288.79290771484375
689.4896850585938 284.90948486328125
705.4371948242188 281.1846618652344
720.7699584960938 277.4908752441406
735.7826538085938 273.8802490234375
750.3787231445312 270.5094909667969
764.5778198242188 267.1647033691406
778.2689819335938 263.81195068359375
791.59228515625 260.6533203125
637.7608642578125 314.2164611816406
654.889892578125 309.8443603515625
671.5430908203125 305.6581115722656
687.6610717773438 301.5703125
703.4030151367188 297.6333923339844
718.5669555664062 293.80908203125
733.403076171875 290.16107177734375
747.7318725585938 286.50091552734375
761.693603515625 283.0094299316406
775.3379516601562 279.5328674316406
788.4910278320312 276.2701721191406
636.8084106445312 330.71990966796875
653.65966796875 326.3259582519531
670.07373046875 321.9061584472656
685.9321899414062 317.7152099609375
701.4356689453125 313.6261291503906
716.4251708984375 309.6505432128906
731.021240234375 305.73480224609375
745.2550659179688 302.02294921875
759.0333862304688 298.3918151855469
772.3753662109375 294.7524719238281
785.4588012695312 291.3236999511719
635.9244384765625 346.7191467285156
652.5548095703125 342.2069091796875
668.5835571289062 337.67877197265625
684.3447875976562 333.34149169921875
699.4865112304688 329.1182556152344
714.3358154296875 324.9245910644531
728.667236328125 320.92974853515625
742.701904296875 317.0618591308594
756.3673095703125 313.3044128417969
769.5643920898438 309.52984619140625
782.431396484375 305.88275146484375
635.171142578125 362.2413330078125
651.4276123046875 357.4999084472656
667.278564453125 352.8742370605469
682.642578125 348.4277038574219
697.6740112304688 344.0318908691406
712.2677612304688 339.73785400390625
726.4759521484375 335.6121520996094
740.3267211914062 331.57684326171875
753.6920776367188 327.6343994140625
766.7294921875 323.81341552734375
779.5249633789062 320.10009765625
634.3654174804688 377.16607666015625
650.4005126953125 372.33929443359375
665.8855590820312 367.5779724121094
681.1608276367188 363.0302734375
695.8681640625 358.5019226074219
710.3143920898438 354.15789794921875
724.2886962890625 349.8297424316406
737.8751220703125 345.6449279785156
751.1930541992188 341.6233215332031
764.0748901367188 337.64813232421875
776.5867309570312 333.76580810546875