1 720 1333
572.5745239257812 285.9515075683594
592.540771484375 280.8875732421875
612.0489501953125 276.025390625
631.2353515625 271.246337890625
649.8731079101562 266.55230712890625
668.2440795898438 261.9666748046875
686.1813354492188 257.51666259765625
703.674072265625 253.2335205078125
720.8002319335938 248.93896484375
737.587890625 244.7670440673828
754.0164184570312 240.73741149902344
576.8900756835938 306.048828125
596.5172119140625 300.8264465332031
615.7667846679688 295.7360534667969
634.6123657226562 290.8183288574219
653.2049560546875 285.9731750488281
671.2662353515625 281.32867431640625
688.9223022460938 276.6419982910156
706.3153076171875 272.2248229980469
723.308349609375 267.7727966308594
739.7720947265625 263.5212097167969
756.0875854492188 259.3351745605469
581.0826416015625 325.65277099609375
600.51611328125 320.3731994628906
619.4757080078125 315.1988830566406
638.14208984375 310.06292724609375
656.3815307617188 305.0982360839844
674.2864990234375 300.2263488769531
691.6880493164062 295.45281982421875
708.8192138671875 290.7774963378906
725.6060791015625 286.3162841796875
742.0303955078125 281.8147277832031
758.0454711914062 277.5119934082031
585.2697143554688 344.87664794921875
604.3796997070312 339.4355163574219
623.1320190429688 334.1070556640625
641.4664916992188 328.84466552734375
659.5010375976562 323.69329833984375
677.1681518554688 318.7158508300781
694.4719848632812 313.8156433105469
711.3928833007812 309.0986022949219
727.99462890625 304.40924072265625
744.1537475585938 299.7893371582031
760.0296020507812 295.36572265625
589.297119140625 363.6199645996094
608.1732788085938 358.1210632324219
626.61328125 352.6222229003906
644.7662963867188 347.28607177734375
662.5638427734375 342.022705078125
680.0631103515625 336.8791809082031
697.1318969726562 331.82489013671875
713.8228149414062 326.9223937988281
730.2548217773438 322.1817932128906
746.2500610351562 317.43017578125
761.8095703125 312.8055114746094
593.2810668945312 381.99908447265625
611.8829345703125 376.3664245605469
630.1123046875 370.7163391113281
648.1171264648438 365.3055419921875
665.587646484375 359.9237365722656
682.7877197265625 354.632080078125
699.6699829101562 349.5345764160156
716.2831420898438 344.47357177734375
732.4387817382812 339.5365905761719
748.2564697265625 334.65728759765625
763.6796264648438 329.9359436035156
597.2052001953125 399.94281005859375
615.5122680664062 394.20269775390625
633.5595092773438 388.47686767578125
651.2164916992188 382.8363342285156
668.5773315429688 377.44305419921875
685.5477294921875 372.09771728515625
702.2792358398438 366.7348327636719
718.5521850585938 361.6030578613281
734.5579223632812 356.55035400390625
750.2315673828125 351.544677734375
765.4938354492188 346.693359375
600.9720458984375 417.4934387207031
619.17333984375 411.56951904296875
636.8521728515625 405.7972717285156
654.4035034179688 400.11944580078125
671.4638671875 394.5588684082031
688.2974853515625 389.0616149902344
704.6578979492188 383.665771484375
720.8150634765625 378.3798828125
736.6325073242188 373.248046875
752.1149291992188 368.1500244140625
767.2190551757812 363.1568908691406