1 720 1333
587.0482177734375 250.30711364746094
603.6524047851562 248.72117614746094
620.6595458984375 247.3756866455078
637.8150024414062 245.7906036376953
655.3781127929688 244.38645935058594
673.0608520507812 242.85604858398438
690.9954833984375 241.38356018066406
709.2180786132812 239.85147094726562
727.5792236328125 238.4134521484375
746.2974853515625 236.7601776123047
765.1748657226562 235.35565185546875
590.4569091796875 267.2257080078125
607.0697021484375 265.82220458984375
623.7738647460938 264.5128479003906
640.8321533203125 263.25933837890625
658.1548461914062 261.78875732421875
675.6068725585938 260.4931945800781
693.3800659179688 259.2232971191406
711.3908081054688 257.7135009765625
729.5302734375 256.43194580078125
748.0038452148438 255.0897674560547
766.64208984375 253.59999084472656
593.8877563476562 283.68023681640625
610.2821044921875 282.5305480957031
626.8412475585938 281.4094543457031
643.6946411132812 280.20098876953125
660.81591796875 278.8910827636719
678.1692504882812 277.680908203125
695.6925659179688 276.4912414550781
713.4849853515625 275.3165588378906
731.4962158203125 274.0489501953125
749.667724609375 272.7367248535156
768.2364501953125 271.5380554199219
597.2411499023438 299.9132080078125
613.4573974609375 298.82037353515625
629.8491821289062 297.76605224609375
646.578125 296.6949157714844
663.474609375 295.6121826171875
680.6068725585938 294.55224609375
697.9403076171875 293.4806823730469
715.5750732421875 292.40289306640625
733.3837890625 291.32952880859375
751.4329223632812 290.20086669921875
769.5921630859375 289.06646728515625
600.5145874023438 315.7244873046875
616.53369140625 314.7942199707031
632.7657470703125 313.855712890625
649.335205078125 312.901611328125
666.0875854492188 311.97900390625
683.015625 311.0837097167969
700.240478515625 310.0734558105469
717.583740234375 309.16253662109375
735.260986328125 308.14501953125
753.0061645507812 307.17510986328125
771.0882568359375 306.14337158203125
603.6849365234375 331.3754577636719
619.5767822265625 330.5066833496094
635.6724853515625 329.63214111328125
652.0553588867188 328.7710876464844
668.58203125 327.9768981933594
685.3973388671875 327.228271484375
702.3692016601562 326.3309326171875
719.57958984375 325.4468078613281
736.967041015625 324.55694580078125
754.591064453125 323.62890625
772.4406127929688 322.7026062011719
606.8134765625 346.5103454589844
622.5554809570312 345.7121887207031
638.5109252929688 345.1098937988281
654.6609497070312 344.4056091308594
671.0635986328125 343.5866394042969
687.6527099609375 342.8283996582031
704.5149536132812 342.1895751953125
721.4996948242188 341.4086608886719
738.6869506835938 340.58209228515625
756.1746215820312 339.77386474609375
773.7113037109375 339.072265625
609.8704223632812 361.3670959472656
625.4921875 360.66259765625
641.2698364257812 360.1849060058594
657.3057250976562 359.5047912597656
673.4965209960938 358.8431091308594
689.9053955078125 358.32550048828125
706.5405883789062 357.58056640625
723.4151000976562 356.92462158203125
740.4315185546875 356.3577575683594
757.6166381835938 355.578125
775.0800170898438 354.8173828125