1 720 1333
727.9744873046875 227.17616271972656
741.3924560546875 238.385986328125
755.0359497070312 249.81077575683594
768.8908081054688 261.53271484375
783.13232421875 273.4993591308594
797.5158081054688 285.65191650390625
812.2349853515625 298.1157531738281
827.2118530273438 310.7297668457031
842.407470703125 323.66082763671875
857.88720703125 336.8003234863281
873.667236328125 350.2662353515625
717.6907958984375 242.46820068359375
730.8155517578125 253.689453125
744.2769165039062 265.2530517578125
757.83544921875 276.87713623046875
771.7321166992188 288.8231506347656
785.8639526367188 301.03790283203125
800.3211059570312 313.468017578125
814.9054565429688 326.1533508300781
829.8062133789062 339.01263427734375
845.0458984375 352.18023681640625
860.5242309570312 365.53143310546875
707.6363525390625 257.4729309082031
720.5587158203125 268.697021484375
733.6598510742188 280.2178039550781
747.081787109375 291.8965148925781
760.6549682617188 303.831787109375
774.5324096679688 316.07977294921875
788.6328125 328.45477294921875
803.0281982421875 341.13311767578125
817.5955200195312 353.964111328125
832.515625 367.13653564453125
847.6175537109375 380.4276123046875
697.7926025390625 272.1736145019531
710.47998046875 283.42083740234375
723.4014892578125 294.8807373046875
736.4812622070312 306.5823974609375
749.809814453125 318.5523376464844
763.4525756835938 330.6985168457031
777.3146362304688 343.1505432128906
791.3663940429688 355.6933898925781
805.6415405273438 368.58551025390625
820.264892578125 381.6277160644531
835.11083984375 394.9417419433594
688.2680053710938 286.48309326171875
700.6065673828125 297.7376403808594
713.2896118164062 309.25323486328125
726.186767578125 320.943603515625
739.2933959960938 332.8444519042969
752.5625610351562 345.10552978515625
766.1800537109375 357.41552734375
779.95166015625 370.02960205078125
793.9545288085938 382.77276611328125
808.3287963867188 395.84283447265625
822.76513671875 409.1277160644531
678.7725219726562 300.5075378417969
690.9678344726562 311.7419738769531
703.4122314453125 323.305419921875
716.0369262695312 334.9304504394531
728.8946533203125 346.86456298828125
741.9630126953125 359.00909423828125
755.3195190429688 371.4156494140625
768.7857055664062 383.9211120605469
782.5706176757812 396.7138366699219
796.5775756835938 409.66668701171875
810.8130493164062 422.87188720703125
669.5819702148438 314.26922607421875
681.5457763671875 325.50750732421875
693.6891479492188 336.9366760253906
706.1900024414062 348.6501159667969
718.7340087890625 360.5538024902344
731.5965576171875 372.6816101074219
744.655517578125 384.9798889160156
757.9405517578125 397.53863525390625
771.446533203125 410.289794921875
785.2403564453125 423.2388610839844
799.204345703125 436.3927917480469
660.5818481445312 327.6495056152344
672.33740234375 338.8992004394531
684.3203735351562 350.3997497558594
696.4664916992188 362.09490966796875
708.8251342773438 373.9351501464844
721.5029907226562 386.009521484375
734.32421875 398.34161376953125
747.403076171875 410.7581787109375
760.5857543945312 423.4713439941406
774.121337890625 436.3868103027344
787.7639770507812 449.4277648925781