1 720 1333
713.8316040039062 482.1529235839844
729.3903198242188 478.9315185546875
744.458984375 475.88885498046875
759.2495727539062 472.8803405761719
773.5200805664062 469.9661865234375
787.4811401367188 467.1773681640625
801.0894775390625 464.3313293457031
814.3391723632812 461.5570373535156
827.3053588867188 458.8348388671875
839.8223266601562 456.2833557128906
852.17919921875 453.70947265625
720.9234008789062 497.9754943847656
736.5594482421875 494.55950927734375
751.793212890625 491.3173522949219
766.5885009765625 487.98724365234375
781.0994873046875 484.8077087402344
795.1049194335938 481.7267150878906
808.7564697265625 478.7177429199219
822.1890258789062 475.7344665527344
835.1866455078125 472.81927490234375
847.8001708984375 470.0624084472656
860.183837890625 467.3132629394531
728.2838134765625 514.3176879882812
744.0689697265625 510.5909118652344
759.3916625976562 507.05999755859375
774.3488159179688 503.536865234375
788.815185546875 500.1808166503906
802.9675903320312 496.7730712890625
816.7239379882812 493.52606201171875
830.2178344726562 490.3471374511719
843.3350219726562 487.2568664550781
856.019287109375 484.2170104980469
868.463134765625 481.2895812988281
735.7877197265625 531.2009887695312
751.6842041015625 527.2314453125
767.25146484375 523.3609008789062
782.2396850585938 519.5372924804688
796.8340454101562 515.8285522460938
811.1131591796875 512.3176879882812
824.9328002929688 508.7362365722656
838.4949340820312 505.38226318359375
851.6405639648438 501.96600341796875
864.4527587890625 498.7381286621094
876.9332885742188 495.57403564453125
743.5554809570312 548.4658813476562
759.6310424804688 544.2654418945312
775.2333374023438 540.0614013671875
790.383544921875 535.9763793945312
805.1741333007812 532.0653686523438
819.461669921875 528.2442626953125
833.4630737304688 524.4462280273438
846.9913330078125 520.7131958007812
860.3121337890625 517.2084350585938
873.1410522460938 513.6612548828125
885.6653442382812 510.3636169433594
751.6026000976562 566.4199829101562
767.7599487304688 561.75048828125
783.5223999023438 557.3522338867188
798.7658081054688 552.9920043945312
813.6013793945312 548.6976318359375
828.0906982421875 544.6047973632812
842.131103515625 540.552490234375
855.761474609375 536.6321411132812
869.120849609375 532.7332153320312
882.0809326171875 529.114990234375
894.63671875 525.459716796875
759.9124755859375 584.822998046875
776.3125 579.88671875
792.1400756835938 575.1846313476562
807.4761962890625 570.49658203125
822.4542846679688 565.9336547851562
836.9021606445312 561.5308837890625
851.1098022460938 557.26318359375
864.7968139648438 553.022216796875
878.2457275390625 548.8840942382812
891.217529296875 544.8803100585938
903.7963256835938 541.070556640625
768.5406494140625 603.9234008789062
785.0120239257812 598.6638793945312
800.914306640625 593.517822265625
816.478759765625 588.5408325195312
831.4769287109375 583.6536865234375
846.1127319335938 578.9441528320312
860.3098754882812 574.3656616210938
874.1336059570312 569.8425903320312
887.5440063476562 565.489013671875
900.5679321289062 561.2601928710938
913.3230590820312 557.087158203125