1 720 1333
135.91697692871094 221.36343383789062
166.82090759277344 213.68716430664062
197.5697021484375 206.12115478515625
227.94435119628906 198.603271484375
258.1997375488281 191.20884704589844
288.0343017578125 183.86138916015625
317.68658447265625 176.672607421875
347.1103515625 169.56829833984375
376.23162841796875 162.58102416992188
405.146240234375 155.7916259765625
433.65765380859375 149.14939880371094
146.42088317871094 250.58436584472656
177.16078186035156 242.7373504638672
207.56005859375 235.13839721679688
237.76187133789062 227.45716857910156
267.71209716796875 219.92617797851562
297.4419860839844 212.50991821289062
326.860107421875 205.2171173095703
356.1429138183594 197.9254150390625
385.14239501953125 190.8358154296875
413.7787780761719 183.84950256347656
442.25634765625 177.09979248046875
156.8206024169922 279.5147705078125
187.3384552001953 271.6081848144531
217.5220489501953 263.76904296875
247.52101135253906 256.07659912109375
277.2987060546875 248.4071807861328
306.7491760253906 240.8701629638672
336.11932373046875 233.4456787109375
365.17242431640625 226.15045166015625
393.9209289550781 218.84117126464844
422.4817199707031 211.76963806152344
450.6976623535156 204.78285217285156
167.27706909179688 308.2457580566406
197.46566772460938 300.23760986328125
227.46461486816406 292.2967224121094
257.2607421875 284.4290466308594
286.7752990722656 276.65191650390625
316.1423034667969 269.05035400390625
345.3099060058594 261.5047912597656
374.20172119140625 254.05540466308594
402.71881103515625 246.7063751220703
431.1877136230469 239.48358154296875
459.2146301269531 232.3986358642578
177.5460968017578 336.5698547363281
207.55369567871094 328.496826171875
237.34500122070312 320.4537658691406
266.9186706542969 312.5326232910156
296.3002624511719 304.66168212890625
325.4584045410156 296.9256286621094
354.4421081542969 289.2974853515625
383.1544494628906 281.6935119628906
411.5797119140625 274.2940979003906
439.7236328125 266.9208679199219
467.56329345703125 259.6640625
187.81973266601562 364.6669921875
217.5919952392578 356.5178527832031
247.24917602539062 348.4186706542969
276.5971374511719 340.4025573730469
305.75665283203125 332.4668273925781
334.7225036621094 324.6060791015625
363.5419616699219 316.79986572265625
392.1101379394531 309.1432189941406
420.3399353027344 301.56243896484375
448.3200988769531 294.1136169433594
475.8899230957031 286.69561767578125
198.10194396972656 392.4946594238281
227.6491241455078 384.29547119140625
257.0086364746094 376.08453369140625
286.26824951171875 367.9159851074219
315.2554931640625 359.8534240722656
344.0248718261719 351.9198303222656
372.6161193847656 344.1067199707031
400.9563903808594 336.33154296875
429.00067138671875 328.5652160644531
456.74224853515625 321.0113220214844
484.2263488769531 313.47772216796875
208.3312225341797 420.00701904296875
237.59423828125 411.673828125
266.7862243652344 403.4443664550781
295.78271484375 395.2596740722656
324.63140869140625 387.08148193359375
353.26373291015625 379.005126953125
381.6371765136719 371.0548095703125
409.7778625488281 363.1811218261719
437.6434020996094 355.3789978027344
465.2288513183594 347.59234619140625
492.4234619140625 339.9786376953125