1 720 1333
312.24462890625 168.26808166503906
333.3812255859375 181.84774780273438
354.1819763183594 195.3056182861328
374.59564208984375 208.45614624023438
394.71746826171875 221.42782592773438
414.49981689453125 234.18373107910156
433.9344482421875 246.6339874267578
453.0205078125 258.9130859375
471.6673889160156 270.95654296875
490.0472717285156 282.7217712402344
507.9898376464844 294.3387145996094
300.1203308105469 187.14614868164062
321.3873291015625 200.5488739013672
342.22259521484375 213.71939086914062
362.7070617675781 226.70071411132812
382.9211730957031 239.53271484375
402.74957275390625 252.06507873535156
422.3258056640625 264.400390625
441.4717712402344 276.4518127441406
460.24932861328125 288.32818603515625
478.637451171875 299.8498840332031
496.6715393066406 311.3055114746094
288.12554931640625 205.9542694091797
309.3810729980469 219.21348571777344
330.322998046875 232.21656799316406
350.8874206542969 244.99302673339844
371.23614501953125 257.570068359375
391.1741027832031 269.88909912109375
410.6855163574219 282.02471923828125
429.9524841308594 293.8869934082031
448.7764892578125 305.5503234863281
467.3616027832031 316.99169921875
485.465576171875 328.2115478515625
276.1759338378906 224.71658325195312
297.4854736328125 237.7354278564453
318.4788818359375 250.5755157470703
339.1831970214844 263.2247314453125
359.50213623046875 275.55389404296875
379.51751708984375 287.6758728027344
399.2122802734375 299.6307373046875
418.503662109375 311.33892822265625
437.4527282714844 322.780029296875
456.04595947265625 334.0344543457031
474.2962646484375 345.1338806152344
264.29705810546875 243.47789001464844
285.6154479980469 256.3260192871094
306.69683837890625 268.8685302734375
327.4766845703125 281.3538818359375
347.8815612792969 293.489013671875
367.9454650878906 305.4515686035156
387.6594543457031 317.20660400390625
407.1373291015625 328.6820068359375
426.17901611328125 339.9706115722656
444.78240966796875 351.085205078125
463.1824645996094 361.873779296875
252.4323272705078 262.2066345214844
273.9053649902344 274.7580871582031
295.05084228515625 287.2492980957031
315.8183288574219 299.4207458496094
336.3478088378906 311.4268493652344
356.4659118652344 323.17578125
376.3351745605469 334.6890563964844
395.7097473144531 345.98858642578125
414.80914306640625 357.16571044921875
433.6032409667969 367.949951171875
452.088134765625 378.66070556640625
240.71974182128906 280.7125244140625
262.291015625 293.25213623046875
283.49334716796875 305.4100646972656
304.35791015625 317.44720458984375
324.8227844238281 329.2261047363281
345.1062927246094 340.766845703125
364.910400390625 352.1430969238281
384.47784423828125 363.2833557128906
403.6239013671875 374.17156982421875
422.5129699707031 384.8475341796875
441.01873779296875 395.3665771484375
229.12588500976562 299.3440246582031
250.67027282714844 311.50970458984375
271.95086669921875 323.5586853027344
292.8252868652344 335.3858947753906
313.4972839355469 346.9610595703125
333.6860046386719 358.3331604003906
353.6503601074219 369.4700927734375
373.2926940917969 380.42578125
392.52264404296875 391.209716796875
411.45721435546875 401.6202392578125
430.0326843261719 411.98321533203125