1 720 1333
342.9318542480469 166.4351806640625
359.2635192871094 161.12745666503906
375.7680969238281 155.73361206054688
392.69091796875 150.32540893554688
409.89556884765625 144.72120666503906
427.4931335449219 139.1619873046875
445.3642578125 133.41937255859375
463.51226806640625 127.62297058105469
481.96630859375 121.73110961914062
500.82763671875 115.79595947265625
520.091552734375 109.77558135986328
351.7807922363281 186.09530639648438
367.9284362792969 180.97775268554688
384.44952392578125 175.83633422851562
401.2510681152344 170.5998992919922
418.38092041015625 165.34085083007812
435.6902160644531 159.96067810058594
453.4671325683594 154.51797485351562
471.4851379394531 148.9422149658203
489.84271240234375 143.4002685546875
508.5197448730469 137.63705444335938
527.5772094726562 131.8692626953125
360.4835205078125 205.3149871826172
376.5368957519531 200.4647216796875
392.85870361328125 195.51589965820312
409.5849304199219 190.54791259765625
426.5454406738281 185.49459838867188
443.8254089355469 180.40109252929688
461.4405517578125 175.17047119140625
479.32452392578125 169.81829833984375
497.49395751953125 164.48977661132812
516.06982421875 159.0670166015625
534.9172973632812 153.4863739013672
369.0093994140625 224.21022033691406
384.95416259765625 219.5420684814453
401.2600402832031 214.78445434570312
417.74853515625 210.1143035888672
434.68145751953125 205.29470825195312
451.7640075683594 200.37652587890625
469.2672424316406 195.3604736328125
486.9637756347656 190.31130981445312
505.0389404296875 185.193359375
523.3989868164062 179.90414428710938
542.1303100585938 174.59640502929688
377.3551940917969 242.6332244873047
393.307373046875 238.2277069091797
409.3644104003906 233.7124481201172
425.8280334472656 229.21629333496094
442.52838134765625 224.55746459960938
459.5706787109375 219.8502197265625
476.8106994628906 215.1619110107422
494.49835205078125 210.28697204589844
512.361328125 205.38125610351562
530.5814819335938 200.36859130859375
549.1580200195312 195.29672241210938
385.5939025878906 260.692138671875
401.3589172363281 256.5460205078125
417.42718505859375 252.271484375
433.65557861328125 247.865478515625
450.3843078613281 243.47288513183594
467.2109069824219 238.94842529296875
484.39605712890625 234.43507385253906
501.7335510253906 229.77662658691406
519.5526733398438 225.1479949951172
537.5851440429688 220.3551483154297
555.9814453125 215.4513397216797
393.6284484863281 278.4925842285156
409.37432861328125 274.4460144042969
425.26318359375 270.3879089355469
441.44354248046875 266.2005615234375
457.8739013671875 261.96832275390625
474.6568603515625 257.6771240234375
491.6624755859375 253.34381103515625
509.00274658203125 248.8416748046875
526.5462036132812 244.40367126464844
544.4855346679688 239.76513671875
562.6663818359375 235.21609497070312
401.53680419921875 295.7662353515625
417.14093017578125 291.9833068847656
432.886962890625 288.06182861328125
449.01019287109375 284.1260070800781
465.3838195800781 280.101318359375
481.94354248046875 275.90130615234375
498.8156433105469 271.7501220703125
516.0162963867188 267.5119934082031
533.4844970703125 263.26483154296875
551.2203369140625 258.8037109375
569.3385620117188 254.3837432861328