1 720 1333
657.1416625976562 384.0946960449219
677.8638916015625 385.5271911621094
698.6473388671875 386.9937744140625
719.4951782226562 388.46478271484375
740.2836303710938 389.85980224609375
760.9036865234375 391.3673400878906
781.546875 392.7017517089844
802.1464233398438 394.25933837890625
822.6325073242188 395.5788269042969
843.10498046875 397.0520324707031
863.4540405273438 398.4485168457031
655.8873291015625 403.4904479980469
676.5247802734375 404.9410400390625
697.1363525390625 406.440673828125
717.6610107421875 407.7381896972656
738.2437133789062 409.3062438964844
758.671875 410.6115417480469
779.1658325195312 412.1205749511719
799.5189819335938 413.4709167480469
819.7733154296875 414.8043518066406
840.1067504882812 416.28271484375
860.256103515625 417.5303039550781
654.696533203125 422.53619384765625
675.1671752929688 423.9921569824219
695.537109375 425.44659423828125
715.8098754882812 426.80255126953125
736.2899169921875 428.32501220703125
756.4930419921875 429.5773620605469
776.7258911132812 430.9812927246094
796.893798828125 432.373779296875
817.1185302734375 433.6483459472656
837.147216796875 435.0461730957031
857.1500244140625 436.3945007324219
653.5844116210938 441.3003234863281
673.7703247070312 442.61956787109375
693.946044921875 444.1148376464844
714.1791381835938 445.4851989746094
734.2964477539062 446.7850646972656
754.3861083984375 448.2832946777344
774.3892822265625 449.53460693359375
794.3946533203125 450.8328857421875
814.3370361328125 452.2787170410156
834.2305908203125 453.48968505859375
853.9905395507812 454.7235412597656
652.5037231445312 459.5363464355469
672.4902954101562 460.92572021484375
692.475341796875 462.3875732421875
712.4403686523438 463.65765380859375
732.3745727539062 465.1082458496094
752.2531127929688 466.427001953125
772.1260986328125 467.64642333984375
791.850341796875 469.0160827636719
811.6401977539062 470.37225341796875
831.3436889648438 471.5683898925781
850.9561767578125 472.7486877441406
651.4295043945312 477.4717102050781
671.27001953125 478.8326110839844
690.9464721679688 480.29156494140625
710.6893310546875 481.5791015625
730.4618530273438 482.86260986328125
750.1959838867188 484.31402587890625
769.7611083984375 485.499267578125
789.4444580078125 486.7587890625
808.9674072265625 488.1272277832031
828.491455078125 489.35772705078125
847.9283447265625 490.5125732421875
650.400634765625 495.0964660644531
669.923828125 496.47021484375
689.5316162109375 497.71331787109375
709.1141967773438 499.1846008300781
728.5975341796875 500.44476318359375
748.1396484375 501.64605712890625
767.5806884765625 502.90509033203125
786.9951782226562 504.2794494628906
806.3890991210938 505.4821472167969
825.6550903320312 506.61553955078125
844.9737548828125 507.7939453125
649.3719482421875 512.3388671875
668.6825561523438 513.6094970703125
688.1182861328125 514.973876953125
707.4677734375 516.340576171875
726.7651977539062 517.5602416992188
746.14404296875 518.7615356445312
765.3973999023438 520.0921630859375
784.6295776367188 521.3128051757812
803.7958984375 522.4721069335938
822.9402465820312 523.609375
842.0921020507812 524.75732421875