1 720 1333
471.7304382324219 223.4705810546875
487.6923522949219 221.01071166992188
503.9512023925781 218.59925842285156
520.4578247070312 216.20286560058594
537.1704711914062 213.6402587890625
554.0424194335938 211.22128295898438
571.2168579101562 208.6160125732422
588.5794677734375 206.08216857910156
606.2724609375 203.43626403808594
624.1608276367188 200.7574005126953
642.3032836914062 198.16050720214844
477.58642578125 240.31028747558594
493.453857421875 238.05889892578125
509.48321533203125 235.76266479492188
525.7320556640625 233.4558868408203
542.2772827148438 231.1967010498047
558.9458618164062 228.72496032714844
575.8556518554688 226.38983154296875
593.130859375 223.94448852539062
610.5059204101562 221.5122833251953
628.2531127929688 219.03472900390625
646.1399536132812 216.52957153320312
483.3875732421875 256.69091796875
498.9847412109375 254.60671997070312
514.8084106445312 252.49427795410156
530.8734741210938 250.37493896484375
547.2966918945312 248.15196228027344
563.701171875 245.8893280029297
580.5013427734375 243.63536071777344
597.4668579101562 241.40460205078125
614.6688842773438 239.14683532714844
632.195556640625 236.73309326171875
649.841064453125 234.45217895507812
488.9266357421875 272.7115783691406
504.4365539550781 270.76422119140625
520.07177734375 268.7625427246094
535.93359375 266.7583312988281
552.0671997070312 264.69329833984375
568.4122924804688 262.6284484863281
584.9058227539062 260.5447998046875
601.7330322265625 258.4403076171875
618.71484375 256.3408508300781
636.03076171875 254.14459228515625
653.5089111328125 251.8616943359375
494.4132080078125 288.3777770996094
509.64569091796875 286.53375244140625
525.1978759765625 284.645263671875
540.8171997070312 282.7734375
556.7843627929688 280.8702697753906
572.8741455078125 278.9361267089844
589.3438110351562 276.9747009277344
605.8857421875 275.024169921875
622.7008056640625 273.028564453125
639.7752075195312 270.9533996582031
657.143310546875 268.85089111328125
499.66796875 303.59515380859375
514.7940673828125 301.8835754394531
530.1694946289062 300.26434326171875
545.65087890625 298.46759033203125
561.423828125 296.61676025390625
577.3818359375 294.80694580078125
593.55859375 293.0578918457031
609.9732666015625 291.2362976074219
626.5885009765625 289.3511962890625
643.5048217773438 287.423583984375
660.5473022460938 285.48883056640625
504.8778991699219 318.49237060546875
519.7896118164062 316.87823486328125
534.9619750976562 315.3341979980469
550.3538208007812 313.629150390625
565.8955688476562 312.0659484863281
581.6620483398438 310.407470703125
597.7044677734375 308.638916015625
613.9564819335938 306.919189453125
630.4488525390625 305.2128601074219
647.1182250976562 303.4242248535156
663.9652709960938 301.575927734375
509.9483947753906 333.0353698730469
524.6965942382812 331.54522705078125
539.6920166015625 330.17120361328125
554.9002685546875 328.55767822265625
570.3565063476562 327.07965087890625
585.9464721679688 325.4900817871094
601.7332763671875 323.85784912109375
617.8242797851562 322.3325500488281
634.1404418945312 320.6258850097656
650.5872192382812 318.98016357421875
667.2994995117188 317.346435546875