1 720 1333
499.0524597167969 339.0229797363281
529.2357788085938 337.0851135253906
557.7793579101562 335.19903564453125
584.8803100585938 333.40582275390625
610.6851196289062 331.6106872558594
635.195068359375 330.0351257324219
658.4451293945312 328.4882507324219
680.6222534179688 327.0619812011719
701.764404296875 325.6065979003906
721.814453125 324.3509216308594
740.99853515625 323.0503845214844
495.6304931640625 365.8792724609375
525.2427368164062 363.3477783203125
553.2882080078125 360.7459411621094
579.8948974609375 358.42022705078125
605.302734375 356.1846923828125
629.4095458984375 353.9184265136719
652.4000854492188 351.7836608886719
674.3251342773438 349.8617248535156
695.2628784179688 348.05560302734375
715.0938720703125 346.26556396484375
734.095703125 344.4807434082031
492.47137451171875 391.6006774902344
521.4710693359375 388.4188232421875
549.0037841796875 385.3436584472656
575.2213134765625 382.42413330078125
600.1636962890625 379.59075927734375
623.8505859375 376.87109375
646.5480346679688 374.364013671875
668.2249755859375 371.88275146484375
688.8573608398438 369.56915283203125
708.5720825195312 367.3457946777344
727.4239501953125 365.19775390625
489.4797058105469 416.19622802734375
517.8573608398438 412.4231262207031
544.90625 408.76837158203125
570.64892578125 405.4111633300781
595.2520141601562 402.1750793457031
618.6036987304688 398.99261474609375
640.9712524414062 395.9981384277344
662.3645629882812 393.16021728515625
682.7387084960938 390.39678955078125
702.2939453125 387.68408203125
720.8726196289062 385.17901611328125
486.6236877441406 439.5660400390625
514.5468139648438 435.3642578125
541.09814453125 431.3277587890625
566.3997802734375 427.4336853027344
590.50244140625 423.70916748046875
613.5863647460938 420.19287109375
635.5883178710938 416.7547302246094
656.696533203125 413.5167541503906
676.8875732421875 410.41168212890625
696.2185668945312 407.3780212402344
714.6267700195312 404.4305419921875
483.9461669921875 462.0124206542969
511.35504150390625 457.3730163574219
537.4180908203125 452.8218994140625
562.3049926757812 448.5743713378906
586.0506591796875 444.4900817871094
608.7171630859375 440.54400634765625
630.4715576171875 436.73883056640625
651.3404541015625 433.1949768066406
671.2759399414062 429.665771484375
690.3222045898438 426.3233337402344
708.5359497070312 423.0335693359375
481.4062805175781 483.47833251953125
508.3273620605469 478.4100341796875
533.8745727539062 473.524169921875
558.3828125 468.831787109375
581.720458984375 464.39447021484375
604.1193237304688 460.1476135253906
625.5092163085938 455.970947265625
646.064453125 452.0083312988281
665.7449951171875 448.22772216796875
684.5697021484375 444.4927062988281
702.634765625 440.9091491699219
478.9299621582031 504.0224609375
505.3963928222656 498.57550048828125
530.5509643554688 493.369140625
554.6043701171875 488.35906982421875
577.6388549804688 483.5108337402344
599.6163940429688 478.8795166015625
620.6888427734375 474.4656066894531
641.0274047851562 470.19818115234375
660.4345703125 466.0899658203125
679.0191040039062 462.06512451171875
696.8787231445312 458.2213134765625