1 720 1333
681.3483276367188 248.5630645751953
702.3339233398438 256.80535888671875
723.6058349609375 265.27117919921875
745.4937133789062 273.9440612792969
767.7548217773438 282.7897644042969
790.4663696289062 291.8721618652344
813.5700073242188 301.190673828125
837.2863159179688 310.6205749511719
861.3584594726562 320.3417053222656
885.877685546875 330.1945495605469
910.990234375 340.2808532714844
672.2175903320312 270.50518798828125
693.0049438476562 278.9212951660156
714.2346801757812 287.61883544921875
735.8572998046875 296.5049743652344
758.0200805664062 305.5911865234375
780.5279541015625 314.875
803.525390625 324.39715576171875
826.9292602539062 334.0870361328125
850.8626708984375 343.89447021484375
875.2733764648438 354.0693664550781
900.13525390625 364.34014892578125
663.0878295898438 292.3870544433594
683.673828125 301.0249938964844
704.7770385742188 309.8515930175781
726.3450927734375 318.9893798828125
748.2862548828125 328.3270568847656
770.6434326171875 337.72515869140625
793.4738159179688 347.4942626953125
816.7120361328125 357.371826171875
840.4576416015625 367.4400939941406
864.6116943359375 377.6828308105469
889.3185424804688 388.2774353027344
653.986572265625 314.10546875
674.4827880859375 322.94561767578125
695.4071044921875 332.11297607421875
716.7405395507812 341.3797302246094
738.5694580078125 350.8371887207031
760.769775390625 360.5492248535156
783.452880859375 370.456298828125
806.5256958007812 380.5181579589844
830.1072387695312 390.78326416015625
854.0247192382812 401.31005859375
878.5248413085938 411.9786376953125
644.9806518554688 335.6811828613281
665.34765625 344.7884521484375
686.084716796875 354.15594482421875
707.3119506835938 363.5906982421875
728.873046875 373.31622314453125
750.9320068359375 383.1938171386719
773.4529418945312 393.2859191894531
796.3771362304688 403.5274353027344
819.6713256835938 413.9842529296875
843.5343017578125 424.6611022949219
867.7462158203125 435.5311279296875
636.004638671875 357.265380859375
656.2003784179688 366.5399169921875
676.7398681640625 376.0128479003906
697.8031005859375 385.6791076660156
719.3414306640625 395.5950622558594
741.21923828125 405.6462707519531
763.5083618164062 415.8980712890625
786.2550048828125 426.3956298828125
809.397705078125 437.065673828125
832.9785766601562 447.84893798828125
857.1139526367188 458.9632263183594
627.1515502929688 378.5855407714844
647.1278076171875 388.1434326171875
667.5687255859375 397.7330627441406
688.4754028320312 407.6407775878906
709.741943359375 417.6710205078125
731.4773559570312 427.9630432128906
753.5738525390625 438.41253662109375
776.2044677734375 449.0404052734375
799.1714477539062 459.8330993652344
822.5676879882812 470.8759460449219
846.4456787109375 482.1758117675781
618.3340454101562 399.79425048828125
638.14990234375 409.4901123046875
658.4347534179688 419.37847900390625
679.1467895507812 429.4211730957031
700.3058471679688 439.6299743652344
721.7466430664062 450.0904846191406
743.7560424804688 460.6247863769531
766.18603515625 471.5083312988281
788.9169921875 482.4805908203125
812.2393188476562 493.6821594238281
835.8517456054688 505.12786865234375