1 720 1333
692.7362670898438 217.51358032226562
704.557373046875 226.72352600097656
716.6229858398438 236.19456481933594
729.0652465820312 245.8646240234375
741.7030639648438 255.7613983154297
754.699462890625 266.0300598144531
768.0274658203125 276.45220947265625
781.6383666992188 287.21929931640625
795.5581665039062 298.1890563964844
809.8968505859375 309.4593811035156
824.5320434570312 320.98809814453125
686.5070190429688 232.51348876953125
698.0750732421875 241.74562072753906
709.8439331054688 251.2950897216797
721.9964599609375 260.97064208984375
734.4396362304688 270.9618225097656
747.1605224609375 281.2094421386719
760.1846313476562 291.65350341796875
773.443115234375 302.3813171386719
787.0584106445312 313.4241638183594
801.0330810546875 324.65869140625
815.3309936523438 336.24871826171875
680.3848266601562 247.10272216796875
691.6871337890625 256.40850830078125
703.3116455078125 265.8812255859375
715.20068359375 275.66534423828125
727.3339233398438 285.6447448730469
739.7085571289062 295.8818359375
752.4539184570312 306.3843688964844
765.4420776367188 317.1712951660156
778.7030639648438 328.16534423828125
792.38818359375 339.4073486328125
806.3667602539062 350.9691467285156
674.4627075195312 261.34051513671875
685.505126953125 270.5802001953125
696.8485717773438 280.1849060058594
708.4705810546875 289.9090881347656
720.3953247070312 299.9301452636719
732.5210571289062 310.20965576171875
744.9471435546875 320.66009521484375
757.6582641601562 331.4579162597656
770.634765625 342.4586486816406
784.025146484375 353.7091369628906
797.5814819335938 365.24530029296875
668.6087036132812 275.06378173828125
679.5160522460938 284.46636962890625
690.5851440429688 293.9640808105469
702.0151977539062 303.7377624511719
713.6058959960938 313.78485107421875
725.5140380859375 324.07684326171875
737.696533203125 334.5739440917969
750.1697998046875 345.3625183105469
762.8341674804688 356.357421875
775.833251953125 367.5354919433594
789.2393188476562 379.12066650390625
663.0612182617188 288.5283508300781
673.6142578125 297.816162109375
684.5184326171875 307.458251953125
695.6406860351562 317.3018798828125
707.1258544921875 327.2892761230469
718.7156372070312 337.5622253417969
730.623046875 348.0424499511719
742.81396484375 358.7832336425781
755.2847900390625 369.7587585449219
768.0023193359375 381.0220642089844
780.9952392578125 392.4733581542969
657.4811401367188 301.5257873535156
667.9133911132812 310.91912841796875
678.5950927734375 320.5537109375
689.5237426757812 330.314208984375
700.6948852539062 340.4346923828125
712.1860961914062 350.63031005859375
723.7794799804688 361.1816101074219
735.7037963867188 371.8252868652344
747.9035034179688 382.8090515136719
760.3968505859375 394.0161437988281
773.1487426757812 405.471923828125
652.1173095703125 314.3089294433594
662.3885498046875 323.67889404296875
672.7748413085938 333.22735595703125
683.5437622070312 343.13861083984375
694.5147705078125 353.1308898925781
705.6954345703125 363.3923645019531
717.2147827148438 373.7882080078125
728.8387451171875 384.5387268066406
740.7544555664062 395.4610290527344
753.0319213867188 406.595458984375
765.455322265625 417.9692077636719