1 720 1333
415.1435241699219 323.21575927734375
437.319580078125 320.69207763671875
458.9278259277344 318.3804931640625
480.1586608886719 315.99957275390625
500.7576904296875 313.6718444824219
521.0340576171875 311.48089599609375
540.7554321289062 309.2769775390625
560.2142944335938 307.1407165527344
579.158447265625 305.0052185058594
597.5887451171875 302.898193359375
615.7199096679688 300.8994140625
418.015625 342.19354248046875
439.80938720703125 339.5252685546875
461.1454162597656 336.95831298828125
481.9487609863281 334.4687194824219
502.3459167480469 332.01922607421875
522.2984619140625 329.575439453125
541.6446533203125 327.2619934082031
560.754150390625 324.85626220703125
579.491455078125 322.65350341796875
597.7304077148438 320.43572998046875
615.6300048828125 318.31866455078125
420.8131408691406 360.5612487792969
442.3150939941406 357.748046875
463.3030700683594 355.0778503417969
483.7395324707031 352.4271240234375
503.7496032714844 349.7778015136719
523.451904296875 347.2939758300781
542.6019287109375 344.6947021484375
561.4716186523438 342.3031921386719
579.85205078125 339.84619140625
597.8934936523438 337.4866943359375
615.5824584960938 335.213623046875
423.58563232421875 378.48040771484375
444.6759338378906 375.5262756347656
465.3714294433594 372.648193359375
485.521484375 369.8287353515625
505.32562255859375 367.1524353027344
524.5989379882812 364.4186706542969
543.5332641601562 361.71533203125
562.1932983398438 359.2099609375
580.328857421875 356.62567138671875
598.152099609375 354.1690979003906
615.5040283203125 351.6569519042969
426.3524169921875 395.7894287109375
447.08941650390625 392.719970703125
467.4181823730469 389.7137451171875
487.30908203125 386.7698059082031
506.715087890625 383.90692138671875
525.7271118164062 381.1428527832031
544.4754028320312 378.3565979003906
562.7017211914062 375.6051025390625
580.6668701171875 372.933837890625
598.29150390625 370.3303527832031
615.4710693359375 367.67828369140625
428.94500732421875 412.64971923828125
449.4158935546875 409.4964904785156
469.43463134765625 406.3757019042969
488.9924011230469 403.3251953125
508.20703125 400.3099060058594
526.9176025390625 397.36346435546875
545.3709106445312 394.4591064453125
563.4321899414062 391.6099548339844
581.10302734375 388.8090515136719
598.4417114257812 386.1173095703125
615.4419555664062 383.389404296875
431.53350830078125 429.0814208984375
451.61785888671875 425.7463073730469
471.3912658691406 422.5130310058594
490.6307678222656 419.35809326171875
509.55731201171875 416.201171875
528.0885009765625 413.1809387207031
546.2926635742188 410.1629638671875
564.0516967773438 407.21636962890625
581.5122680664062 404.28533935546875
598.5613403320312 401.40179443359375
615.4026489257812 398.5849304199219
434.068359375 444.9934997558594
453.845703125 441.5685729980469
473.3077697753906 438.2291564941406
492.33624267578125 434.9039611816406
510.8831481933594 431.6782531738281
529.2562866210938 428.51544189453125
547.1093139648438 425.3755798339844
564.6141357421875 422.3136291503906
581.7774047851562 419.34130859375
598.6982421875 416.3153991699219
615.341064453125 413.40069580078125