1 720 1333
302.70404052734375 74.55640411376953
315.8014221191406 78.5484390258789
329.32781982421875 82.62837219238281
342.73541259765625 86.72244262695312
356.5993957519531 90.96370697021484
370.5995788574219 95.28679656982422
385.0450744628906 99.61802673339844
399.5160827636719 104.08679962158203
414.3663635253906 108.607666015625
429.37506103515625 113.27545166015625
444.650634765625 117.9795913696289
303.4989929199219 93.04424285888672
316.5225524902344 97.1657485961914
329.646240234375 101.28730773925781
343.1697692871094 105.52392578125
356.682861328125 109.78556060791016
370.5790100097656 114.22982788085938
384.66644287109375 118.65064239501953
399.1131591796875 123.26402282714844
413.6354675292969 127.85025787353516
428.5319519042969 132.58969116210938
443.6060791015625 137.45205688476562
304.384033203125 111.05915069580078
317.1829528808594 115.26908111572266
330.2154846191406 119.49967956542969
343.4207763671875 123.80039978027344
356.8190612792969 128.25978088378906
370.5466613769531 132.66598510742188
384.5067443847656 137.2847900390625
398.61578369140625 141.9188232421875
413.0933532714844 146.63995361328125
427.6551208496094 151.46902465820312
442.589111328125 156.40452575683594
305.19024658203125 128.7043914794922
317.7132263183594 132.94268798828125
330.57171630859375 137.30247497558594
343.67376708984375 141.6822052001953
357.0373840332031 146.2566375732422
370.5378112792969 150.76832580566406
384.3139343261719 155.44520568847656
398.2950744628906 160.19931030273438
412.4687805175781 165.00418090820312
426.9310302734375 169.88201904296875
441.6276550292969 174.87513732910156
305.85205078125 145.87184143066406
318.4095458984375 150.2953338623047
331.16595458984375 154.66758728027344
343.9776916503906 159.23687744140625
357.23748779296875 163.75244140625
370.4871520996094 168.43618774414062
384.1159362792969 173.1550750732422
397.8236999511719 177.94195556640625
411.8496398925781 182.83322143554688
426.27960205078125 187.8455352783203
440.6507873535156 192.8911590576172
306.6076354980469 162.76063537597656
318.99658203125 167.2016143798828
331.5617370605469 171.68600463867188
344.3787841796875 176.31289672851562
357.3687438964844 180.91429138183594
370.5063171386719 185.6439971923828
383.8933410644531 190.49264526367188
397.52044677734375 195.3841552734375
411.4138488769531 200.3587188720703
425.5108337402344 205.42918395996094
439.78271484375 210.5401153564453
307.3983459472656 179.20858764648438
319.580810546875 183.72718811035156
332.02960205078125 188.33602905273438
344.6028137207031 192.96617126464844
357.4972839355469 197.6622314453125
370.52001953125 202.487548828125
383.7290954589844 207.37110900878906
397.32305908203125 212.3634490966797
410.9145812988281 217.3769073486328
424.8543701171875 222.51002502441406
439.0788269042969 227.69056701660156
308.1969299316406 195.36282348632812
320.29180908203125 199.87548828125
332.5367126464844 204.55165100097656
344.96588134765625 209.291259765625
357.6478576660156 214.09376525878906
370.5519714355469 218.8634796142578
383.6610107421875 223.8662109375
397.0762023925781 228.85324096679688
410.5501708984375 234.03782653808594
424.3561706542969 239.19189453125
438.3555603027344 244.48837280273438