1 720 1333
452.7947998046875 190.0219268798828
471.6724853515625 193.2210235595703
490.6526184082031 196.4435577392578
509.5820617675781 199.6483612060547
528.540283203125 202.86428833007812
547.4351806640625 206.15267944335938
566.3773803710938 209.33822631835938
585.2824096679688 212.5627899169922
604.17333984375 215.74789428710938
623.0206298828125 219.04229736328125
641.88525390625 222.28639221191406
450.4408264160156 209.32489013671875
469.33343505859375 212.51593017578125
488.1923522949219 215.67347717285156
506.9955139160156 218.869384765625
525.8323974609375 222.1197967529297
544.6763916015625 225.30593872070312
563.5322265625 228.50946044921875
582.3971557617188 231.6766815185547
601.209228515625 234.86373901367188
620.028564453125 238.11868286132812
638.7747802734375 241.3177947998047
448.13128662109375 228.46728515625
466.8436279296875 231.6249237060547
485.6410827636719 234.77545166015625
504.4689636230469 238.0210723876953
523.242919921875 241.22239685058594
541.9541625976562 244.39244079589844
560.728759765625 247.50579833984375
579.4720458984375 250.68280029296875
598.3101196289062 253.84722900390625
617.0443115234375 257.1067810058594
635.728759765625 260.2835998535156
445.74591064453125 247.5255889892578
464.5148620605469 250.66943359375
483.26324462890625 253.842529296875
501.87677001953125 256.98095703125
520.5512084960938 260.1965026855469
539.3043212890625 263.3524475097656
557.962890625 266.4642639160156
576.627685546875 269.5730895996094
595.3734130859375 272.7454833984375
614.0584106445312 275.887451171875
632.6831665039062 279.0960693359375
443.4979248046875 266.42633056640625
462.1507263183594 269.5439453125
480.7183532714844 272.6792907714844
499.392822265625 275.8263244628906
518.0040283203125 278.96368408203125
536.5925903320312 282.1492004394531
555.2576904296875 285.25531005859375
573.801513671875 288.3808898925781
592.4663696289062 291.5196838378906
611.0947875976562 294.67193603515625
629.678466796875 297.7757873535156
441.2989196777344 285.2027893066406
459.7716979980469 288.3285827636719
478.38189697265625 291.4363098144531
496.85614013671875 294.5367736816406
515.4513549804688 297.666748046875
533.952392578125 300.7557067871094
552.5103759765625 303.88812255859375
571.047607421875 307.0253601074219
589.603515625 310.1933898925781
608.197265625 313.32305908203125
626.6980590820312 316.4356689453125
439.04840087890625 303.7386474609375
457.49639892578125 306.86810302734375
475.95208740234375 309.9998779296875
494.451416015625 313.17205810546875
512.8780517578125 316.2593688964844
531.3955078125 319.3459167480469
549.8067626953125 322.4443664550781
568.3597412109375 325.56475830078125
586.7650146484375 328.6555480957031
605.3187255859375 331.7595520019531
623.7539672851562 334.86004638671875
436.7760314941406 322.2841491699219
455.25714111328125 325.3871154785156
473.5835876464844 328.4684753417969
492.02520751953125 331.546142578125
510.44464111328125 334.6528015136719
528.7523193359375 337.7287902832031
547.242431640625 340.8309020996094
565.6085205078125 343.9101257324219
584.0562744140625 347.067626953125
602.450927734375 350.1581726074219
620.8419799804688 353.2541809082031