1 720 1333
687.0780029296875 245.18606567382812
692.996826171875 254.4018096923828
699.3364868164062 264.1565246582031
705.9270629882812 274.5177307128906
713.0137329101562 285.4958801269531
720.4904174804688 297.2002258300781
728.4992065429688 309.6014404296875
737.0166625976562 322.83355712890625
746.1058349609375 336.9886169433594
755.7991943359375 352.29901123046875
766.2778930664062 368.5577392578125
668.589111328125 256.6783447265625
674.0180053710938 266.2088317871094
679.7132568359375 276.3133850097656
685.7456665039062 286.9495544433594
692.274658203125 298.33673095703125
699.1430053710938 310.359619140625
706.3839721679688 323.2142333984375
714.1109008789062 336.80133056640625
722.3717651367188 351.4368591308594
731.28173828125 367.1534729003906
740.6903686523438 383.915771484375
650.2574462890625 268.1314697265625
655.1651611328125 277.896240234375
660.3343505859375 288.3275451660156
665.725341796875 299.38372802734375
671.56787109375 311.0287780761719
677.7247924804688 323.46929931640625
684.3289184570312 336.6305847167969
691.306640625 350.6871032714844
698.7061767578125 365.7167053222656
706.7175903320312 381.87823486328125
715.3831787109375 399.2368469238281
631.9317016601562 279.5309753417969
636.3295288085938 289.5920715332031
640.8883056640625 300.3644104003906
645.7755126953125 311.6401062011719
651.0123291015625 323.6746826171875
656.5020751953125 336.45111083984375
662.3976440429688 350.05615234375
668.5914916992188 364.5208740234375
675.3088989257812 379.90728759765625
682.4425659179688 396.5335998535156
690.18115234375 414.3442077636719
613.704345703125 290.75537109375
617.6369018554688 301.2879638671875
621.6945190429688 312.2423095703125
626.0721435546875 323.86334228515625
630.600830078125 336.27978515625
635.4849243164062 349.374267578125
640.6280517578125 363.3224182128906
646.2131958007812 378.1845703125
651.9957275390625 394.03759765625
658.403564453125 411.0482177734375
665.1968994140625 429.2781066894531
595.7328491210938 302.1246337890625
599.0451049804688 312.72265625
602.6361694335938 324.07666015625
606.37890625 336.046875
610.3698120117188 348.7247314453125
614.5626220703125 362.216064453125
619.1250610351562 376.5379638671875
623.795654296875 391.6923522949219
628.9600830078125 407.9908142089844
634.4898681640625 425.4159240722656
640.4218139648438 444.0315856933594
577.750732421875 313.2884521484375
580.6776733398438 324.21527099609375
583.6405029296875 335.778564453125
586.8819580078125 348.1773986816406
590.3186645507812 361.1144104003906
593.8538818359375 374.97113037109375
597.7042236328125 389.57940673828125
601.8521728515625 405.2438659667969
606.2077026367188 421.7887878417969
610.889892578125 439.6357116699219
615.944091796875 458.6459655761719
560.0502319335938 324.3440856933594
562.39013671875 335.5354919433594
564.8131713867188 347.558349609375
567.5489501953125 360.0559387207031
570.4186401367188 373.4321594238281
573.4072265625 387.525390625
576.6344604492188 402.5467834472656
580.0452270507812 418.5411071777344
583.6927490234375 435.5600280761719
587.6158447265625 453.7077331542969
591.835205078125 473.2953796386719