1 720 1333
558.1464233398438 206.71694946289062
576.2573852539062 204.60816955566406
594.6748046875 202.5447540283203
613.69287109375 200.40940856933594
633.2112426757812 198.25997924804688
653.062744140625 196.03076171875
673.4144287109375 193.75286865234375
694.303955078125 191.49716186523438
715.5433959960938 189.2598114013672
737.4631958007812 186.83258056640625
759.72119140625 184.5391845703125
557.769287109375 226.88442993164062
575.892822265625 225.09336853027344
594.48388671875 223.21047973632812
613.4956665039062 221.29241943359375
632.939697265625 219.3876495361328
652.8040161132812 217.36134338378906
673.3770141601562 215.37210083007812
694.2487182617188 213.35494995117188
715.5548706054688 211.3158416748047
737.4793090820312 209.24221801757812
759.8565673828125 207.1744384765625
557.5214233398438 247.23789978027344
575.6121826171875 245.53131103515625
594.278564453125 243.85511779785156
613.3331909179688 242.27076721191406
632.7013549804688 240.5071258544922
652.70947265625 238.71566772460938
673.259765625 237.06654357910156
694.181884765625 235.28834533691406
715.543701171875 233.4612579345703
737.5374755859375 231.59591674804688
759.98486328125 229.7639923095703
557.2402954101562 267.54522705078125
575.408935546875 266.2200622558594
593.928955078125 264.6864929199219
613.0174560546875 263.3336181640625
632.5462036132812 261.7820129394531
652.5565795898438 260.3809509277344
673.1102905273438 258.7392883300781
694.1268310546875 257.33544921875
715.552001953125 255.6936798095703
737.5616455078125 254.23683166503906
760.1708374023438 252.6085205078125
556.8260498046875 288.0528259277344
575.0676879882812 286.7709045410156
593.6331787109375 285.6127624511719
612.7293090820312 284.490478515625
632.40771484375 283.2605285644531
652.427001953125 281.97100830078125
672.9485473632812 280.68341064453125
693.9952392578125 279.4498596191406
715.5367431640625 278.2064208984375
737.6112060546875 276.8225402832031
760.27734375 275.5633239746094
556.552001953125 308.5673828125
574.7246704101562 307.6124572753906
593.460693359375 306.64349365234375
612.5350952148438 305.66888427734375
632.2207641601562 304.68292236328125
652.3114624023438 303.706787109375
672.7945556640625 302.6802062988281
693.9273071289062 301.68402099609375
715.53076171875 300.6591796875
737.6447143554688 299.6415100097656
760.3650512695312 298.6221618652344
556.3018188476562 329.2677001953125
574.4608154296875 328.51812744140625
593.221923828125 327.7580261230469
612.3505249023438 327.15826416015625
631.9674682617188 326.4092712402344
652.1404418945312 325.60870361328125
672.702880859375 324.8338928222656
693.8224487304688 324.2140808105469
715.5322875976562 323.4146423339844
737.6624145507812 322.6072998046875
760.4362182617188 321.79962158203125
555.9228515625 349.8544006347656
574.243408203125 349.4755554199219
592.842041015625 349.0406494140625
612.1453247070312 348.5289611816406
631.7060546875 348.1253662109375
651.9228515625 347.6015319824219
672.5953979492188 347.2178649902344
693.8128051757812 346.609375
715.51953125 346.24188232421875
737.7049560546875 345.6431884765625
760.4752197265625 345.2543640136719