1 720 1333
635.4314575195312 451.0552673339844
650.2310791015625 457.7550964355469
665.2398681640625 464.62774658203125
680.5302124023438 471.6336975097656
696.18310546875 478.7396240234375
712.0667724609375 485.9913330078125
728.267333984375 493.3742980957031
744.7578735351562 500.7361755371094
761.5550537109375 508.3871154785156
778.7001953125 516.1531372070312
796.2293090820312 524.0613403320312
626.5870361328125 465.2362060546875
641.441650390625 472.17938232421875
656.5505981445312 479.266357421875
671.998046875 486.4653015136719
687.70263671875 493.760986328125
703.6871948242188 501.2881164550781
720.1181030273438 508.84783935546875
736.6812744140625 516.5593872070312
753.65625 524.4365844726562
770.9605712890625 532.464599609375
788.6146850585938 540.6092529296875
617.5803833007812 479.6324768066406
632.517578125 486.8127136230469
647.686767578125 494.2083435058594
663.3091430664062 501.6274719238281
679.0980834960938 509.2695617675781
695.254150390625 516.9397583007812
711.661376953125 524.7325439453125
728.4823608398438 532.7380981445312
745.5595703125 540.8411254882812
763.0258178710938 549.2257690429688
780.7868041992188 557.6298828125
608.3646850585938 494.48223876953125
623.373291015625 501.8924255371094
638.6366577148438 509.4671630859375
654.2933349609375 517.2201538085938
670.2757568359375 525.0552978515625
686.4903564453125 533.0232543945312
703.0629272460938 541.2119140625
719.9707641601562 549.39453125
737.2843017578125 557.7826538085938
754.801513671875 566.3922119140625
772.7576293945312 575.1958618164062
598.8526000976562 509.6199035644531
613.94140625 517.3434448242188
629.3815307617188 525.1682739257812
645.1259155273438 533.1453857421875
661.197021484375 541.2410278320312
677.5354614257812 549.4719848632812
694.2901000976562 557.825927734375
711.3085327148438 566.4385986328125
728.6500244140625 575.1209716796875
746.4584350585938 584.0823364257812
764.5556030273438 593.152587890625
589.16796875 525.2373046875
604.3523559570312 533.143798828125
619.8103637695312 541.2425537109375
635.6505737304688 549.4310302734375
651.8353881835938 557.8013916015625
668.356201171875 566.3951416015625
685.2099609375 575.1053466796875
702.3873901367188 583.919189453125
719.8782348632812 592.947265625
737.759521484375 602.1944580078125
756.1600341796875 611.6173706054688
579.2161254882812 541.1201782226562
594.4730224609375 549.3162841796875
610.1115112304688 557.6305541992188
626.0424194335938 566.2190551757812
642.3431396484375 574.8497314453125
658.9031372070312 583.6912231445312
675.8436279296875 592.6823120117188
693.2473754882812 601.919189453125
710.8385620117188 611.2820434570312
728.9901733398438 620.8072509765625
747.4192504882812 630.5770874023438
568.9943237304688 557.419677734375
584.385986328125 565.868896484375
600.1040649414062 574.549072265625
616.1017456054688 583.376953125
632.4971313476562 592.3846435546875
649.249755859375 601.5240478515625
666.37109375 610.8696899414062
683.7501831054688 620.3831176757812
701.5894775390625 630.125244140625
719.7881469726562 640.0045776367188
738.4593505859375 650.1785888671875