1 720 1333
637.10107421875 249.8791046142578
657.2951049804688 248.80799865722656
677.466796875 247.809326171875
697.68212890625 246.74574279785156
718.0450439453125 245.7884979248047
738.3978881835938 244.80471801757812
758.6567993164062 243.8667449951172
779.153564453125 242.9181365966797
799.4976196289062 242.02374267578125
819.8911743164062 241.15264892578125
840.32958984375 240.21685791015625
637.5877685546875 269.48272705078125
657.8150634765625 268.4700927734375
678.2586059570312 267.45489501953125
698.5360717773438 266.4875183105469
719.0301513671875 265.47454833984375
739.4385375976562 264.53369140625
759.866455078125 263.5449523925781
780.3922119140625 262.6025390625
800.8555908203125 261.65380859375
821.3545532226562 260.7138366699219
841.78515625 259.8414306640625
638.2172241210938 289.31781005859375
658.5361328125 288.29290771484375
678.95263671875 287.2968444824219
699.4732055664062 286.3254699707031
719.9507446289062 285.3553161621094
740.5345458984375 284.4067077636719
761.1088256835938 283.44677734375
781.6285400390625 282.50311279296875
802.2638549804688 281.53009033203125
822.77734375 280.61883544921875
843.3779907226562 279.7323303222656
638.7061157226562 309.2870178222656
659.27978515625 308.2959899902344
679.7366943359375 307.3277893066406
700.3700561523438 306.3667907714844
720.9991455078125 305.4010925292969
741.5615844726562 304.44549560546875
762.3142700195312 303.4766845703125
782.8944702148438 302.54205322265625
803.5903930664062 301.6170959472656
824.308349609375 300.67413330078125
844.8990478515625 299.763427734375
639.3945922851562 329.4303894042969
659.888427734375 328.4479675292969
680.5079345703125 327.4780578613281
701.3060913085938 326.53619384765625
721.9429931640625 325.56024169921875
742.6459350585938 324.62158203125
763.4598388671875 323.69622802734375
784.2796020507812 322.74365234375
804.9546508789062 321.8630065917969
825.673828125 321.0354309082031
846.4548950195312 320.1803894042969
639.9285278320312 349.6924743652344
660.5842895507812 348.7734375
681.4002075195312 347.8368225097656
702.1797485351562 346.9265441894531
722.9530029296875 346.07525634765625
743.7225341796875 345.2187805175781
764.5831298828125 344.28729248046875
785.4777221679688 343.3452453613281
806.3640747070312 342.4259948730469
827.2093505859375 341.476318359375
847.9854736328125 340.5501403808594
640.5481567382812 370.3658752441406
661.362060546875 369.4124450683594
682.1983032226562 368.4941711425781
703.0302734375 367.5767517089844
723.943359375 366.6338195800781
744.8135986328125 365.6750183105469
765.7479248046875 364.7962951660156
786.658935546875 363.87945556640625
807.6446533203125 363.05792236328125
828.5499877929688 362.1819763183594
849.5369873046875 361.2613220214844
641.239501953125 391.06524658203125
662.0779418945312 390.2333984375
682.8926391601562 389.31494140625
703.9016723632812 388.42645263671875
724.8947143554688 387.5030517578125
745.902587890625 386.5595397949219
766.9259033203125 385.62884521484375
787.951416015625 384.7200927734375
809.0299682617188 383.8023376464844
830.0214233398438 382.9200439453125
851.0293579101562 382.0585632324219