1 720 1333
553.5826416015625 385.7973327636719
570.9447631835938 388.5649108886719
588.7090454101562 391.39947509765625
606.843505859375 394.28411865234375
625.4844360351562 397.1932373046875
644.3871459960938 400.14178466796875
663.70654296875 403.1941223144531
683.4807739257812 406.2532958984375
703.6141967773438 409.3666687011719
724.2657470703125 412.53875732421875
745.2303466796875 415.72418212890625
554.013427734375 404.2993469238281
571.3232421875 407.20361328125
588.8041381835938 410.16912841796875
606.810546875 413.20635986328125
625.2811889648438 416.259521484375
644.0186767578125 419.4294128417969
663.2262573242188 422.5583801269531
682.672607421875 425.7978820800781
702.5794677734375 429.1275939941406
722.9620361328125 432.4353332519531
743.6384887695312 435.78265380859375
554.4586181640625 422.3741455078125
571.5090942382812 425.4538879394531
588.989990234375 428.5450744628906
606.7505493164062 431.72259521484375
625.0686645507812 434.9844665527344
643.5311279296875 438.2733459472656
662.5502319335938 441.60784912109375
681.8528442382812 445.0392761230469
701.5859985351562 448.4801940917969
721.6781616210938 451.91925048828125
742.2818603515625 455.488037109375
554.7944946289062 440.1944580078125
571.7575073242188 443.39056396484375
589.1512451171875 446.6343994140625
606.7220458984375 449.968994140625
624.724365234375 453.3622131347656
643.2850341796875 456.8004455566406
661.9119262695312 460.3035888671875
681.167724609375 463.8138732910156
700.57958984375 467.4732666015625
720.5324096679688 471.0884704589844
740.7235107421875 474.73748779296875
555.3422241210938 457.6177673339844
572.1368408203125 460.9987487792969
589.2941284179688 464.39654541015625
606.68115234375 467.83746337890625
624.5718383789062 471.39715576171875
642.7188720703125 474.9477844238281
661.4321899414062 478.58929443359375
680.3745727539062 482.3204650878906
699.60595703125 486.0519714355469
719.3583374023438 489.766357421875
739.4277954101562 493.5847473144531
555.6424560546875 474.7757873535156
572.385986328125 478.30499267578125
589.4095458984375 481.80462646484375
606.6768188476562 485.42779541015625
624.3985595703125 489.08880615234375
642.447265625 492.75189208984375
660.733642578125 496.52850341796875
679.5512084960938 500.3722839355469
698.6226196289062 504.2724914550781
718.2059936523438 508.1622314453125
737.9888916015625 512.1204833984375
556.1884155273438 491.632568359375
572.584716796875 495.2549133300781
589.5059814453125 498.88037109375
606.6072998046875 502.6001892089844
624.257568359375 506.4300231933594
642.0960083007812 510.267822265625
660.3303833007812 514.1434326171875
678.7648315429688 518.07080078125
697.6828002929688 522.0631713867188
717.0185546875 526.0957641601562
736.6107788085938 530.1982421875
556.4832153320312 508.23980712890625
572.8212890625 511.91937255859375
589.5537109375 515.6864013671875
606.5911254882812 519.5310668945312
624.0072631835938 523.4263305664062
641.6338500976562 527.3734130859375
659.6613159179688 531.3634033203125
678.1893920898438 535.4094848632812
696.7774658203125 539.4903564453125
715.915771484375 543.6094360351562
735.398681640625 547.7861328125