1 720 1333
532.0877685546875 294.81201171875
550.533935546875 303.51837158203125
568.2304077148438 311.7608337402344
585.1095581054688 319.6892395019531
601.2672119140625 327.3562316894531
616.7432250976562 334.5498046875
631.6764526367188 341.5298767089844
645.9642333984375 348.2796325683594
659.725830078125 354.6630554199219
672.9138793945312 360.776123046875
685.6297607421875 366.7160949707031
519.4236450195312 311.266845703125
537.9019165039062 319.4505310058594
555.6073608398438 327.30401611328125
572.6487426757812 334.7686462402344
588.9019775390625 342.0057067871094
604.534423828125 348.854248046875
619.5198364257812 355.50433349609375
633.9198608398438 361.8414001464844
647.7655639648438 367.9841613769531
661.1281127929688 373.82525634765625
673.8626098632812 379.4878234863281
507.104248046875 327.2527160644531
525.658203125 334.9906921386719
543.4463500976562 342.4284973144531
560.5219116210938 349.5387268066406
576.8250122070312 356.3857727050781
592.5532836914062 362.88427734375
607.6202392578125 369.2347717285156
622.1375732421875 375.28778076171875
636.0914306640625 381.122314453125
649.483642578125 386.58575439453125
662.4093627929688 391.9919738769531
495.1198425292969 342.8387756347656
513.6588134765625 350.2800598144531
531.5208740234375 357.3043518066406
548.6382446289062 364.00225830078125
565.1010131835938 370.48065185546875
580.8080444335938 376.6328430175781
596.006591796875 382.5932312011719
610.5455322265625 388.3885498046875
624.5924072265625 393.8409423828125
638.113037109375 399.2165222167969
651.1168823242188 404.2492980957031
483.3690490722656 358.1960754394531
502.0249328613281 365.1552429199219
519.915771484375 371.72430419921875
537.116943359375 378.1687316894531
553.5440673828125 384.2816162109375
569.39892578125 390.1282958984375
584.5900268554688 395.7416687011719
599.2855834960938 401.2275695800781
613.3836669921875 406.4577331542969
626.9171142578125 411.4024963378906
639.9908447265625 416.2547912597656
471.8289489746094 373.1556396484375
490.62567138671875 379.6536560058594
508.54986572265625 385.9248352050781
525.7308959960938 391.96649169921875
542.3277587890625 397.7037048339844
558.1890869140625 403.3254089355469
573.4845581054688 408.5959167480469
588.211669921875 413.7557678222656
602.39794921875 418.68182373046875
615.982421875 423.4350280761719
629.17724609375 427.9309387207031
460.727783203125 387.71185302734375
479.4850158691406 393.8780517578125
497.4840393066406 399.7900695800781
514.6908569335938 405.4851989746094
531.3154296875 410.91998291015625
547.2031860351562 416.18133544921875
562.5247802734375 421.2511901855469
577.3424072265625 426.0780029296875
591.5387573242188 430.70318603515625
605.275146484375 435.1894226074219
618.464599609375 439.46697998046875
449.8163757324219 402.0066833496094
468.6095275878906 407.8014221191406
486.5864562988281 413.3968811035156
503.888427734375 418.7109680175781
520.53466796875 423.8219909667969
536.505615234375 428.7433166503906
551.8222045898438 433.498291015625
566.6682739257812 438.0758972167969
580.9595336914062 442.450439453125
594.72802734375 446.5989074707031
608.011962890625 450.6281433105469