1 720 1333
618.143798828125 325.82037353515625
631.4064331054688 332.59063720703125
643.7990112304688 338.8395080566406
655.5712890625 344.8465881347656
666.6546020507812 350.4875793457031
677.0938720703125 355.7728576660156
687.1201782226562 360.900146484375
696.4072875976562 365.6199645996094
705.3705444335938 370.31866455078125
713.716552734375 374.4925842285156
721.7767333984375 378.68414306640625
612.4962768554688 348.7543029785156
625.978515625 354.8734436035156
638.63037109375 360.54278564453125
650.6349487304688 365.9569396972656
661.8433837890625 371.00067138671875
672.6073608398438 375.7969055175781
682.5872802734375 380.3601989746094
692.3045043945312 384.68505859375
701.3453979492188 388.7270202636719
709.8723754882812 392.6181335449219
718.0147094726562 396.2972717285156
606.7822265625 372.0686340332031
620.5478515625 377.40057373046875
633.5057983398438 382.508544921875
645.6285400390625 387.239990234375
657.2149047851562 391.7281494140625
668.002685546875 395.9697265625
678.3323974609375 399.99957275390625
688.0162353515625 403.765380859375
697.30908203125 407.4485168457031
705.9512329101562 410.7908630371094
714.3159790039062 414.1067810058594
601.1334228515625 395.52001953125
615.1721801757812 400.2710266113281
628.3286743164062 404.5970153808594
640.7047119140625 408.7703857421875
652.4171142578125 412.63983154296875
663.4422607421875 416.39453125
673.8677978515625 419.8147888183594
683.7433471679688 423.1654968261719
693.2151489257812 426.2518005371094
702.0315551757812 429.24053955078125
710.4833984375 431.98248291015625
595.43798828125 419.30206298828125
609.6153564453125 423.2417297363281
623.101806640625 426.95672607421875
635.644775390625 430.4629211425781
647.6002807617188 433.7347717285156
658.7889404296875 436.8018493652344
669.471435546875 439.77197265625
679.5365600585938 442.55706787109375
689.0584716796875 445.2676696777344
698.0955810546875 447.6595764160156
706.6034545898438 450.06268310546875
589.609375 443.2377014160156
604.215087890625 446.46588134765625
617.7570190429688 449.46923828125
630.6243896484375 452.3657531738281
642.7031860351562 455.0460205078125
654.1779174804688 457.5417175292969
664.949462890625 459.9301452636719
675.220458984375 462.24176025390625
684.862060546875 464.3203430175781
694.072998046875 466.3682556152344
702.68408203125 468.2187194824219
583.8289184570312 467.4125061035156
598.6093139648438 469.86962890625
612.518798828125 472.2381591796875
625.5681762695312 474.41192626953125
637.8161010742188 476.4700927734375
649.4690551757812 478.40277099609375
660.427001953125 480.24383544921875
670.7875366210938 481.8798828125
680.6517944335938 483.5419006347656
690.0076293945312 485.07220458984375
698.7717895507812 486.5233154296875
578.0232543945312 491.7526550292969
593.1173095703125 493.5173645019531
607.2259521484375 495.1722412109375
620.479248046875 496.6278076171875
632.9598999023438 498.0902404785156
644.7214965820312 499.40704345703125
655.838134765625 500.59527587890625
666.4269409179688 501.761962890625
676.3927001953125 502.876708984375
685.7550659179688 503.923583984375
694.7423706054688 504.8606262207031