1 720 1333
649.6007690429688 270.9098815917969
667.1714477539062 266.351318359375
684.1583251953125 261.77569580078125
700.8114624023438 257.4240417480469
717.0955200195312 253.1374969482422
732.9010009765625 248.9258270263672
748.3896484375 244.89739990234375
763.5036010742188 240.93231201171875
778.3095092773438 237.1355743408203
792.6286010742188 233.32504272460938
806.61181640625 229.6195831298828
652.1828002929688 289.5643615722656
669.3967895507812 284.73284912109375
686.276123046875 280.1572265625
702.5950927734375 275.55389404296875
718.6732788085938 271.1583251953125
734.3505249023438 266.78619384765625
749.5972900390625 262.569580078125
764.53515625 258.4916687011719
779.2093505859375 254.46243286132812
793.3638916015625 250.54608154296875
807.3154907226562 246.66346740722656
654.5850219726562 307.7345275878906
671.6053466796875 302.8070373535156
688.279296875 297.961669921875
704.486328125 293.34124755859375
720.3123779296875 288.68463134765625
735.7295532226562 284.2584533691406
750.7364501953125 279.8636474609375
765.5599365234375 275.5782470703125
779.9566040039062 271.4975891113281
794.0870971679688 267.3988342285156
807.7025146484375 263.4389953613281
657.0728759765625 325.53399658203125
673.8121337890625 320.4217834472656
690.2500610351562 315.4816589355469
706.2750854492188 310.5770568847656
721.7860717773438 305.9176330566406
737.1854248046875 301.2909851074219
752.01123046875 296.7559814453125
766.5684814453125 292.41497802734375
780.7874145507812 288.12139892578125
794.6128540039062 283.84320068359375
808.3270874023438 279.7433166503906
659.4306640625 342.8033142089844
675.9788818359375 337.62109375
692.2410278320312 332.4872131347656
707.908447265625 327.5534362792969
723.425048828125 322.64068603515625
738.430419921875 317.9324645996094
753.2589111328125 313.3150939941406
767.5313720703125 308.73162841796875
781.6381225585938 304.37823486328125
795.4038696289062 300.0243835449219
808.682861328125 295.7139587402344
661.7448120117188 359.726806640625
678.1470947265625 354.4100646972656
694.056640625 349.248779296875
709.6384887695312 344.088623046875
724.8104248046875 339.1185607910156
739.7371215820312 334.21392822265625
754.2843017578125 329.45074462890625
768.502685546875 324.7772521972656
782.4248046875 320.24578857421875
795.962158203125 315.7140808105469
809.3034057617188 311.44281005859375
664.1328735351562 376.2351989746094
680.19775390625 370.7560729980469
695.890380859375 365.4516906738281
711.3372802734375 360.2437744140625
726.3599853515625 355.11822509765625
740.9716186523438 350.1266174316406
755.4019165039062 345.2226867675781
769.3926391601562 340.44000244140625
783.1902465820312 335.7433166503906
796.5152587890625 331.2440490722656
809.649658203125 326.6334533691406
666.3736572265625 392.3109130859375
682.2427368164062 386.7178039550781
697.6770629882812 381.3526916503906
712.8228149414062 375.99285888671875
727.6514892578125 370.7156982421875
742.2757568359375 365.6004943847656
756.4065551757812 360.61737060546875
770.3263549804688 355.7059326171875
783.7412109375 350.9687805175781
797.1499633789062 346.2297058105469
810.0025024414062 341.6712646484375