1 720 1333
294.6846618652344 63.166343688964844
326.4575500488281 70.26565551757812
356.78570556640625 77.17479705810547
386.0482482910156 83.72634887695312
414.07794189453125 90.20197296142578
440.96923828125 96.39861297607422
466.83807373046875 102.40229797363281
491.7701721191406 108.19132995605469
515.7589721679688 113.71096801757812
538.7755126953125 119.23567962646484
560.9839477539062 124.47976684570312
293.5302429199219 88.5603256225586
325.5220031738281 95.21614074707031
356.2647705078125 101.55721282958984
385.6451416015625 107.70723724365234
413.9189453125 113.68692779541016
441.1902770996094 119.49164581298828
467.31072998046875 125.11247253417969
492.3935546875 130.48483276367188
516.531005859375 135.6708526611328
539.656494140625 140.70652770996094
562.0589599609375 145.59805297851562
292.39935302734375 114.45075225830078
324.639404296875 120.5522232055664
355.6058654785156 126.44278717041016
385.4040222167969 132.17811584472656
413.89447021484375 137.6648406982422
441.36492919921875 142.99765014648438
467.61309814453125 148.1945343017578
492.9297790527344 153.15748596191406
517.3226318359375 157.87283325195312
540.5870361328125 162.5725555419922
563.0657348632812 167.01535034179688
291.3110656738281 140.7779541015625
323.7635498046875 146.38653564453125
355.15289306640625 151.74571228027344
385.1268005371094 157.00067138671875
413.8431701660156 162.04229736328125
441.51788330078125 166.91246032714844
468.133056640625 171.6175079345703
493.5344543457031 176.1714324951172
518.078369140625 180.49176025390625
541.5272216796875 184.68836975097656
564.1695556640625 188.77597045898438
290.1585693359375 167.6298828125
323.09027099609375 172.6774139404297
354.5648498535156 177.5287628173828
384.81427001953125 182.2919158935547
413.86383056640625 186.77537536621094
441.7413635253906 191.24285888671875
468.509033203125 195.4569091796875
494.2627258300781 199.51092529296875
518.7875366210938 203.43455505371094
542.4622192382812 207.22463989257812
565.2031860351562 210.82553100585938
289.0743103027344 195.0076141357422
322.31201171875 199.47802734375
354.1732177734375 203.77523803710938
384.6304931640625 207.95652770996094
413.9826354980469 212.0571746826172
442.1238098144531 215.89112854003906
469.0585632324219 219.6536102294922
494.7841796875 223.3042755126953
519.6337280273438 226.69020080566406
543.4212646484375 230.06118774414062
566.289306640625 233.2645721435547
287.9731750488281 222.8069610595703
321.5602722167969 226.7010955810547
353.64447021484375 230.5017852783203
384.53338623046875 234.1886444091797
414.1264343261719 237.60125732421875
442.42352294921875 241.05857849121094
469.4906311035156 244.2997589111328
495.5049133300781 247.40235900878906
520.4385986328125 250.3888702392578
544.365966796875 253.23316955566406
567.361083984375 255.94927978515625
287.03778076171875 251.27352905273438
320.83563232421875 254.47018432617188
353.3642883300781 257.6219787597656
384.4481506347656 260.66705322265625
414.2978210449219 263.6602783203125
442.6824035644531 266.506103515625
470.0475158691406 269.283935546875
496.2314453125 271.77984619140625
521.3074340820312 274.3419189453125
545.3135986328125 276.6651916503906
568.38525390625 279.0063781738281