1 720 1333
381.6998291015625 200.7105255126953
415.84686279296875 186.92274475097656
447.49639892578125 174.2692413330078
476.82568359375 162.50779724121094
504.2239685058594 151.5733184814453
529.6224975585938 141.5387725830078
553.4276733398438 132.17349243164062
575.6976928710938 123.34353637695312
596.6052856445312 115.15736389160156
616.2300415039062 107.44325256347656
634.58056640625 100.2988052368164
402.47064208984375 238.54193115234375
435.1780700683594 223.5814208984375
465.4197692871094 209.7364501953125
493.568115234375 197.00009155273438
519.8275146484375 185.16351318359375
544.325439453125 174.0804443359375
567.2612915039062 163.7048797607422
588.6493530273438 154.13409423828125
608.84814453125 145.0749969482422
627.718017578125 136.62376403808594
645.5870361328125 128.6668701171875
422.4683532714844 274.70916748046875
453.6756896972656 258.7322082519531
482.6771545410156 243.95751953125
509.6930236816406 230.2779998779297
534.9078369140625 217.39761352539062
558.4583129882812 205.4791717529297
580.5459594726562 194.3080596923828
601.2679443359375 183.77618408203125
620.7586059570312 174.08877563476562
639.0535888671875 164.85128784179688
656.288330078125 156.2497100830078
441.6827697753906 309.4930114746094
471.5650939941406 292.5395812988281
499.34173583984375 276.79705810546875
525.2994384765625 262.1929626464844
549.5077514648438 248.5364227294922
572.207763671875 235.728515625
593.4183349609375 223.81484985351562
613.4741821289062 212.6092071533203
632.3180541992188 202.1480712890625
649.936767578125 192.29258728027344
666.60986328125 183.03024291992188
460.1648864746094 342.6827697753906
488.6878662109375 324.944091796875
515.3677978515625 308.4181823730469
540.271484375 292.9446105957031
563.5595703125 278.515625
585.408203125 265.04888916015625
605.8871459960938 252.38674926757812
625.2702026367188 240.49891662597656
643.468017578125 229.34130859375
660.4996948242188 218.83071899414062
676.6429443359375 208.9422149658203
477.8185729980469 374.5933837890625
505.27777099609375 356.0755920410156
530.7266235351562 338.7755126953125
554.6642456054688 322.6151428222656
577.1609497070312 307.5035095214844
598.1993408203125 293.3466491699219
617.9620361328125 280.021240234375
636.63134765625 267.5039367675781
654.2846069335938 255.69921875
670.7658081054688 244.64796447753906
686.4453735351562 234.2392578125
494.86328125 405.19659423828125
521.1943359375 385.9682922363281
545.6297607421875 368.0743713378906
568.66015625 351.2734069824219
590.2886962890625 335.48394775390625
610.5435180664062 320.6719970703125
629.6444702148438 306.7474670410156
647.64990234375 293.6534118652344
664.6876220703125 281.3562316894531
680.6700439453125 269.67669677734375
695.8189086914062 258.70947265625
511.35845947265625 434.4902648925781
536.4939575195312 414.7040100097656
560.112060546875 396.2374267578125
582.2384643554688 378.76153564453125
602.9741821289062 362.5049743652344
622.527099609375 347.1948547363281
640.9732055664062 332.6579284667969
658.3901977539062 319.0391845703125
674.7799072265625 306.2049865722656
690.295654296875 294.0707092285156
704.9259033203125 282.55010986328125