1 720 1333
818.2754516601562 231.31829833984375
835.2486572265625 244.4216766357422
852.3359985351562 257.5543212890625
869.4332885742188 270.73480224609375
886.5979614257812 284.0988464355469
903.810791015625 297.4207763671875
921.1434936523438 310.75238037109375
938.4234008789062 324.2503967285156
955.7621459960938 337.6817626953125
973.2145385742188 351.22564697265625
990.6146240234375 364.698486328125
806.0929565429688 247.25926208496094
822.688720703125 260.1155700683594
839.4220581054688 273.03271484375
856.1763305664062 286.068115234375
872.9229125976562 299.0958557128906
889.7431030273438 312.19940185546875
906.625732421875 325.3336181640625
923.5864868164062 338.4935607910156
940.5721435546875 351.71087646484375
957.575927734375 364.9538269042969
974.6254272460938 378.2606506347656
794.44775390625 262.5547180175781
810.675048828125 275.1949768066406
827.0635986328125 287.8890075683594
843.4395751953125 300.65631103515625
859.7904663085938 313.5040588378906
876.3175048828125 326.361083984375
892.7782592773438 339.2852783203125
909.3828125 352.2288818359375
925.916748046875 365.25079345703125
942.5945434570312 378.19805908203125
959.3115844726562 391.2376403808594
783.2462158203125 277.29998779296875
799.1915893554688 289.6907043457031
815.1502685546875 302.2333068847656
831.211669921875 314.7460632324219
847.2473754882812 327.3846130371094
863.3438720703125 339.9796142578125
879.4820556640625 352.6319885253906
895.6610717773438 365.40753173828125
911.8798217773438 378.1609802246094
928.2221069335938 390.8456115722656
944.5289916992188 403.63311767578125
772.42724609375 291.458740234375
788.0211791992188 303.6458435058594
803.647216796875 315.957275390625
819.3807373046875 328.3411865234375
835.1492309570312 340.68572998046875
850.8251953125 353.11285400390625
866.6460571289062 365.5464782714844
882.5186157226562 378.0530700683594
898.4403076171875 390.5563659667969
914.3765869140625 403.0889892578125
930.3535766601562 415.60418701171875
761.98193359375 305.13580322265625
777.3146362304688 317.1988220214844
792.5911865234375 329.2687072753906
808.0159912109375 341.3902282714844
823.4364013671875 353.52447509765625
838.8258666992188 365.6911315917969
854.3862915039062 377.93707275390625
869.8136596679688 390.2345275878906
885.4183349609375 402.5123596191406
901.0547485351562 414.75811767578125
916.6492309570312 427.1558532714844
751.9632568359375 318.3182067871094
766.94091796875 330.1573181152344
781.9898071289062 342.0210266113281
797.0974731445312 353.9021911621094
812.2064208984375 365.8687744140625
827.3378295898438 377.8332214355469
842.4921264648438 389.853515625
857.6617431640625 401.8756408691406
872.9111938476562 413.9812316894531
888.2484130859375 426.070068359375
903.5457763671875 438.1768798828125
742.3135375976562 331.01385498046875
756.9563598632812 342.6349792480469
771.693359375 354.35382080078125
786.5069580078125 366.0805358886719
801.3587036132812 377.7565002441406
816.1932373046875 389.5667419433594
831.08642578125 401.3800354003906
845.9490356445312 413.2153015136719
860.8710327148438 425.0110168457031
875.89892578125 436.8048095703125
890.89208984375 448.6643371582031