1 720 1333
514.8729858398438 202.682861328125
527.744384765625 201.70843505859375
541.266357421875 200.7364044189453
555.2188110351562 199.71060180664062
569.6778564453125 198.65541076660156
584.8599243164062 197.56777954101562
600.6874389648438 196.44476318359375
617.306884765625 195.3054656982422
634.4955444335938 194.02005004882812
652.5637817382812 192.6839599609375
671.4993896484375 191.474365234375
515.6713256835938 222.9663848876953
528.50146484375 222.4554443359375
541.7952270507812 221.7799530029297
555.6983642578125 221.25132751464844
570.2830810546875 220.56736755371094
585.352783203125 219.90882873535156
601.0764770507812 219.34521484375
617.4830322265625 218.55555725097656
634.591064453125 217.79116821289062
652.6035766601562 217.18186950683594
671.4407348632812 216.4116973876953
516.4523315429688 243.07269287109375
529.2470703125 242.78599548339844
542.474609375 242.6147918701172
556.3451538085938 242.48312377929688
570.6525268554688 242.32090759277344
585.6539916992188 242.08079528808594
601.4041137695312 241.80418395996094
617.6302490234375 241.58973693847656
634.6819458007812 241.44906616210938
652.60498046875 241.29905700683594
671.3895874023438 241.06442260742188
517.225830078125 262.8767395019531
529.7796630859375 263.1753845214844
543.1161499023438 263.3569030761719
556.7451171875 263.50830078125
571.1787719726562 263.6842346191406
586.0865478515625 263.9761047363281
601.5958862304688 264.29376220703125
617.810791015625 264.4952087402344
634.7930908203125 264.7276916503906
652.610107421875 265.15594482421875
671.2987060546875 265.4652099609375
517.7758178710938 282.5630798339844
530.5116577148438 283.2109375
543.6080932617188 283.6553649902344
557.3855590820312 284.39288330078125
571.5391235351562 284.97900390625
586.4469604492188 285.6328125
601.8701782226562 286.4234313964844
618.1375122070312 287.1571044921875
634.89892578125 287.8350524902344
652.6257934570312 288.66290283203125
671.208740234375 289.5561218261719
518.5785522460938 302.0865173339844
531.1861572265625 303.03143310546875
544.3004760742188 303.9543151855469
557.7841186523438 305.0163269042969
572.1163330078125 306.08367919921875
586.747802734375 307.2270812988281
602.2784423828125 308.3388366699219
618.33740234375 309.5127258300781
635.1363525390625 310.7141418457031
652.6298217773438 312.1352844238281
671.1082763671875 313.4844665527344
519.2994995117188 321.4230041503906
531.7440795898438 322.6237487792969
544.7416381835938 324.0018005371094
558.40625 325.4268493652344
572.501708984375 326.8257141113281
587.2705078125 328.42742919921875
602.5244750976562 329.9706115722656
618.551513671875 331.6338806152344
635.2926025390625 333.4346923828125
652.68701171875 335.2408142089844
670.9586181640625 337.1614685058594
519.9227294921875 340.4550476074219
532.4197387695312 342.1741027832031
545.4342651367188 343.7891540527344
558.821044921875 345.6009216308594
572.9288330078125 347.51068115234375
587.5615844726562 349.4484558105469
602.8524780273438 351.47821044921875
618.7284545898438 353.5452575683594
635.502685546875 355.73040771484375
652.7656860351562 358.0555725097656
671.0449829101562 360.4289245605469