1 720 1333
721.5408935546875 175.1071014404297
742.44287109375 172.37435913085938
762.9465942382812 169.7309112548828
783.204345703125 167.19773864746094
803.0403442382812 164.62521362304688
822.5162963867188 162.22445678710938
841.6614379882812 159.7078399658203
860.5517578125 157.4227752685547
879.1490478515625 155.04066467285156
897.2896118164062 152.74696350097656
915.1527099609375 150.60183715820312
724.5899047851562 197.74810791015625
745.4284057617188 194.93434143066406
765.7655639648438 192.14486694335938
785.7882080078125 189.41639709472656
805.531494140625 186.67770385742188
824.8883666992188 184.10092163085938
843.9183349609375 181.49282836914062
862.6563720703125 178.93429565429688
881.1333618164062 176.48085021972656
899.20947265625 174.0678253173828
916.8359375 171.65469360351562
727.6737060546875 220.29930114746094
748.337646484375 217.25753784179688
768.5601196289062 214.28807067871094
788.4906005859375 211.3810577392578
808.064453125 208.5201873779297
827.3080444335938 205.7226104736328
846.2374267578125 202.99497985839844
864.7459716796875 200.341796875
883.1143798828125 197.62945556640625
900.9815063476562 195.10366821289062
918.604248046875 192.5139923095703
730.7294311523438 242.4713592529297
751.26025390625 239.3075714111328
771.3368530273438 236.18605041503906
791.1220703125 233.15252685546875
810.5203857421875 230.1389923095703
829.5767211914062 227.1769256591797
848.4061889648438 224.3000946044922
866.8019409179688 221.42312622070312
885.0612182617188 218.5928192138672
902.7893676757812 215.8317108154297
920.3867797851562 213.22369384765625
733.7411499023438 264.4361572265625
754.1049194335938 261.1277770996094
774.0570068359375 257.76654052734375
793.6366577148438 254.57101440429688
812.9536743164062 251.46653747558594
831.8785400390625 248.36898803710938
850.5537109375 245.3148956298828
868.8689575195312 242.31410217285156
886.9117431640625 239.32034301757812
904.6157836914062 236.43218994140625
922.0862426757812 233.5606689453125
736.7325439453125 286.1766662597656
756.9034423828125 282.6313781738281
776.7186279296875 279.2448425292969
796.25146484375 275.8211975097656
815.4050903320312 272.53558349609375
834.2182006835938 269.2975158691406
852.6591186523438 266.1238708496094
870.8595581054688 262.92041015625
888.7797241210938 259.80096435546875
906.4044189453125 256.76458740234375
923.6503295898438 253.73146057128906
739.6466064453125 307.62890625
759.6969604492188 303.9032287597656
779.4224853515625 300.3885192871094
798.7088623046875 296.81317138671875
817.7052612304688 293.4081726074219
836.4407958984375 289.9818115234375
854.7298583984375 286.6143798828125
872.8046875 283.3513488769531
890.6113891601562 280.10198974609375
908.1422119140625 276.85980224609375
925.3200073242188 273.69818115234375
742.5972900390625 328.7919006347656
762.48193359375 325.0184326171875
782.01611328125 321.2831726074219
801.2306518554688 317.581787109375
820.1118774414062 313.9555969238281
838.5706787109375 310.44183349609375
856.786376953125 306.9061279296875
874.7012939453125 303.4910583496094
892.4035034179688 300.0901184082031
909.642578125 296.7264404296875
926.7256469726562 293.4698181152344