1 720 1333
734.0155639648438 370.16107177734375
753.5256958007812 368.4849853515625
772.6588745117188 366.9186096191406
791.4746704101562 365.4488525390625
809.8235473632812 363.86859130859375
827.8162231445312 362.4772644042969
845.5157470703125 360.947021484375
862.7817993164062 359.56744384765625
879.7293701171875 358.2341003417969
896.479248046875 356.74798583984375
912.6502685546875 355.4666748046875
733.3294677734375 390.1932678222656
752.6331787109375 388.42987060546875
771.6494750976562 386.59564208984375
790.3435668945312 384.90020751953125
808.5162353515625 383.3127746582031
826.4144287109375 381.56805419921875
843.8366088867188 380.00506591796875
861.117431640625 378.39453125
877.8722534179688 376.80609130859375
894.4263916015625 375.32794189453125
910.594482421875 373.71282958984375
732.58154296875 409.80804443359375
751.7477416992188 407.82550048828125
770.586181640625 405.98248291015625
789.1593627929688 404.1461181640625
807.2643432617188 402.2833251953125
824.8519287109375 400.4736633300781
842.3413696289062 398.60400390625
859.3396606445312 396.8680725097656
876.1438598632812 395.2139892578125
892.4484252929688 393.4858093261719
908.508544921875 391.7587890625
731.859619140625 429.20458984375
750.9549560546875 427.0587158203125
769.5894165039062 424.9455871582031
787.895751953125 422.89569091796875
805.8089599609375 420.8807678222656
823.4533081054688 418.8893127441406
840.62890625 417.03057861328125
857.626708984375 415.0879821777344
874.26318359375 413.3008728027344
890.5330200195312 411.34130859375
906.4437255859375 409.5176086425781
731.3305053710938 448.0991516113281
750.1786499023438 445.7762451171875
768.5761108398438 443.5736389160156
786.7261962890625 441.41583251953125
804.5761108398438 439.2652282714844
821.9966430664062 437.1559143066406
839.2020874023438 435.0174865722656
855.89013671875 432.9449768066406
872.439208984375 430.9035339355469
888.529541015625 428.9066467285156
904.4488525390625 426.9503479003906
730.5810546875 466.6141052246094
749.3624877929688 464.2449645996094
767.5949096679688 461.8244323730469
785.6119384765625 459.5169372558594
803.3280639648438 457.24591064453125
820.5637817382812 454.916748046875
837.5491943359375 452.67022705078125
854.30517578125 450.5060729980469
870.5726928710938 448.3984680175781
886.6544189453125 446.24188232421875
902.4004516601562 444.1596374511719
729.9518432617188 484.7991638183594
748.5017700195312 482.3294982910156
766.61474609375 479.7713317871094
784.5123901367188 477.3566589355469
802.01318359375 474.8294982910156
819.2132568359375 472.4495849609375
836.0379028320312 470.10205078125
852.5409545898438 467.7115173339844
868.77734375 465.4569396972656
884.6805419921875 463.2263488769531
900.4135131835938 460.94000244140625
729.3907470703125 502.6269226074219
747.6646118164062 500.05377197265625
765.6802368164062 497.3899841308594
783.4342041015625 494.7579040527344
800.7086181640625 492.214111328125
817.7282104492188 489.6312255859375
834.5012817382812 487.14801025390625
850.8797607421875 484.6376037597656
867.02490234375 482.255615234375
882.7823486328125 479.77679443359375
898.35693359375 477.4922790527344