1 720 1333
692.862548828125 213.04986572265625
705.007568359375 218.5743865966797
717.460693359375 224.34910583496094
730.2757568359375 230.2473907470703
743.3818359375 236.30487060546875
756.8632202148438 242.49749755859375
770.736328125 248.88821411132812
784.9990234375 255.5249786376953
799.6009521484375 262.3398742675781
814.6974487304688 269.35894775390625
830.2486572265625 276.5337829589844
688.1624755859375 228.48672485351562
700.1051635742188 234.23065185546875
712.376220703125 240.09271240234375
724.8861694335938 246.13966369628906
737.8490600585938 252.33175659179688
751.230224609375 258.7052307128906
764.7802734375 265.3189697265625
778.7998657226562 272.0680236816406
793.2810668945312 279.0602722167969
808.0911254882812 286.2282409667969
823.36474609375 293.59033203125
683.4597778320312 243.6187744140625
695.2725219726562 249.49432373046875
707.3516235351562 255.51968383789062
719.7228393554688 261.68572998046875
732.4696044921875 268.0858459472656
745.5783081054688 274.623046875
759.020751953125 281.3910827636719
772.757568359375 288.3223876953125
786.93115234375 295.4176940917969
801.565185546875 302.7147521972656
816.5138549804688 310.2940673828125
678.812255859375 258.5495910644531
690.4384765625 264.5387268066406
702.4210815429688 270.723388671875
714.5765991210938 277.0741882324219
727.199462890625 283.58624267578125
740.0465698242188 290.2737731933594
753.3034057617188 297.1689147949219
766.8236083984375 304.20587158203125
780.765625 311.49127197265625
795.16357421875 318.9373779296875
809.87451171875 326.6461181640625
674.3213500976562 273.239990234375
685.71630859375 279.33990478515625
697.5025634765625 285.6055908203125
709.5519409179688 292.13348388671875
721.9094848632812 298.7166748046875
734.6102905273438 305.5785217285156
747.656005859375 312.5767517089844
761.0609741210938 319.7996520996094
774.7074584960938 327.2581787109375
788.873046875 334.83056640625
803.3825073242188 342.6566467285156
669.8330078125 287.59521484375
681.1580200195312 293.84228515625
692.6620483398438 300.31622314453125
704.5619506835938 306.85784912109375
716.7911376953125 313.66302490234375
729.3172607421875 320.62872314453125
742.2168579101562 327.8131408691406
755.338134765625 335.17926025390625
768.7916259765625 342.68817138671875
782.65625 350.4368591308594
796.96240234375 358.4141540527344
665.4368896484375 301.7343444824219
676.5653076171875 308.1725769042969
687.989990234375 314.67376708984375
699.6962280273438 321.42877197265625
711.6980590820312 328.34442138671875
724.1143188476562 335.4599609375
736.7244873046875 342.6670227050781
749.6764526367188 350.2109069824219
763.0064697265625 357.81475830078125
776.6660766601562 365.670166015625
790.6629028320312 373.7523193359375
661.1409301757812 315.6466369628906
672.096923828125 322.219482421875
683.3959350585938 328.8324279785156
694.8948974609375 335.6717529296875
706.7571411132812 342.6998291015625
718.929931640625 349.8824768066406
731.4385986328125 357.34405517578125
744.2677001953125 364.8701171875
757.362060546875 372.649169921875
770.7634887695312 380.626708984375
784.5646362304688 388.7690734863281