1 720 1333
568.4826049804688 292.16766357421875
587.1748657226562 289.4115905761719
605.128173828125 286.6807556152344
622.4764404296875 284.1430358886719
639.2127075195312 281.59820556640625
655.296630859375 279.2438049316406
670.7864990234375 276.8266296386719
685.8150634765625 274.6175842285156
700.3794555664062 272.4799499511719
714.3182373046875 270.3758239746094
727.7791137695312 268.3374938964844
564.6148071289062 308.2994079589844
583.01123046875 305.2894287109375
600.6449584960938 302.3728332519531
617.721923828125 299.5643005371094
634.2484741210938 296.8323059082031
650.1216430664062 294.3277893066406
665.4869995117188 291.67822265625
680.4012451171875 289.3037414550781
694.6926879882812 286.9045715332031
708.5466918945312 284.6149597167969
721.8868408203125 282.43780517578125
560.9541625976562 323.7294006347656
579.0310668945312 320.53900146484375
596.4600219726562 317.44696044921875
613.2940673828125 314.4449462890625
629.5137329101562 311.56463623046875
645.2213134765625 308.72955322265625
660.4002685546875 306.0586242675781
675.1060180664062 303.4440002441406
689.3128051757812 300.9029541015625
702.9962158203125 298.43670654296875
716.3031005859375 296.07159423828125
557.468994140625 338.5925598144531
575.3079223632812 335.255615234375
592.4049072265625 331.9255065917969
608.92431640625 328.77252197265625
624.9903564453125 325.6814880371094
640.4398803710938 322.7203063964844
655.4638671875 319.8480224609375
669.9763793945312 317.1148376464844
684.0868530273438 314.41644287109375
697.5845336914062 311.72894287109375
710.7193603515625 309.2647705078125
554.1934814453125 352.8341064453125
571.6172485351562 349.337646484375
588.5055541992188 345.8586120605469
604.7799072265625 342.556396484375
620.6201782226562 339.35748291015625
635.8855590820312 336.27581787109375
650.727783203125 333.1703796386719
665.0855712890625 330.2940979003906
679.023681640625 327.4664306640625
692.3897094726562 324.64324951171875
705.4413452148438 321.9324951171875
550.9337768554688 366.566650390625
568.1608276367188 362.86566162109375
584.73388671875 359.3222351074219
600.8180541992188 355.82183837890625
616.4335327148438 352.4860534667969
631.5189819335938 349.255126953125
646.1663818359375 346.0970153808594
660.3474731445312 342.9977111816406
674.087646484375 340.03826904296875
687.4147338867188 337.1406555175781
700.2692260742188 334.3328857421875
547.9019775390625 379.679443359375
564.76708984375 375.8806457519531
581.2306518554688 372.2840576171875
597.04638671875 368.6081848144531
612.4202270507812 365.1786193847656
627.270263671875 361.7350769042969
641.68408203125 358.4649963378906
655.694580078125 355.2928466796875
669.3551635742188 352.1890563964844
682.4431762695312 349.1279602050781
695.259765625 346.2177734375
545.020263671875 392.40380859375
561.6221313476562 388.481201171875
577.713134765625 384.63232421875
593.3893432617188 380.98260498046875
608.5291137695312 377.3658752441406
623.2437744140625 373.8092346191406
637.4275512695312 370.435302734375
651.2955932617188 367.1271057128906
664.6264038085938 363.8197937011719
677.6589965820312 360.66021728515625
690.3331298828125 357.596923828125