1 720 1333
625.7716064453125 58.36063003540039
626.4295043945312 78.1063232421875
626.993896484375 97.8454818725586
627.5748901367188 117.75690460205078
628.2590942382812 137.7606658935547
628.7469482421875 157.7611541748047
629.4476318359375 177.8273468017578
630.0147705078125 197.9794158935547
630.6351318359375 218.18133544921875
631.2854614257812 238.37998962402344
631.7914428710938 258.54864501953125
605.5565795898438 58.24491882324219
606.1774291992188 77.99266052246094
606.656982421875 97.82424926757812
607.3389282226562 117.8243637084961
607.8060913085938 137.85662841796875
608.46435546875 157.9200897216797
609.0706787109375 178.1075897216797
609.6179809570312 198.30067443847656
610.244384765625 218.44114685058594
610.760009765625 238.64659118652344
611.4186401367188 258.957275390625
585.27587890625 58.112831115722656
585.720458984375 77.9122543334961
586.380615234375 97.8056869506836
586.8296508789062 117.88580322265625
587.4695434570312 138.01251220703125
588.0184936523438 158.1381378173828
588.5687255859375 178.3515167236328
589.1903076171875 198.49954223632812
589.6864624023438 218.6685791015625
590.3279418945312 239.0729522705078
590.8048706054688 259.4249572753906
564.6995849609375 57.942501068115234
565.3341064453125 77.83008575439453
565.7403564453125 97.83646392822266
566.4022216796875 117.9171142578125
566.849853515625 138.12095642089844
567.470947265625 158.30235290527344
567.9671630859375 178.49502563476562
568.5794067382812 198.6727752685547
569.1124267578125 219.09535217285156
569.6564331054688 239.4249267578125
570.2911987304688 259.757080078125
544.2843017578125 57.84162139892578
544.65673828125 77.78560638427734
545.290283203125 97.84983825683594
545.7178344726562 117.99237823486328
546.3342895507812 138.2634735107422
546.7626953125 158.42825317382812
547.3997802734375 178.63282775878906
547.8238525390625 199.02688598632812
548.4725952148438 219.40670776367188
548.9830322265625 239.734130859375
549.5406494140625 260.3187561035156
523.583984375 57.784950256347656
524.1194458007812 77.7514419555664
524.535400390625 97.87128448486328
525.05615234375 118.14275360107422
525.5293579101562 138.36178588867188
526.0849609375 158.5441436767578
526.5403442382812 178.86618041992188
527.1851806640625 199.35130310058594
527.5953369140625 219.65650939941406
528.2852172851562 240.2593231201172
528.7015991210938 260.6466064453125
502.8929138183594 57.7645263671875
503.38836669921875 77.78483581542969
503.7369384765625 97.94132995605469
504.3197021484375 118.24269104003906
504.7198486328125 138.45213317871094
505.3128356933594 158.70350646972656
505.7199401855469 179.21763610839844
506.3244323730469 199.58204650878906
506.7637023925781 220.11692810058594
507.38092041015625 240.5658416748047
507.8630676269531 261.25048828125
482.1749572753906 57.723899841308594
482.52130126953125 77.7939453125
482.93145751953125 98.07301330566406
483.41619873046875 118.31705474853516
483.76251220703125 138.5662841796875
484.3765869140625 158.923095703125
484.7825927734375 179.45330810546875
485.40252685546875 199.8691864013672
485.81695556640625 220.4485321044922
486.44830322265625 241.0172576904297
486.98321533203125 261.6024169921875