1 720 1333
634.9620361328125 225.5093994140625
650.3184814453125 231.7777862548828
665.5965576171875 238.05506896972656
681.1149291992188 244.40440368652344
696.639892578125 250.72544860839844
712.3148803710938 257.1881408691406
728.0355224609375 263.60723876953125
743.7520141601562 270.1716613769531
759.6392211914062 276.6495056152344
775.5565795898438 283.2723693847656
791.5419921875 289.8546447753906
630.39111328125 240.93673706054688
645.44970703125 247.17269897460938
660.6098022460938 253.4126434326172
675.8507690429688 259.68316650390625
691.271728515625 266.04522705078125
706.6766357421875 272.42767333984375
722.2487182617188 278.8291320800781
737.78125 285.34967041015625
753.460693359375 291.79669189453125
769.2139892578125 298.40435791015625
784.947998046875 304.8721618652344
625.83642578125 256.016357421875
640.6839599609375 262.2130432128906
655.6766967773438 268.41729736328125
670.7817993164062 274.6094055175781
685.976806640625 280.98724365234375
701.2518920898438 287.3771667480469
716.5707397460938 293.6888427734375
731.8850708007812 300.15740966796875
747.4337158203125 306.6241760253906
762.8763427734375 313.1210021972656
778.5115356445312 319.62445068359375
621.4442138671875 270.7528991699219
636.180908203125 276.8840637207031
650.8851928710938 283.0887145996094
665.7827758789062 289.35760498046875
680.7727661132812 295.5937194824219
695.8834228515625 301.8864440917969
710.96826171875 308.30450439453125
726.2432250976562 314.65228271484375
741.4606323242188 321.12091064453125
756.7896728515625 327.5357971191406
772.1997680664062 334.0253601074219
617.1626586914062 285.2209777832031
631.5831909179688 291.3109130859375
646.2823486328125 297.4756164550781
660.9591674804688 303.601318359375
675.7534790039062 309.86883544921875
690.6043090820312 316.1982421875
705.5708618164062 322.4936828613281
720.608154296875 328.8095703125
735.6477661132812 335.27398681640625
750.8055419921875 341.6059265136719
766.0005493164062 348.11279296875
612.8351440429688 299.3102722167969
627.2628173828125 305.42095947265625
641.6273803710938 311.4898376464844
656.2626342773438 317.67559814453125
670.8017578125 323.8305969238281
685.5076293945312 330.1539306640625
700.3089599609375 336.4247131347656
715.1696166992188 342.70721435546875
730.00634765625 349.1102600097656
744.9291381835938 355.43475341796875
759.9739379882812 361.7513732910156
608.703125 313.1308898925781
622.8948364257812 319.1792297363281
637.2310791015625 325.29827880859375
651.5369262695312 331.403076171875
666.0343627929688 337.5628356933594
680.5226440429688 343.72216796875
695.1603393554688 350.0037536621094
709.73046875 356.2945861816406
724.4971313476562 362.5616149902344
739.2860717773438 368.83843994140625
754.0927734375 375.2328186035156
604.6749877929688 326.57977294921875
618.7109375 332.6308898925781
632.8078002929688 338.6662292480469
647.0721435546875 344.7889099121094
661.3394165039062 350.9359130859375
675.620361328125 357.13287353515625
690.0517578125 363.3122253417969
704.5464477539062 369.51580810546875
719.116455078125 375.7220153808594
733.6633911132812 381.95404052734375
748.3222045898438 388.2904052734375