1 720 1333
512.6356811523438 222.89968872070312
527.1334228515625 234.08575439453125
541.5814208984375 245.23684692382812
556.0895385742188 256.3155212402344
570.5513916015625 267.4430236816406
585.0303955078125 278.4987487792969
599.4901123046875 289.5855712890625
613.9190063476562 300.6351013183594
628.3773193359375 311.72247314453125
642.7748413085938 322.7145690917969
657.2799682617188 333.77978515625
506.51263427734375 236.38653564453125
520.7531127929688 247.3566131591797
534.954833984375 258.2395324707031
549.2373046875 269.2408752441406
563.446533203125 280.1211853027344
577.6166381835938 291.0019226074219
591.8319702148438 301.8447265625
606.0969848632812 312.762939453125
620.29345703125 323.6466369628906
634.466552734375 334.51129150390625
648.6333618164062 345.383544921875
500.59136962890625 249.4226531982422
514.5748901367188 260.15771484375
528.5872192382812 270.86224365234375
542.57373046875 281.6048278808594
556.5598754882812 292.402587890625
570.5381469726562 303.0946960449219
584.5040283203125 313.74334716796875
598.4612426757812 324.49151611328125
612.4281005859375 335.24285888671875
626.4102172851562 345.81884765625
640.3599243164062 356.54193115234375
494.8170471191406 261.9498291015625
508.6197204589844 272.5841369628906
522.4008178710938 283.1772155761719
536.187744140625 293.696533203125
549.853271484375 304.266845703125
563.6329956054688 314.7678527832031
577.3851318359375 325.3422546386719
591.1724853515625 335.8207092285156
604.8020629882812 346.4111022949219
618.580322265625 356.85540771484375
632.3294067382812 367.3525085449219
489.368896484375 274.2469787597656
502.8265380859375 284.564453125
516.44580078125 294.9819030761719
529.8905029296875 305.38482666015625
543.4771118164062 315.7494812011719
556.9413452148438 326.1234130859375
570.4998779296875 336.490966796875
584.0283813476562 346.7706298828125
597.5123901367188 357.221435546875
611.0523681640625 367.48480224609375
624.5540161132812 377.7563781738281
483.9426574707031 286.00347900390625
497.3398742675781 296.3010559082031
510.5874938964844 306.46795654296875
523.9116821289062 316.6835021972656
537.2720947265625 326.8817443847656
550.5352172851562 337.1241149902344
563.8028564453125 347.3017578125
577.1720581054688 357.4762878417969
590.438720703125 367.631591796875
603.7132568359375 377.76251220703125
617.06005859375 387.8601379394531
478.7383728027344 297.4708251953125
491.85546875 307.5062561035156
505.0080261230469 317.591796875
518.142578125 327.63433837890625
531.2774047851562 337.69244384765625
544.3345336914062 347.6852722167969
557.4427490234375 357.7058410644531
570.5165405273438 367.70880126953125
583.5931396484375 377.734375
596.6793823242188 387.66217041015625
609.7857055664062 397.6490783691406
473.7003479003906 308.52685546875
486.6419677734375 318.481689453125
499.5657653808594 328.3988037109375
512.4786376953125 338.31005859375
525.4056396484375 348.1626281738281
538.3209838867188 358.0270080566406
551.2401733398438 367.8235778808594
564.1455078125 377.6817321777344
577.0310668945312 387.5096435546875
589.9180908203125 397.3381042480469
602.7704467773438 407.120361328125