1 720 1333
579.9212036132812 453.5243835449219
589.9306030273438 459.9915466308594
600.2518310546875 466.6922912597656
610.9151611328125 473.6300048828125
621.926025390625 480.78369140625
633.4208984375 488.2537841796875
645.2451171875 495.8573913574219
657.5151977539062 503.7556457519531
670.2340087890625 511.96588134765625
683.4295043945312 520.4847412109375
697.093505859375 529.3165283203125
569.053466796875 465.61541748046875
578.8609008789062 472.4302978515625
589.1587524414062 479.40484619140625
599.6444702148438 486.5914611816406
610.6502685546875 494.0987854003906
621.9671630859375 501.7358703613281
633.7030639648438 509.73858642578125
645.8513793945312 517.975341796875
658.5118408203125 526.5245971679688
671.596923828125 535.4117431640625
685.2880859375 544.5817260742188
557.8952026367188 477.9803161621094
567.6422119140625 485.0069274902344
577.72998046875 492.2992858886719
588.3270874023438 499.7472839355469
599.1270141601562 507.5416564941406
610.380126953125 515.5733642578125
621.9810791015625 523.8368530273438
634.0770263671875 532.4681396484375
646.5482177734375 541.3821411132812
659.5903930664062 550.6173095703125
673.136474609375 560.2567138671875
546.5475463867188 490.5260314941406
556.2901611328125 497.8040771484375
566.2733764648438 505.4103698730469
576.5846557617188 513.2040405273438
587.392578125 521.3074951171875
598.4677124023438 529.5992431640625
610.0363159179688 538.316650390625
621.9182739257812 547.2474975585938
634.41748046875 556.500732421875
647.33056640625 566.1970825195312
660.697509765625 576.1889038085938
535.0718383789062 503.33026123046875
544.5787353515625 510.8436584472656
554.4904174804688 518.680908203125
564.7152709960938 526.8089599609375
575.3927612304688 535.2693481445312
586.4149780273438 543.9065551757812
597.7838745117188 552.9082641601562
609.6385498046875 562.2777099609375
621.9312744140625 571.9200439453125
634.7550048828125 582.0108642578125
648.1368408203125 592.47265625
523.3092041015625 516.3038940429688
532.6852416992188 524.1657104492188
542.4957275390625 532.3528442382812
552.6336669921875 540.70751953125
563.2019653320312 549.49072265625
574.0933837890625 558.5172119140625
585.4022827148438 567.8771362304688
597.1425170898438 577.605712890625
609.331787109375 587.6665649414062
621.9735717773438 598.2249145507812
635.2506103515625 609.1480712890625
511.34356689453125 529.4848022460938
520.60400390625 537.6246948242188
530.3507690429688 546.1499633789062
540.3343505859375 554.8856811523438
550.6932983398438 564.0075073242188
561.49755859375 573.4266967773438
572.6676025390625 583.1937866210938
584.3302612304688 593.3231811523438
596.4069213867188 603.7904052734375
608.9580078125 614.7015380859375
622.0745849609375 626.1288452148438
499.1230163574219 542.877685546875
508.3435363769531 551.4095458984375
517.82080078125 560.2401123046875
527.7412719726562 569.3442993164062
538.0567626953125 578.7373657226562
548.6669311523438 588.5789184570312
559.7149658203125 598.7069091796875
571.3073120117188 609.3286743164062
583.2442016601562 620.286865234375
595.66845703125 631.6080932617188
608.6273803710938 643.4756469726562