1 720 1333
658.561767578125 23.994258880615234
673.4762573242188 38.48072052001953
688.2025756835938 52.832332611083984
702.643798828125 67.10859680175781
716.9396362304688 81.15421295166016
731.1173095703125 94.98368072509766
744.9725952148438 108.68013763427734
758.6937255859375 122.26947021484375
772.3646240234375 135.56336975097656
785.6040649414062 148.8309326171875
798.7548828125 161.8253173828125
650.421875 30.843610763549805
665.6196899414062 45.62797927856445
680.6447143554688 60.30448913574219
695.5447387695312 74.67689514160156
710.2284545898438 88.9925537109375
724.5778198242188 103.11172485351562
738.8042602539062 117.02498626708984
752.92626953125 130.6903533935547
766.7613525390625 144.32241821289062
780.4347534179688 157.6743927001953
793.8233642578125 170.98448181152344
641.853515625 38.107173919677734
657.51220703125 53.13878631591797
672.8780517578125 67.9540786743164
688.1564331054688 82.61993408203125
703.16259765625 97.18157196044922
717.8682250976562 111.47444915771484
732.48828125 125.59434509277344
746.8514404296875 139.5472869873047
761.140625 153.308837890625
775.0381469726562 166.92721557617188
788.7463989257812 180.36997985839844
633.080078125 45.56217956542969
649.0906982421875 60.81513977050781
664.8231201171875 75.95012664794922
680.4285888671875 90.8896484375
695.7667236328125 105.64193725585938
710.8567504882812 120.23881530761719
725.841064453125 134.57330322265625
740.5772094726562 148.67970275878906
755.1740112304688 162.69866943359375
769.427001953125 176.48875427246094
783.4638671875 190.2359161376953
623.7537231445312 53.405738830566406
640.2489013671875 68.93895721435547
656.4239501953125 84.36412811279297
672.4155883789062 99.51605224609375
688.1883544921875 114.5235824584961
703.626953125 129.32745361328125
718.9352416992188 143.85983276367188
734.0747680664062 158.2998046875
748.9520263671875 172.45895385742188
763.512939453125 186.53341674804688
777.9265747070312 200.33221435546875
614.139892578125 61.56766128540039
630.9923095703125 77.43879699707031
647.5975341796875 93.132568359375
663.9891967773438 108.51836395263672
680.2017211914062 123.76187133789062
696.0828247070312 138.76708984375
711.7252197265625 153.60604858398438
727.2810668945312 168.26983642578125
742.4785766601562 182.6516571044922
757.4515380859375 196.86793518066406
772.2007446289062 211.04896545410156
604.0585327148438 70.14453125
621.4032592773438 86.30731201171875
638.4600830078125 102.216064453125
655.3175659179688 117.90788269042969
671.7993774414062 133.4500732421875
688.1826782226562 148.69190979003906
704.2582397460938 163.77491760253906
720.1161499023438 178.65798950195312
735.6697387695312 193.32081604003906
751.05712890625 207.7797393798828
766.2144165039062 222.0812530517578
593.5023193359375 79.120849609375
611.346923828125 95.50626373291016
628.8230590820312 111.71270751953125
646.1723022460938 127.71650695800781
663.1775512695312 143.5486602783203
679.8353271484375 159.0883026123047
696.3928833007812 174.42335510253906
712.5961303710938 189.53831481933594
728.6009521484375 204.47442626953125
744.3634033203125 219.16928100585938
759.7672119140625 233.69078063964844