1 720 1333
619.9150390625 252.6736297607422
638.4871215820312 250.06910705566406
656.5241088867188 247.5315704345703
674.2486572265625 245.09266662597656
691.4307250976562 242.632568359375
708.313720703125 240.37081909179688
724.6007080078125 238.10107421875
740.6434936523438 235.85250854492188
756.3187255859375 233.72659301757812
771.5553588867188 231.621337890625
786.4509887695312 229.60720825195312
621.0643310546875 271.8542785644531
639.3657836914062 269.15728759765625
657.2374267578125 266.3860168457031
674.5840454101562 263.70208740234375
691.6221313476562 261.1856689453125
708.2994995117188 258.5912780761719
724.5140380859375 256.2143859863281
740.3684692382812 253.77490234375
755.7982177734375 251.51507568359375
770.8462524414062 249.25140380859375
785.6206665039062 247.0142822265625
622.2138671875 290.6938171386719
640.2379760742188 287.686767578125
657.7596435546875 284.7554931640625
675.0499877929688 281.963623046875
691.84619140625 279.1859130859375
708.350341796875 276.5344543457031
724.398681640625 273.8600158691406
740.0906372070312 271.3714294433594
755.3639526367188 268.8792419433594
770.3594360351562 266.4234619140625
784.79833984375 264.1351318359375
623.31201171875 309.0484924316406
641.0701904296875 305.86749267578125
658.452392578125 302.78533935546875
675.4951171875 299.7493896484375
692.1380615234375 296.86273193359375
708.4130859375 293.9862060546875
724.2735595703125 291.26666259765625
739.6831665039062 288.49652099609375
754.8555908203125 285.8249816894531
769.6411743164062 283.29913330078125
784.1315307617188 280.67938232421875
624.3406372070312 326.9508361816406
641.8343505859375 323.6050109863281
659.123046875 320.3789367675781
675.8599853515625 317.240478515625
692.4036254882812 314.1389465332031
708.4246215820312 311.17462158203125
724.2010498046875 308.16693115234375
739.4487915039062 305.34613037109375
754.4786376953125 302.5041198730469
769.0741577148438 299.7151794433594
783.3662719726562 297.10821533203125
625.3908081054688 344.4254150390625
642.6721801757812 340.9315185546875
659.6416625976562 337.56219482421875
676.3562622070312 334.28851318359375
692.5379638671875 331.0025939941406
708.4573364257812 327.8111572265625
723.9109497070312 324.7220153808594
739.2338256835938 321.6778564453125
753.9057006835938 318.7669372558594
768.4808959960938 315.8390197753906
782.5287475585938 313.0006103515625
626.4252319335938 361.4761657714844
643.5068359375 357.8558654785156
660.3660278320312 354.3548889160156
676.6627197265625 350.8786926269531
692.73193359375 347.4829406738281
708.477783203125 344.2049560546875
723.7998657226562 340.9317932128906
738.7539672851562 337.75262451171875
753.5171508789062 334.6478271484375
767.7486572265625 331.6181640625
781.7864379882812 328.6678466796875
627.4560546875 378.1364440917969
644.3978271484375 374.40966796875
660.847900390625 370.7129821777344
677.225341796875 367.14495849609375
693.0045776367188 363.5842590332031
708.54052734375 360.1724548339844
723.6193237304688 356.7460632324219
738.5195922851562 353.46844482421875
753.0354614257812 350.2557067871094
767.2564697265625 347.0355529785156
781.0553588867188 343.91387939453125