1 720 1333
700.62158203125 212.40289306640625
710.6522827148438 218.05502319335938
721.16015625 223.89486694335938
731.8618774414062 229.9921112060547
743.0186767578125 236.2939453125
754.5786743164062 242.8023681640625
766.5460815429688 249.57826232910156
778.931640625 256.6042175292969
791.7374267578125 263.8933410644531
805.1885986328125 271.5381164550781
819.0008544921875 279.4036560058594
696.447509765625 227.83921813964844
706.323974609375 233.69406127929688
716.5157470703125 239.7471160888672
727.1026611328125 246.06301879882812
738.0523071289062 252.55947875976562
749.342529296875 259.3293151855469
761.08984375 266.3295593261719
773.2264404296875 273.5460205078125
785.7286987304688 281.10760498046875
798.840576171875 288.8389587402344
812.4559936523438 297.0080871582031
692.3064575195312 242.97418212890625
701.93701171875 249.05178833007812
711.9649658203125 255.309814453125
722.3935546875 261.7406005859375
733.1138916015625 268.4634094238281
744.23681640625 275.43157958984375
755.6412963867188 282.5670471191406
767.5909423828125 290.12384033203125
779.8496704101562 297.7744140625
792.7059936523438 305.8288269042969
805.920166015625 314.18841552734375
688.231201171875 257.8368835449219
697.6546020507812 264.0054626464844
707.5556640625 270.4896240234375
717.6756591796875 277.1669006347656
728.3148803710938 284.1145324707031
739.15625 291.20611572265625
750.4683227539062 298.57843017578125
762.0824584960938 306.2232971191406
774.1691284179688 314.2261047363281
786.6441650390625 322.412841796875
799.6451416015625 330.9200744628906
684.1608276367188 272.34771728515625
693.5473022460938 278.7378234863281
703.20947265625 285.3797607421875
713.2320556640625 292.2523498535156
723.490234375 299.2745666503906
734.2791748046875 306.61566162109375
745.2549438476562 314.17791748046875
756.6729736328125 322.0449523925781
768.483154296875 330.1473388671875
780.7706909179688 338.5509338378906
793.4756469726562 347.3000793457031
680.3021850585938 286.6439208984375
689.389404296875 293.1678771972656
698.9057006835938 299.9178466796875
708.6703491210938 306.9054260253906
718.88525390625 314.2181091308594
729.3836669921875 321.63092041015625
740.2676391601562 329.4452819824219
751.4248046875 337.4450378417969
763.0068969726562 345.713623046875
775.0272827148438 354.3480529785156
787.4796752929688 363.2304382324219
676.3544311523438 300.5332946777344
685.4075927734375 307.2953796386719
694.6713256835938 314.1887512207031
704.4052734375 321.3865661621094
714.38330078125 328.77484130859375
724.6177978515625 336.39300537109375
735.3211669921875 344.3274841308594
746.323974609375 352.49664306640625
757.6493530273438 360.9556884765625
769.4392700195312 369.6683044433594
781.6150512695312 378.7486877441406
672.5067749023438 314.2696533203125
681.4234008789062 321.122314453125
690.5819702148438 328.18536376953125
700.1277465820312 335.50946044921875
709.8435668945312 342.9778137207031
720.0576782226562 350.8507080078125
730.4724731445312 358.82928466796875
741.3154907226562 367.2607116699219
752.44970703125 375.7837829589844
764.0166015625 384.6977233886719
775.9308471679688 393.87750244140625