1 720 1333
717.6256103515625 249.08016967773438
740.336181640625 256.2693176269531
763.0579223632812 263.4342956542969
785.8270263671875 270.6488952636719
808.6055297851562 277.931884765625
831.4168701171875 285.2698669433594
854.2804565429688 292.53887939453125
877.1834106445312 299.8131103515625
899.9842529296875 307.21942138671875
922.8699951171875 314.47271728515625
945.7413940429688 321.7661437988281
710.6876220703125 271.61767578125
733.1395263671875 278.73779296875
755.6032104492188 285.8817138671875
778.1129760742188 293.1470642089844
800.6403198242188 300.34222412109375
823.2098999023438 307.56781005859375
845.772216796875 314.77020263671875
868.362060546875 322.1084899902344
890.9666137695312 329.3434753417969
913.57177734375 336.5413513183594
936.3182983398438 343.8205871582031
703.8367309570312 293.7364807128906
726.086669921875 300.85302734375
748.3191528320312 307.9378356933594
770.5543212890625 315.1263427734375
792.8032836914062 322.279296875
815.1875 329.4432067871094
837.4573974609375 336.62030029296875
859.7852783203125 343.8017578125
882.1405639648438 351.0386657714844
904.5099487304688 358.2345275878906
926.8204345703125 365.3966979980469
697.205322265625 315.5024719238281
719.137939453125 322.50286865234375
741.1603393554688 329.59747314453125
763.175537109375 336.6435241699219
785.2587280273438 343.77459716796875
807.2532958984375 350.85980224609375
829.3582153320312 358.0310974121094
851.3715209960938 365.1649475097656
873.4798583984375 372.3109130859375
895.5447998046875 379.38580322265625
917.6752319335938 386.4964294433594
690.612548828125 336.6931457519531
712.3742065429688 343.72027587890625
734.09765625 350.7068786621094
755.8557739257812 357.76654052734375
777.63427734375 364.7603759765625
799.5040893554688 371.86004638671875
821.3175048828125 378.8991394042969
843.1704711914062 385.97705078125
864.9827880859375 393.0235290527344
886.7830810546875 400.11431884765625
908.6356201171875 407.14422607421875
684.2603149414062 357.5691833496094
705.6292114257812 364.5051574707031
727.2250366210938 371.51220703125
748.6901245117188 378.4532165527344
770.3203125 385.4587097167969
791.80859375 392.4219055175781
813.4287109375 399.41522216796875
835.0127563476562 406.4075622558594
856.6113891601562 413.3752136230469
878.267822265625 420.37017822265625
899.8143310546875 427.3306884765625
677.8692016601562 377.94000244140625
699.1776733398438 384.8530578613281
720.4469604492188 391.733154296875
741.7106323242188 398.65399169921875
763.0639038085938 405.5826721191406
784.391357421875 412.5181579589844
805.6771850585938 419.4353332519531
827.105224609375 426.3325500488281
848.4508056640625 433.278076171875
869.755615234375 440.1274108886719
891.2725830078125 447.0649719238281
671.7249145507812 397.86761474609375
692.7317504882812 404.7512512207031
713.7386474609375 411.6086120605469
734.8558959960938 418.48687744140625
755.9117431640625 425.352294921875
777.060546875 432.20880126953125
798.1929321289062 438.9682312011719
819.3228759765625 445.8201904296875
840.4442138671875 452.6378479003906
861.5457153320312 459.473876953125
882.6565551757812 466.30560302734375