1 720 1333
798.9034423828125 235.90383911132812
819.2857055664062 246.7525634765625
839.5145874023438 257.5416259765625
859.7323608398438 268.4017333984375
879.93359375 279.2298583984375
900.16796875 289.9443359375
920.292724609375 300.6712951660156
940.34375 311.4622802734375
960.380615234375 322.157470703125
980.31982421875 332.75054931640625
1000.1244506835938 343.4784240722656
787.8102416992188 255.23580932617188
807.8194580078125 265.79132080078125
827.6717529296875 276.4564208984375
847.5864868164062 287.09063720703125
867.4571533203125 297.6051940917969
887.244873046875 308.2563171386719
906.95751953125 318.7154235839844
926.6524658203125 329.3005676269531
946.3630981445312 339.7582092285156
965.9320678710938 350.2882385253906
985.467041015625 360.6590881347656
777.22412109375 273.78387451171875
796.753173828125 284.26519775390625
816.3988647460938 294.6260986328125
835.822021484375 305.048095703125
855.3917236328125 315.468017578125
874.7557373046875 325.7748718261719
894.1917724609375 336.2299499511719
913.5284423828125 346.52520751953125
932.8406372070312 356.811767578125
952.1168212890625 367.1322021484375
971.3130493164062 377.3802795410156
766.8663330078125 291.7337646484375
786.175048828125 302.0294189453125
805.3614501953125 312.2665710449219
824.554443359375 322.4588317871094
843.6607666015625 332.6431884765625
862.732421875 342.812744140625
881.7835693359375 353.004638671875
900.8046875 363.2046203613281
919.7536010742188 373.3115234375
938.7053833007812 383.37060546875
957.6009521484375 393.37890625
756.9041137695312 309.1365051269531
775.8309936523438 319.1772155761719
794.7067260742188 329.2505187988281
813.5613403320312 339.28704833984375
832.4134521484375 349.3292541503906
851.1819458007812 359.3175964355469
869.8351440429688 369.2885437011719
888.5587768554688 379.2224426269531
907.253662109375 389.1938171386719
925.7637329101562 399.0039978027344
944.4046630859375 408.868408203125
747.322998046875 325.8337097167969
765.8986206054688 335.7580871582031
784.4959716796875 345.6237487792969
803.0360717773438 355.49969482421875
821.4832763671875 365.3659973144531
839.90869140625 375.207275390625
858.3695678710938 384.9309387207031
876.6859741210938 394.704345703125
895.0464477539062 404.48065185546875
913.3416137695312 414.2070617675781
931.58154296875 423.7768859863281
737.9622192382812 342.13104248046875
756.3159790039062 351.7987060546875
774.5325927734375 361.52935791015625
792.7232055664062 371.2347717285156
810.9480590820312 380.824462890625
829.099609375 390.4929504394531
847.2198486328125 400.12371826171875
865.28759765625 409.6403503417969
883.2833862304688 419.283935546875
901.2855834960938 428.7267761230469
919.2254638671875 438.2827453613281
728.958740234375 357.77520751953125
746.9207153320312 367.38031005859375
764.9161376953125 376.8190612792969
782.8185424804688 386.399658203125
800.7236938476562 395.80950927734375
818.5463256835938 405.32659912109375
836.4171142578125 414.66741943359375
854.17138671875 424.1684875488281
871.8502807617188 433.4711608886719
889.55078125 442.77069091796875
907.2623291015625 452.13665771484375