1 720 1333
496.4391784667969 367.421875
505.56488037109375 371.95703125
515.4733276367188 376.869140625
525.5075073242188 381.88482666015625
536.1753540039062 387.2427673339844
547.0923461914062 392.60235595703125
558.57275390625 398.4010314941406
570.5217895507812 404.3284606933594
583.1043701171875 410.55999755859375
596.282958984375 417.0248718261719
610.0070190429688 423.7840881347656
497.05859375 384.0728759765625
506.409912109375 389.089599609375
515.958251953125 394.2042236328125
526.1082763671875 399.5627746582031
536.4735717773438 405.1109924316406
547.4841918945312 410.8707275390625
558.7329711914062 416.8568115234375
570.6355590820312 423.23944091796875
583.0115356445312 429.7164001464844
596.1177368164062 436.57672119140625
609.5991821289062 443.6982116699219
497.7315673828125 400.5077209472656
506.9549865722656 405.6893005371094
516.5645141601562 411.1757507324219
526.5035400390625 416.7162170410156
536.9105224609375 422.6352844238281
547.647216796875 428.6783752441406
558.9580688476562 435.0633544921875
570.6643676757812 441.63275146484375
582.9381713867188 448.56414794921875
595.7811889648438 455.7030944824219
609.32666015625 463.2525634765625
498.4614562988281 416.63848876953125
507.6152648925781 422.18621826171875
517.1641845703125 427.7913818359375
527.0685424804688 433.71441650390625
537.3665771484375 439.85894775390625
548.0467529296875 446.2661437988281
559.220458984375 452.8560485839844
570.7599487304688 459.74945068359375
582.8501586914062 466.96246337890625
595.5899658203125 474.4444274902344
608.8529052734375 482.28765869140625
499.23236083984375 432.5439453125
508.28277587890625 438.29876708984375
517.639404296875 444.20062255859375
527.4861450195312 450.3800048828125
537.6417846679688 456.708740234375
548.3495483398438 463.4123229980469
559.4107666015625 470.3311767578125
570.7939453125 477.4677734375
582.81591796875 485.0072937011719
595.4945068359375 492.7523498535156
608.5853881835938 500.8683776855469
499.75872802734375 448.1351013183594
508.7864685058594 454.11822509765625
518.2945556640625 460.3064270019531
527.9571533203125 466.66082763671875
538.136962890625 473.35498046875
548.5648803710938 480.2514953613281
559.5375366210938 487.4084777832031
570.9429931640625 494.807373046875
582.7803344726562 502.61102294921875
595.3507690429688 510.6599426269531
608.3345336914062 519.1207885742188
500.50103759765625 463.4583435058594
509.470703125 469.6446838378906
518.7079467773438 476.070556640625
528.425048828125 482.6506652832031
538.4750366210938 489.5733947753906
548.8290405273438 496.6686706542969
559.6946411132812 504.1388244628906
571.1290283203125 511.8197326660156
582.79248046875 519.819580078125
595.2461547851562 528.2376098632812
608.054443359375 536.8317260742188
501.2002868652344 478.5237121582031
510.09185791015625 484.954345703125
519.3071899414062 491.5261535644531
528.8101806640625 498.4095764160156
538.7820434570312 505.5232238769531
549.2548217773438 512.8421630859375
559.9832153320312 520.5224609375
571.2685546875 528.4894409179688
582.8291625976562 536.7232055664062
595.1480102539062 545.325927734375
607.7339477539062 554.2433471679688