1 720 1333
638.60693359375 251.83316040039062
656.9218139648438 253.6138153076172
675.1456298828125 255.4164276123047
693.2137451171875 257.1878356933594
711.14697265625 258.8782043457031
728.8601684570312 260.6495666503906
746.506591796875 262.451904296875
764.0809936523438 264.281005859375
781.4213256835938 265.95379638671875
798.5963745117188 267.67059326171875
815.6082763671875 269.4537353515625
637.1047973632812 270.3359069824219
655.3157348632812 271.962158203125
673.384765625 273.63189697265625
691.3541870117188 275.3790283203125
709.2152709960938 277.0572814941406
726.8409423828125 278.6740417480469
744.4555053710938 280.44329833984375
761.8441772460938 282.1560974121094
779.2027587890625 283.71990966796875
796.2854614257812 285.4817810058594
813.2548828125 287.1676025390625
635.4901733398438 288.5336608886719
653.5848999023438 290.1806945800781
671.5859985351562 291.6957092285156
689.4984741210938 293.416259765625
707.2935180664062 295.0204162597656
724.8423461914062 296.5623474121094
742.3787841796875 298.293212890625
759.7194213867188 299.7757263183594
776.89697265625 301.4468078613281
793.9718017578125 303.05859375
810.8090209960938 304.58538818359375
633.9190063476562 306.5803527832031
651.9169921875 308.2076721191406
669.8512573242188 309.6640319824219
687.648193359375 311.2968444824219
705.4006958007812 312.7358703613281
722.895263671875 314.3830871582031
740.3720703125 315.82354736328125
757.5648803710938 317.4258117675781
774.6976928710938 318.9258117675781
791.6265869140625 320.4591064453125
808.4848022460938 321.914306640625
632.43212890625 324.52056884765625
650.3840942382812 325.9892883300781
668.2243041992188 327.48492431640625
685.8790893554688 328.8926696777344
703.4996948242188 330.4410400390625
720.9612426757812 331.8572692871094
738.3146362304688 333.3927001953125
755.5134887695312 334.7492370605469
772.4923706054688 336.3172607421875
789.4249267578125 337.6232604980469
806.1122436523438 339.1475830078125
630.8809204101562 342.300048828125
648.6885375976562 343.6228332519531
666.513671875 345.09124755859375
684.14794921875 346.48553466796875
701.6316528320312 347.8170471191406
719.0208740234375 349.3405456542969
736.3311157226562 350.62725830078125
753.4085083007812 352.04364013671875
770.382080078125 353.4476013183594
787.1195068359375 354.6949157714844
803.7296142578125 356.111083984375
629.4252319335938 359.69915771484375
647.2351684570312 361.1891784667969
664.7730102539062 362.48907470703125
682.4404907226562 363.760009765625
699.7418212890625 365.1922607421875
717.153076171875 366.48675537109375
734.2896118164062 367.7239990234375
751.322998046875 369.1399841308594
768.1530151367188 370.4223327636719
784.8113403320312 371.6041259765625
801.4185791015625 372.865478515625
627.92529296875 377.1926574707031
645.6287841796875 378.43798828125
663.2511596679688 379.6576843261719
680.6272583007812 380.9757385253906
698.0079956054688 382.3159484863281
715.2235717773438 383.5035400390625
732.3261108398438 384.6813659667969
749.2381591796875 385.8677062988281
765.9611206054688 387.1928405761719
782.5551147460938 388.37322998046875
799.09033203125 389.4915466308594