1 720 1333
296.074951171875 361.6283874511719
320.916015625 362.0875244140625
345.78179931640625 362.4150695800781
370.868896484375 362.63958740234375
396.09869384765625 363.0299072265625
421.31793212890625 363.3642578125
446.51385498046875 363.58990478515625
471.7267761230469 363.87982177734375
497.0128173828125 364.2665100097656
522.3055419921875 364.4772033691406
547.5408325195312 364.64276123046875
301.9689636230469 384.3175048828125
326.3807373046875 384.5502014160156
350.8890075683594 384.8907470703125
375.5693664550781 385.3614807128906
400.33294677734375 385.5702819824219
425.12213134765625 385.9122314453125
449.8717041015625 386.3289794921875
474.68389892578125 386.56011962890625
499.5219421386719 386.8649597167969
524.4287109375 387.2050476074219
549.3034057617188 387.4399719238281
307.6328125 406.02471923828125
331.6700744628906 406.46624755859375
355.7825622558594 406.7256774902344
380.0968017578125 407.2396240234375
404.45025634765625 407.53216552734375
428.7592468261719 407.78765869140625
453.2459411621094 408.2672424316406
477.5775451660156 408.54571533203125
502.0276794433594 408.8014221191406
526.4638671875 409.2032470703125
550.924560546875 409.4488830566406
313.24114990234375 427.2568359375
336.8492126464844 427.5547180175781
360.58197021484375 427.9531555175781
384.50982666015625 428.4161682128906
408.4350280761719 428.67486572265625
432.4026184082031 429.150146484375
456.42572021484375 429.46209716796875
480.43017578125 429.7176513671875
504.4504089355469 430.2211608886719
528.5191040039062 430.4579772949219
552.5515747070312 430.6733703613281
318.6114196777344 447.5968017578125
341.85186767578125 448.0981750488281
365.3289489746094 448.4852600097656
388.7047424316406 448.81634521484375
412.3337707519531 449.34375
435.88336181640625 449.6097412109375
459.5110168457031 450.04803466796875
483.1896057128906 450.4114685058594
506.7646179199219 450.6840515136719
530.5116577148438 451.0453186035156
554.271728515625 451.3990173339844
323.844970703125 467.4564208984375
346.78399658203125 467.8758544921875
369.7584533691406 468.4065856933594
392.9076232910156 468.7014465332031
416.1131286621094 469.2384948730469
439.34283447265625 469.541259765625
462.56463623046875 469.8681640625
485.8325500488281 470.36212158203125
509.17401123046875 470.6371154785156
532.4718017578125 470.9761047363281
555.7381591796875 471.3609619140625
329.02447509765625 486.59112548828125
351.5494689941406 487.1798400878906
374.2421875 487.5594482421875
396.9270324707031 487.9813232421875
419.75390625 488.4523010253906
442.6360778808594 488.7578125
465.5474548339844 489.26324462890625
488.46246337890625 489.5345153808594
511.4324035644531 489.9078369140625
534.3895263671875 490.3392333984375
557.392578125 490.54364013671875
334.0067443847656 505.29608154296875
356.23193359375 505.6611328125
378.4930419921875 506.2903137207031
400.86444091796875 506.6245422363281
423.3997802734375 507.17169189453125
445.8717041015625 507.486328125
468.44451904296875 507.80120849609375
491.0402526855469 508.30523681640625
513.587646484375 508.5597839355469
536.2843627929688 508.83148193359375
558.8093872070312 509.2605895996094