1 720 1333
675.9661865234375 472.29766845703125
693.7561645507812 474.9318542480469
711.548583984375 477.5909729003906
729.31884765625 480.29150390625
746.8316650390625 482.8310852050781
764.4398803710938 485.4658203125
781.813232421875 487.9923400878906
799.325439453125 490.5494689941406
816.5420532226562 493.098388671875
833.738037109375 495.58056640625
850.881103515625 498.0711669921875
674.164306640625 488.7916564941406
692.2501831054688 491.514892578125
710.2748413085938 494.2237243652344
728.2897338867188 496.8053283691406
746.2116088867188 499.4666442871094
763.89697265625 502.0851745605469
781.6842651367188 504.6500549316406
799.4031372070312 507.2308654785156
816.9688110351562 509.7077331542969
834.4617919921875 512.2789306640625
851.8890991210938 514.7550659179688
672.1967163085938 505.8783264160156
690.55810546875 508.6167907714844
708.8245239257812 511.3507080078125
727.224609375 513.9714965820312
745.4103393554688 516.6082763671875
763.4840698242188 519.2659301757812
781.5214233398438 521.7938842773438
799.4989624023438 524.4056396484375
817.4325561523438 526.8570556640625
835.2360229492188 529.4766235351562
852.830810546875 531.933349609375
670.177001953125 523.57421875
688.8038330078125 526.3468017578125
707.4901123046875 529.0324096679688
726.0952758789062 531.66943359375
744.5638427734375 534.3616333007812
762.9947509765625 536.9448852539062
781.3901977539062 539.5597534179688
799.5797729492188 542.1669311523438
817.7813110351562 544.6646118164062
835.8388061523438 547.2548217773438
853.8819580078125 549.7427978515625
668.0424194335938 541.777587890625
687.1447143554688 544.5621337890625
706.0447998046875 547.2957763671875
724.9191284179688 549.9533081054688
743.7122802734375 552.6089477539062
762.4893188476562 555.3043823242188
781.2411499023438 557.85498046875
799.7112426757812 560.5089721679688
818.3157348632812 563.0435791015625
836.6138305664062 565.607666015625
854.9097900390625 568.21337890625
665.8561401367188 560.6430053710938
685.2874145507812 563.468994140625
704.5474853515625 566.2366943359375
723.7157592773438 568.8777465820312
742.916748046875 571.5896606445312
761.9795532226562 574.2752685546875
781.0249633789062 576.8543701171875
799.830810546875 579.4725341796875
818.6502075195312 582.0632934570312
837.4570922851562 584.5988159179688
856.0322875976562 587.1925048828125
663.627685546875 580.2529907226562
683.4118041992188 582.9852905273438
703.0083618164062 585.72802734375
722.5849609375 588.507080078125
742.1109619140625 591.2446899414062
761.4628295898438 593.8352661132812
780.7244262695312 596.5069580078125
800.0364379882812 599.1749267578125
819.2179565429688 601.6795043945312
838.2344970703125 604.3386840820312
857.1904296875 606.8169555664062
661.3814086914062 600.4768676757812
681.4194946289062 603.2882690429688
701.4328002929688 606.0460205078125
721.3820190429688 608.743408203125
741.2587280273438 611.5091552734375
760.86376953125 614.2555541992188
780.5738525390625 616.834716796875
800.1915893554688 619.5112915039062
819.571044921875 622.0841064453125
838.9208374023438 624.61474609375
858.2422485351562 627.2306518554688