1 720 1333
536.1912231445312 137.2034149169922
554.2916870117188 149.8565216064453
571.3975219726562 161.85728454589844
587.6293334960938 173.36404418945312
603.0631103515625 184.21868896484375
617.730712890625 194.53811645507812
631.677734375 204.3636932373047
645.1554565429688 213.7509307861328
657.8250732421875 222.683837890625
670.014404296875 231.36476135253906
681.6212768554688 239.48756408691406
525.3324584960938 158.59584045410156
543.6467895507812 170.6559295654297
561.0824584960938 182.23004150390625
577.5310668945312 193.084716796875
593.2848510742188 203.4798583984375
608.1551513671875 213.3217315673828
622.3932495117188 222.67820739746094
635.9264526367188 231.63510131835938
648.9017944335938 240.26760864257812
661.3143310546875 248.40745544433594
673.11669921875 256.2735900878906
514.4951171875 179.98922729492188
533.162353515625 191.5491485595703
550.7220458984375 202.43443298339844
567.5263061523438 212.81903076171875
583.4481811523438 222.64788818359375
598.576416015625 232.10714721679688
613.0368041992188 241.01727294921875
626.7908935546875 249.52325439453125
640.0140380859375 257.6775207519531
652.5305786132812 265.4787902832031
664.6021118164062 272.93572998046875
503.6918029785156 201.427001953125
522.6133422851562 212.35450744628906
540.5330810546875 222.72549438476562
557.5420532226562 232.56593322753906
573.6526489257812 241.94207763671875
589.058837890625 250.81094360351562
603.6732788085938 259.3423767089844
617.666259765625 267.45294189453125
631.111328125 275.1940002441406
643.8255004882812 282.5724182128906
656.0625 289.667236328125
493.0235595703125 222.7455291748047
512.2057495117188 233.20791625976562
530.3583984375 242.9310760498047
547.5384521484375 252.3384552001953
563.9384765625 261.1761779785156
579.5195922851562 269.582275390625
594.4328002929688 277.6429138183594
608.5853271484375 285.31280517578125
622.2625122070312 292.6485900878906
635.1724853515625 299.6434020996094
647.5270385742188 306.4063720703125
482.3620300292969 244.1732635498047
501.75994873046875 253.86830139160156
520.1502685546875 263.2200012207031
537.63134765625 271.96441650390625
554.2545776367188 280.38458251953125
570.0860595703125 288.35052490234375
585.17041015625 295.90386962890625
599.5161743164062 303.247314453125
613.3295288085938 310.15435791015625
626.4767456054688 316.75067138671875
638.984619140625 323.12274169921875
471.6899719238281 265.4548034667969
491.4287109375 274.6149597167969
510.0494079589844 283.37969970703125
527.7157592773438 291.626220703125
544.5861206054688 299.5169982910156
560.5722045898438 307.0256042480469
575.8604736328125 314.2244873046875
590.4884033203125 321.0097961425781
604.4624633789062 327.5622253417969
617.740478515625 333.7476501464844
630.5335083007812 339.7460632324219
461.250732421875 286.627685546875
481.1333312988281 295.3392028808594
500.0093994140625 303.4808654785156
517.8943481445312 311.30401611328125
534.9451293945312 318.6433410644531
551.25927734375 325.6897277832031
566.65625 332.4117431640625
581.4860229492188 338.77093505859375
595.5866088867188 344.88909912109375
609.1309814453125 350.73236083984375
621.9306030273438 356.3633117675781