1 720 1333
598.2756958007812 191.12832641601562
618.6723022460938 188.96571350097656
639.5407104492188 186.81764221191406
660.68408203125 184.6903076171875
682.3297729492188 182.55372619628906
704.1521606445312 180.4473876953125
726.3587646484375 178.3103790283203
748.7735595703125 176.137939453125
771.6283569335938 173.8675994873047
794.8289184570312 171.6833953857422
818.4348754882812 169.50772094726562
600.0209350585938 212.95973205566406
620.4562377929688 211.05630493164062
641.2747192382812 209.1455078125
662.3597412109375 207.18612670898438
683.7164306640625 205.26524353027344
705.5372314453125 203.26744079589844
727.5968017578125 201.28854370117188
750.0961303710938 199.3023681640625
772.7728271484375 197.3125762939453
795.8592529296875 195.31500244140625
819.3595581054688 193.29025268554688
601.7221069335938 234.656494140625
622.2001953125 232.8887939453125
642.7783203125 231.2151336669922
663.8307495117188 229.42149353027344
685.3239135742188 227.5853729248047
706.880859375 225.78688049316406
728.9248657226562 224.04913330078125
751.3263549804688 222.2804718017578
773.915771484375 220.43780517578125
796.8798217773438 218.58694458007812
820.2726440429688 216.7315673828125
603.543701171875 256.3053283691406
623.7799072265625 254.63198852539062
644.4633178710938 253.08956909179688
665.4296264648438 251.48060607910156
686.6612548828125 249.79754638671875
708.3764038085938 248.29403686523438
730.2857666015625 246.58518981933594
752.5121459960938 245.02365112304688
775.0801391601562 243.41879272460938
797.90087890625 241.70054626464844
821.1654663085938 240.15579223632812
605.3522338867188 277.5880126953125
625.5313110351562 276.2594909667969
646.0931396484375 274.7090148925781
666.9007568359375 273.38897705078125
688.2177124023438 271.8571472167969
709.6407470703125 270.50201416015625
731.52734375 269.09588623046875
753.660400390625 267.5621032714844
776.2146606445312 266.2283020019531
798.8782348632812 264.645751953125
822.030517578125 263.295166015625
607.1063842773438 298.75091552734375
627.2356567382812 297.5621032714844
647.6256713867188 296.37408447265625
668.4662475585938 295.1264343261719
689.5733032226562 293.755126953125
711.0626220703125 292.5427551269531
732.7465209960938 291.3427429199219
754.8221435546875 289.9950256347656
777.276611328125 288.65313720703125
799.8402709960938 287.4729919433594
822.813232421875 286.2052917480469
608.720947265625 319.8036804199219
628.8035888671875 318.7143859863281
649.2778930664062 317.6455993652344
669.9435424804688 316.5877990722656
691.0226440429688 315.5159912109375
712.40087890625 314.4511413574219
734.0899047851562 313.36224365234375
756.0476684570312 312.2706604003906
778.355712890625 311.1629333496094
800.8179321289062 309.90643310546875
823.6524658203125 308.7725830078125
610.51318359375 340.6443786621094
630.478271484375 339.7491760253906
650.7493896484375 338.83612060546875
671.443603515625 337.96234130859375
692.468994140625 337.1178894042969
713.646728515625 336.17828369140625
735.347412109375 335.2242126464844
757.2434692382812 334.2758483886719
779.3892211914062 333.31976318359375
801.7235717773438 332.33001708984375
824.5252075195312 331.36370849609375