1 720 1333
789.618408203125 228.86805725097656
803.5946044921875 241.6775360107422
817.7733154296875 254.6990509033203
832.3201904296875 268.0587158203125
846.9998168945312 281.5911865234375
861.9691772460938 295.4532775878906
877.263427734375 309.5073547363281
892.7509765625 323.8475036621094
908.5819091796875 338.4949035644531
924.6868286132812 353.3998107910156
941.1331787109375 368.54425048828125
778.2343139648438 244.3976593017578
791.769287109375 257.12353515625
805.654052734375 270.13385009765625
819.74365234375 283.344970703125
834.2305908203125 296.8212585449219
848.7634887695312 310.5441589355469
863.65185546875 324.5643615722656
878.767822265625 338.76214599609375
894.22265625 353.3601989746094
909.8413696289062 368.1231994628906
925.8685913085938 383.2073974609375
767.070068359375 259.3916015625
780.3848266601562 272.0823669433594
793.9193725585938 284.9297790527344
807.6807250976562 298.18377685546875
821.7161865234375 311.5287170410156
836.0086059570312 325.2349548339844
850.4998779296875 339.1209411621094
865.30126953125 353.304443359375
880.2830200195312 367.6487121582031
895.5526733398438 382.3482666015625
911.1746215820312 397.2948303222656
756.2833251953125 273.9190673828125
769.287841796875 286.5452880859375
782.50390625 299.42059326171875
795.9710693359375 312.49053955078125
809.6387329101562 325.83111572265625
823.5672607421875 339.409423828125
837.7210083007812 353.2640380859375
852.1312255859375 367.29296875
866.75830078125 381.5636901855469
881.67822265625 396.1379089355469
896.8126220703125 410.8558044433594
745.6891479492188 288.08258056640625
758.453125 300.6224365234375
771.4114379882812 313.4068603515625
784.5638427734375 326.4482727050781
797.9872436523438 339.6528625488281
811.5528564453125 353.2189636230469
825.4029541015625 366.84942626953125
839.4593505859375 380.7860412597656
853.6507568359375 395.0130310058594
868.2898559570312 409.4208984375
883.0555419921875 424.13421630859375
735.5028076171875 301.78216552734375
747.9065551757812 314.3216247558594
760.6062622070312 327.02459716796875
773.5103149414062 339.9130859375
786.5822143554688 353.15283203125
799.861328125 366.5018615722656
813.406005859375 380.1345520019531
827.1473999023438 393.98046875
841.07080078125 408.0310974121094
855.2550048828125 422.3480529785156
869.638671875 436.801025390625
725.5460815429688 315.1645812988281
737.7236328125 327.5713195800781
750.1574096679688 340.2566833496094
762.68896484375 353.12335205078125
775.558349609375 366.1773681640625
788.521240234375 379.4388732910156
801.7163696289062 392.9337158203125
815.1907958984375 406.6457824707031
828.7261962890625 420.6106872558594
842.6178588867188 434.7436828613281
856.70751953125 449.2029113769531
715.8388061523438 328.1668395996094
727.7715454101562 340.47705078125
739.9301147460938 353.0584716796875
752.3218994140625 365.8251647949219
764.78173828125 378.78546142578125
777.54443359375 392.0143737792969
790.4695434570312 405.38787841796875
803.5919799804688 419.0019226074219
816.9007568359375 432.7527770996094
830.4507446289062 446.8045654296875
844.2594604492188 461.07940673828125