1 720 1333
727.97119140625 529.6521606445312
716.3548583984375 534.5247192382812
704.4054565429688 539.5050659179688
692.207763671875 544.5612182617188
679.6040649414062 549.7478637695312
666.7154541015625 555.187744140625
653.5326538085938 560.6396484375
640.0113525390625 566.2650756835938
626.1625366210938 571.9810180664062
611.8954467773438 577.9546508789062
597.294921875 584.0802612304688
719.2033081054688 522.640625
707.5995483398438 527.3560180664062
695.7838134765625 532.1591796875
683.6508178710938 537.0283813476562
671.28173828125 542.0279541015625
658.5302124023438 547.250244140625
645.443603515625 552.4495849609375
632.1039428710938 557.822265625
618.40869140625 563.3934936523438
604.3158569335938 569.1057739257812
589.8828125 574.9517822265625
710.6522827148438 515.8209228515625
699.2798461914062 520.4163208007812
687.4985961914062 524.9699096679688
675.4877319335938 529.6578979492188
663.2105102539062 534.5389404296875
650.5885009765625 539.4730834960938
637.6552734375 544.5550537109375
624.4718017578125 549.7081909179688
610.8472290039062 555.0758666992188
597.07568359375 560.5560302734375
582.7252197265625 566.230712890625
702.4887084960938 509.3123779296875
691.133056640625 513.6071166992188
679.4901733398438 518.0789184570312
667.5498657226562 522.58642578125
655.421630859375 527.2919311523438
642.9025268554688 532.077392578125
630.2205810546875 536.8923950195312
617.0977172851562 541.8751831054688
603.7271118164062 547.0540771484375
589.9622192382812 552.3580932617188
575.8817749023438 557.7232055664062
694.4689331054688 502.81005859375
683.2745361328125 507.0865478515625
671.6922607421875 511.3832092285156
659.9386596679688 515.709228515625
647.8562622070312 520.2835693359375
635.5194091796875 524.7984008789062
622.860595703125 529.5439453125
610.0419311523438 534.3887329101562
596.705322265625 539.3009643554688
583.2730712890625 544.39013671875
569.3402709960938 549.5988159179688
686.7722778320312 496.6397399902344
675.5816040039062 500.66558837890625
664.2406616210938 504.82525634765625
652.5546875 509.1387023925781
640.604736328125 513.4483032226562
628.4490966796875 517.850830078125
615.9204711914062 522.4398803710938
603.177734375 527.1069946289062
590.0980834960938 531.798095703125
576.6434936523438 536.707275390625
562.962890625 541.7247314453125
679.3154296875 490.5860290527344
668.2783203125 494.5378112792969
656.9153442382812 498.5476989746094
645.3820190429688 502.6270446777344
633.5424194335938 506.8294982910156
621.5143432617188 511.19598388671875
609.193359375 515.55078125
596.5586547851562 520.0682373046875
583.5950927734375 524.612060546875
570.4169921875 529.37060546875
556.8334350585938 534.2744750976562
672.0994262695312 484.73443603515625
661.2062377929688 488.5259094238281
649.8955688476562 492.4476318359375
638.5200805664062 496.40753173828125
626.767333984375 500.5040283203125
614.7991333007812 504.5903015136719
602.59033203125 508.8830261230469
590.174560546875 513.3002319335938
577.382568359375 517.6676635742188
564.374755859375 522.3333129882812
550.9830322265625 526.941650390625