1 720 1333
281.868408203125 79.20650482177734
299.3908996582031 90.2942123413086
316.9902648925781 101.46794891357422
334.706298828125 112.69882202148438
352.59393310546875 124.11109924316406
370.6402282714844 135.54783630371094
388.8158264160156 147.09164428710938
407.2149963378906 158.7097930908203
425.5850524902344 170.45216369628906
444.2685546875 182.26585388183594
462.89691162109375 194.1119842529297
278.1191711425781 100.15948486328125
295.3518371582031 111.18544006347656
312.58642578125 122.24371337890625
330.0943298339844 133.39495849609375
347.6564025878906 144.60926818847656
365.42840576171875 155.93470764160156
383.3153991699219 167.40206909179688
401.329833984375 178.86578369140625
419.42608642578125 190.49256896972656
437.6737976074219 202.13760375976562
456.1524963378906 213.8429718017578
274.4627990722656 120.48712158203125
291.3662414550781 131.38511657714844
308.4093933105469 142.37313842773438
325.5382995605469 153.40611267089844
342.8582458496094 164.51893615722656
360.34075927734375 175.70730590820312
377.8738708496094 187.03994750976562
395.57855224609375 198.44085693359375
413.43865966796875 209.88900756835938
431.43902587890625 221.4253692626953
449.5133361816406 232.99615478515625
270.8836975097656 140.279541015625
287.5284118652344 151.00230407714844
304.3312072753906 161.88487243652344
321.23712158203125 172.78070068359375
338.2666931152344 183.83819580078125
355.4068298339844 194.90953063964844
372.6524353027344 206.15972900390625
390.1228332519531 217.3756103515625
407.625 228.7056884765625
425.34844970703125 240.13323974609375
443.1622314453125 251.5811004638672
267.5010681152344 159.39161682128906
283.7981262207031 170.0792694091797
300.3819580078125 180.78750610351562
316.98919677734375 191.64385986328125
333.69976806640625 202.5404052734375
350.5946350097656 213.5283966064453
367.62786865234375 224.56747436523438
384.771240234375 235.73880004882812
402.0752868652344 246.94720458984375
419.466796875 258.2664489746094
436.9019470214844 269.5011901855469
264.2149658203125 177.99745178222656
280.33489990234375 188.55734252929688
296.546142578125 199.2572784423828
312.89593505859375 209.9297637939453
329.44732666015625 220.72854614257812
346.0687561035156 231.59335327148438
362.7770690917969 242.57455444335938
379.6418151855469 253.53643798828125
396.6551818847656 264.67327880859375
413.73785400390625 275.7274169921875
431.0353698730469 286.9542236328125
260.9804992675781 196.1161651611328
276.83447265625 206.55470275878906
292.83697509765625 217.0782470703125
309.01104736328125 227.66433715820312
325.2823486328125 238.3920135498047
341.5826110839844 249.1518096923828
358.18072509765625 259.9268798828125
374.7664794921875 270.8738708496094
391.4922790527344 281.7563781738281
408.39312744140625 292.7928161621094
425.3179626464844 303.7792053222656
257.87225341796875 213.5851287841797
273.5349426269531 223.95669555664062
289.3454895019531 234.43605041503906
305.2402038574219 244.9207763671875
321.2744140625 255.52178955078125
337.39617919921875 266.14874267578125
353.6526794433594 276.8482360839844
370.0603332519531 287.57427978515625
386.5127258300781 298.443359375
403.1030578613281 309.2650451660156
419.75701904296875 320.20770263671875