1 720 1333
606.3740844726562 229.45623779296875
619.8650512695312 229.8187255859375
633.8917236328125 230.3724822998047
648.390380859375 230.7848663330078
663.3025512695312 231.3898468017578
678.567138671875 231.83883666992188
694.4832153320312 232.43621826171875
710.7380981445312 233.0792694091797
727.6522216796875 233.6112060546875
745.1708374023438 234.38812255859375
763.1536865234375 235.07052612304688
605.008544921875 246.79100036621094
618.5240478515625 247.51231384277344
632.46630859375 248.30116271972656
646.801025390625 248.98016357421875
661.624267578125 249.7135772705078
676.9226684570312 250.58192443847656
692.6638793945312 251.46942138671875
709.0174560546875 252.3904571533203
725.6909790039062 253.3292694091797
743.1924438476562 254.33802795410156
761.0765380859375 255.35287475585938
603.6557006835938 264.18963623046875
617.203857421875 265.1116027832031
631.0592041015625 266.0702819824219
645.359130859375 267.1150207519531
660.1400756835938 268.2065124511719
675.33544921875 269.3119812011719
691.0071411132812 270.4120178222656
707.2199096679688 271.538330078125
723.8484497070312 272.75018310546875
741.2151489257812 274.14501953125
758.9934692382812 275.45745849609375
602.3908081054688 281.3792724609375
615.729736328125 282.53558349609375
629.573974609375 283.7398376464844
643.7601318359375 285.1025695800781
658.50146484375 286.4443359375
673.6238403320312 287.7141418457031
689.3359985351562 289.2734680175781
705.4324340820312 290.6542053222656
722.0232543945312 292.2781677246094
739.2416381835938 293.8028869628906
756.9049682617188 295.49078369140625
601.0909423828125 298.5053405761719
614.42333984375 299.902099609375
628.1793823242188 301.4335632324219
642.3612060546875 302.9474182128906
656.8838500976562 304.522705078125
671.9647827148438 306.2746887207031
687.54541015625 307.8868103027344
703.580810546875 309.6781005859375
720.162841796875 311.54388427734375
737.292236328125 313.45916748046875
754.8300170898438 315.43402099609375
599.736328125 315.53009033203125
613.0570068359375 317.2603759765625
626.6800537109375 318.9535827636719
640.7750854492188 320.7333984375
655.410400390625 322.643310546875
670.3905029296875 324.5506286621094
685.8165893554688 326.5381774902344
701.7476196289062 328.5931396484375
718.3131103515625 330.7358093261719
735.3206176757812 332.9429626464844
752.7763671875 335.2808837890625
598.4933471679688 332.4822998046875
611.6589965820312 334.4184875488281
625.3221435546875 336.41424560546875
639.3875732421875 338.47802734375
653.7651977539062 340.6044921875
668.721923828125 342.785400390625
684.217529296875 345.0994873046875
700.0755615234375 347.4303894042969
716.4330444335938 349.80316162109375
733.3966064453125 352.3673400878906
750.7447509765625 354.8690490722656
597.3081665039062 349.3260803222656
610.3880004882812 351.49151611328125
623.9224853515625 353.7338562011719
637.8360595703125 356.101318359375
652.3403930664062 358.45782470703125
667.1778564453125 360.9388122558594
682.5072021484375 363.4783630371094
698.33837890625 366.11602783203125
714.5912475585938 368.7713317871094
731.4470825195312 371.5672912597656
748.739990234375 374.449462890625