1 720 1333
529.2175903320312 375.4132080078125
540.4511108398438 380.14556884765625
552.3201904296875 385.1241760253906
564.454833984375 390.21441650390625
577.3515625 395.60760498046875
590.5424194335938 401.1715087890625
604.489501953125 406.945068359375
618.841064453125 412.969970703125
633.9669799804688 419.2904357910156
649.7341918945312 425.7687683105469
666.369873046875 432.6090087890625
529.5059814453125 392.5260009765625
540.7177734375 397.6033020019531
552.4345703125 402.7659606933594
564.5482177734375 408.3353271484375
577.296142578125 413.924560546875
590.4525756835938 419.8067321777344
604.2017822265625 425.95721435546875
618.4457397460938 432.3358459472656
633.369873046875 438.91925048828125
648.9445190429688 445.7828674316406
665.299560546875 452.96820068359375
529.8359375 409.44158935546875
540.9950561523438 414.702392578125
552.589111328125 420.3152770996094
564.599609375 425.988525390625
577.2633666992188 431.9963684082031
590.263916015625 438.1689453125
603.7670288085938 444.5479736328125
617.87060546875 451.26153564453125
632.62451171875 458.237060546875
648.1515502929688 465.4189453125
664.2779541015625 472.9080505371094
530.28857421875 426.0718994140625
541.3496704101562 431.6343078613281
552.6807861328125 437.41180419921875
564.660400390625 443.4427185058594
577.1981201171875 449.6406555175781
590.0503540039062 456.1430969238281
603.4972534179688 462.8109130859375
617.4872436523438 469.7844543457031
632.037109375 477.12152099609375
647.3652954101562 484.59185791015625
663.2489624023438 492.46435546875
530.5776977539062 442.3846435546875
541.5223999023438 448.2131652832031
552.8816528320312 454.24310302734375
564.6953735351562 460.5047302246094
577.121337890625 466.9841613769531
589.7730712890625 473.69403076171875
603.2337646484375 480.7049865722656
616.9444580078125 487.9568176269531
631.4263305664062 495.5330810546875
646.472900390625 503.35528564453125
662.2486572265625 511.4953918457031
530.8402709960938 458.4172058105469
541.7207641601562 464.4763488769531
553.1732177734375 470.7244567871094
564.7557983398438 477.2698059082031
577.0333862304688 484.014892578125
589.6265869140625 490.9864196777344
602.7704467773438 498.2672119140625
616.5457153320312 505.7784729003906
630.723876953125 513.6030883789062
645.6536865234375 521.7097778320312
661.2733154296875 530.2022094726562
531.2972412109375 474.23211669921875
542.0546875 480.46270751953125
553.322265625 486.9674072265625
564.8115844726562 493.6624450683594
576.9494018554688 500.6698303222656
589.5062866210938 507.9161376953125
602.5548706054688 515.4421997070312
616.1693115234375 523.2478637695312
630.26806640625 531.33251953125
644.9205932617188 539.687744140625
660.3674926757812 548.4405517578125
531.5225219726562 489.63275146484375
542.3099365234375 496.21295166015625
553.4024047851562 502.8881530761719
564.843505859375 509.815673828125
576.8053588867188 517.0850830078125
589.393798828125 524.5468139648438
602.3350830078125 532.3160400390625
615.6698608398438 540.3372192382812
629.651123046875 548.6315307617188
644.3324584960938 557.3224487304688
659.4345092773438 566.303955078125