1 720 1333
657.090576171875 324.507568359375
666.3453369140625 328.373779296875
675.9581909179688 332.3231506347656
685.8517456054688 336.4165344238281
696.2651977539062 340.64154052734375
706.7865600585938 345.0406494140625
717.8263549804688 349.5491027832031
729.2569580078125 354.3233337402344
741.0530395507812 359.16455078125
753.2988891601562 364.25677490234375
765.9518432617188 369.4493103027344
651.2017822265625 337.8554382324219
660.3994140625 341.8990478515625
669.8185424804688 346.09832763671875
679.68408203125 350.43280029296875
689.8447265625 354.8817443847656
700.4317016601562 359.5550231933594
711.3152465820312 364.37750244140625
722.5331420898438 369.3509826660156
734.218505859375 374.4876708984375
746.374755859375 379.7852783203125
758.83154296875 385.3636474609375
645.27294921875 351.22662353515625
654.3634643554688 355.47625732421875
663.7555541992188 359.852783203125
673.47607421875 364.4684143066406
683.52099609375 369.225341796875
693.9114379882812 374.1175231933594
704.6808471679688 379.16693115234375
715.7991943359375 384.3691101074219
727.4113159179688 389.72296142578125
739.3751220703125 395.4079895019531
751.7506103515625 401.2538146972656
639.37451171875 364.52490234375
648.3794555664062 369.0493469238281
657.6315307617188 373.6607666015625
667.2930297851562 378.4847412109375
677.23046875 383.4651184082031
687.4962158203125 388.5753173828125
698.1424560546875 393.885986328125
709.1493530273438 399.4132385253906
720.523681640625 405.1075134277344
732.4076538085938 410.987548828125
744.6519775390625 417.1482849121094
633.480224609375 377.8236389160156
642.3950805664062 382.5633544921875
651.5401611328125 387.4252624511719
661.062744140625 392.4798583984375
670.83642578125 397.6474609375
681.0396118164062 403.11492919921875
691.549072265625 408.60821533203125
702.4356689453125 414.3988342285156
713.6593627929688 420.3584899902344
725.4418334960938 426.5634460449219
737.5885620117188 433.0024719238281
627.5892333984375 391.17913818359375
636.3800659179688 396.1179504394531
645.4520874023438 401.2084655761719
654.78466796875 406.43853759765625
664.5504150390625 411.8840026855469
674.5562744140625 417.5179748535156
684.9542846679688 423.37841796875
695.6917724609375 429.3903503417969
706.842529296875 435.6159973144531
718.4586181640625 442.1542663574219
730.5213012695312 448.81732177734375
621.6766967773438 404.441650390625
630.4188842773438 409.5610656738281
639.3759765625 414.8927307128906
648.6155395507812 420.40692138671875
658.2678833007812 426.1168518066406
668.2084350585938 431.958251953125
678.4397583007812 438.0627136230469
689.1024169921875 444.36090087890625
700.1127319335938 450.85845947265625
711.5640869140625 457.6251220703125
723.468505859375 464.65283203125
615.853515625 417.63409423828125
624.4191284179688 423.0701599121094
633.3233642578125 428.5841369628906
642.4308471679688 434.3426818847656
651.8820190429688 440.2729187011719
661.6963500976562 446.35772705078125
671.9047241210938 452.6917419433594
682.4239501953125 459.31768798828125
693.373291015625 466.13720703125
704.6433715820312 473.1792907714844
716.46337890625 480.50726318359375