1 720 1333
580.5721435546875 66.97218322753906
596.4493408203125 84.42052459716797
611.4432373046875 100.90518951416016
625.67431640625 116.63196563720703
639.2802124023438 131.56637573242188
652.1781005859375 145.77511596679688
664.422119140625 159.3299560546875
676.1751098632812 172.30625915527344
687.3771362304688 184.57247924804688
697.9956665039062 196.43373107910156
708.2249145507812 207.6536865234375
566.4205322265625 86.9247817993164
582.6353759765625 103.81564331054688
598.0928955078125 119.88606262207031
612.6602172851562 135.14805603027344
626.5769653320312 149.63970947265625
639.7567138671875 163.44322204589844
652.4202270507812 176.5900421142578
664.4630126953125 189.12014770507812
675.9280395507812 201.15219116210938
686.8670654296875 212.54127502441406
697.3836059570312 223.51295471191406
552.245849609375 106.96994018554688
568.8271484375 123.43136596679688
584.619873046875 138.9326629638672
599.6253051757812 153.74708557128906
613.8628540039062 167.73782348632812
627.4713745117188 181.22149658203125
640.4080200195312 193.87261962890625
652.6884155273438 206.05809020996094
664.543701171875 217.68441772460938
675.7047119140625 228.77011108398438
686.5181884765625 239.4674835205078
537.8997802734375 127.19861602783203
555.006591796875 143.0733184814453
571.2303466796875 158.19833374023438
586.5582885742188 172.42721557617188
601.2048950195312 186.09536743164062
615.0624389648438 198.99093627929688
628.341796875 211.35125732421875
640.955810546875 223.14706420898438
653.0795288085938 234.3832244873047
664.5811157226562 245.14744567871094
675.5729370117188 255.40353393554688
523.6302490234375 147.39414978027344
541.1893920898438 162.76344299316406
557.6856079101562 177.34507751464844
573.451416015625 191.22618103027344
588.4122314453125 204.3675079345703
602.6222534179688 216.84298706054688
616.2584838867188 228.79603576660156
629.2068481445312 240.2210693359375
641.5612182617188 251.13783264160156
653.3665771484375 261.49169921875
664.6298828125 271.46533203125
509.3888854980469 167.706787109375
527.2872314453125 182.56985473632812
544.2261352539062 196.6530303955078
560.3360595703125 210.02862548828125
575.5773315429688 222.6897430419922
590.2109375 234.82215881347656
604.0892333984375 246.38262939453125
617.3632202148438 257.4055480957031
630.0191040039062 267.8811340332031
642.1134643554688 277.9432373046875
653.6185302734375 287.5503845214844
495.010986328125 188.16351318359375
513.3609619140625 202.49317932128906
530.64990234375 216.04698181152344
547.17724609375 228.9141387939453
562.774658203125 241.23309326171875
577.6472778320312 252.81808471679688
591.8411254882812 263.9825439453125
605.44873046875 274.5839538574219
618.4230346679688 284.73443603515625
630.7094116210938 294.4312438964844
642.5709228515625 303.67193603515625
480.6881103515625 208.58798217773438
499.4339904785156 222.44105529785156
517.1831665039062 235.5025177001953
533.9861450195312 247.8863067626953
549.922119140625 259.69091796875
565.2186279296875 270.97760009765625
579.654296875 281.6329345703125
593.522705078125 291.85211181640625
606.7184448242188 301.60052490234375
619.3861694335938 310.96795654296875
631.453857421875 319.8329772949219