1 720 1333
497.2177429199219 248.0745086669922
510.5419006347656 247.79205322265625
524.4913940429688 247.62234497070312
538.9674072265625 247.47584533691406
554.1350708007812 247.31651306152344
569.8645629882812 247.051513671875
586.419921875 246.7279815673828
603.6503295898438 246.56820678710938
621.650146484375 246.40093994140625
640.6224975585938 246.1706085205078
660.4996948242188 245.83697509765625
499.708984375 268.4433288574219
513.0185546875 268.5799560546875
526.8435668945312 268.7730712890625
541.3458251953125 269.102783203125
556.4212646484375 269.35064697265625
572.1207275390625 269.5595703125
588.5238647460938 269.7591857910156
605.62060546875 270.16156005859375
623.5896606445312 270.46490478515625
642.447021484375 270.6798095703125
662.1994018554688 271.1435241699219
502.1950378417969 288.49755859375
515.4601440429688 289.1647033691406
529.2382202148438 289.65289306640625
543.5940551757812 290.426025390625
558.5535888671875 291.1084289550781
574.2832641601562 291.7204284667969
590.5172119140625 292.5216369628906
607.6065063476562 293.3700866699219
625.4227905273438 294.2018737792969
644.2018432617188 295.0087890625
663.6805419921875 295.8424072265625
504.619140625 308.3466796875
517.7744140625 309.37091064453125
531.5504760742188 310.3653564453125
545.8035278320312 311.4295654296875
560.75 312.54736328125
576.3185424804688 313.6403503417969
592.562255859375 314.8915100097656
609.4934692382812 316.2599182128906
627.3093872070312 317.5066833496094
645.74755859375 318.87725830078125
665.3514404296875 320.3742370605469
507.03643798828125 327.85260009765625
520.2210083007812 329.2793273925781
533.7979736328125 330.6195068359375
548.1316528320312 332.1939697265625
562.8802490234375 333.647705078125
578.43505859375 335.3473205566406
594.5354614257812 336.9119567871094
611.4405517578125 338.670166015625
629.020751953125 340.5310363769531
647.5098266601562 342.42529296875
666.7737426757812 344.4277648925781
509.425537109375 347.1802062988281
522.5001831054688 348.8459167480469
536.1698608398438 350.6891174316406
550.3347778320312 352.5496520996094
565.1279296875 354.5244140625
580.4722900390625 356.547607421875
596.5390014648438 358.6227722167969
613.351806640625 360.8177185058594
630.7483520507812 363.1893615722656
649.2223510742188 365.5342102050781
668.4063720703125 368.0386657714844
511.7331848144531 366.2582092285156
524.7442626953125 368.2946472167969
538.4053955078125 370.4387512207031
552.498291015625 372.6752624511719
567.2403564453125 375.0478515625
582.5136108398438 377.4648132324219
598.5020141601562 379.9797668457031
615.2581787109375 382.6127624511719
632.583251953125 385.4123840332031
650.7617797851562 388.2132263183594
669.8696899414062 391.2259826660156
514.0787963867188 384.8510437011719
527.1475830078125 387.37762451171875
540.5633544921875 389.85711669921875
554.6484375 392.4926452636719
569.29541015625 395.2395935058594
584.5571899414062 398.04473876953125
600.4817504882812 400.9443359375
617.144287109375 404.0103454589844
634.4078369140625 407.1632080078125
652.518310546875 410.46893310546875
671.462158203125 413.8367919921875