1 720 1333
391.4002990722656 63.72782516479492
411.66796875 70.19110870361328
431.91448974609375 76.55687713623047
452.1404724121094 82.93461608886719
472.1393737792969 89.38429260253906
492.099609375 95.7338638305664
511.81689453125 102.1536636352539
531.549560546875 108.43211364746094
551.1868286132812 114.66561126708984
570.5733032226562 120.98285675048828
589.8206176757812 127.24486541748047
383.70245361328125 79.56822967529297
404.2969055175781 86.00686645507812
424.7486877441406 92.45030212402344
445.1951904296875 98.84988403320312
465.4535827636719 105.33222198486328
485.636962890625 111.67623138427734
505.6529846191406 118.06257629394531
525.5996704101562 124.39984893798828
545.460693359375 130.64756774902344
565.1427001953125 136.9396209716797
584.6141357421875 143.244140625
375.8575134277344 95.73323059082031
396.67608642578125 102.25482940673828
417.49224853515625 108.66571807861328
438.1363525390625 115.17994689941406
458.6389465332031 121.5537109375
479.1230773925781 128.01809692382812
499.4090881347656 134.39012145996094
519.5858764648438 140.69000244140625
539.609375 146.96705627441406
559.5287475585938 153.31497192382812
579.3441772460938 159.53826904296875
367.8248291015625 112.3761215209961
388.9965515136719 118.79474639892578
409.9488220214844 125.34627532958984
430.8783264160156 131.76161193847656
451.6651306152344 138.2556915283203
472.3919372558594 144.65496826171875
492.9352722167969 151.0749053955078
513.3842163085938 157.41790771484375
533.6716918945312 163.65931701660156
553.8042602539062 170.0184783935547
573.8134155273438 176.27191162109375
359.6570129394531 129.34368896484375
381.1305236816406 135.802490234375
402.3570556640625 142.3632354736328
423.5489807128906 148.79454040527344
444.5954284667969 155.34368896484375
465.5766296386719 161.74520874023438
486.38916015625 168.1765899658203
507.0949401855469 174.50759887695312
527.6078491210938 180.77491760253906
548.0156860351562 187.1648712158203
568.2999877929688 193.38430786132812
351.3924865722656 146.71498107910156
372.95819091796875 153.2890625
394.5608215332031 159.77513122558594
415.993408203125 166.3440399169922
437.40594482421875 172.78659057617188
458.5488586425781 179.28309631347656
479.6579895019531 185.6346893310547
500.602783203125 192.03872680664062
521.405029296875 198.36460876464844
542.05810546875 204.61285400390625
562.5510864257812 210.8589324951172
342.791015625 164.5307159423828
364.70599365234375 171.09494018554688
386.6108703613281 177.61141967773438
408.359619140625 184.22169494628906
429.99658203125 190.64976501464844
451.4296875 197.19822692871094
472.78863525390625 203.56051635742188
494.0225830078125 209.95883178710938
515.0680541992188 216.33560180664062
535.9566040039062 222.57823181152344
556.7239379882812 228.7924346923828
334.1943664550781 182.7498321533203
356.3440856933594 189.39332580566406
378.4681701660156 195.9219207763672
400.4881286621094 202.48910522460938
422.4203186035156 209.04397583007812
444.1942138671875 215.5038299560547
465.7651062011719 221.90785217285156
487.2799987792969 228.3673858642578
508.5926818847656 234.6702117919922
529.72509765625 240.99392700195312
550.7055053710938 247.28512573242188