1 720 1333
549.5245361328125 136.54771423339844
564.2265625 150.1755828857422
578.6657104492188 163.54147338867188
593.0031127929688 176.75721740722656
607.1647338867188 189.90174865722656
621.1298217773438 202.81536865234375
634.867431640625 215.6201629638672
648.5382690429688 228.31524658203125
662.05908203125 240.74319458007812
675.3807983398438 253.19578552246094
688.50244140625 265.4073791503906
536.80078125 151.0091552734375
551.5563354492188 164.4701690673828
566.1311645507812 177.7476806640625
580.4918212890625 190.94308471679688
594.6697998046875 203.9182586669922
608.6893920898438 216.77450561523438
622.5877075195312 229.50225830078125
636.3577270507812 242.09390258789062
649.8785400390625 254.4849090576172
663.329833984375 266.7369079589844
676.5332641601562 278.9043273925781
524.1722412109375 165.43484497070312
538.9285888671875 178.7345733642578
553.549072265625 192.0371856689453
567.9925537109375 205.11334228515625
582.315673828125 218.01185607910156
596.4111938476562 230.7210693359375
610.3633422851562 243.406005859375
624.1797485351562 255.83079528808594
637.7442626953125 268.2266845703125
651.273681640625 280.4029846191406
664.534423828125 292.4425048828125
511.4931335449219 179.81607055664062
526.3681030273438 193.18214416503906
541.0303344726562 206.300537109375
555.5245971679688 219.28472900390625
569.8309936523438 232.08316040039062
584.0807495117188 244.71583557128906
598.0848388671875 257.3097839355469
611.9020385742188 269.6394348144531
625.6077270507812 281.8808898925781
639.20947265625 294.0244445800781
652.5316162109375 305.9957580566406
498.7779846191406 194.31832885742188
513.7315673828125 207.4691162109375
528.5094604492188 220.5102081298828
543.110107421875 233.42030334472656
557.4865112304688 246.16712951660156
571.6963500976562 258.6876525878906
585.7676391601562 271.1954040527344
599.7036743164062 283.46435546875
613.5177612304688 295.6040344238281
627.1517333984375 307.6234130859375
640.54248046875 319.5136413574219
486.23529052734375 208.67874145507812
501.2381591796875 221.79507446289062
516.0264282226562 234.7244110107422
530.6392822265625 247.54534912109375
545.1660766601562 260.24755859375
559.4354858398438 272.6722106933594
573.5614013671875 285.0843811035156
587.54833984375 297.3044738769531
601.4120483398438 309.3810119628906
615.08984375 321.3013000488281
628.5844116210938 333.1044006347656
473.5999450683594 223.17385864257812
488.6383056640625 236.15200805664062
503.5479431152344 248.9986572265625
518.2908935546875 261.6773376464844
532.7506103515625 274.2975769042969
547.1961669921875 286.6520690917969
561.4061279296875 298.9242858886719
575.4432373046875 311.1114501953125
589.3511352539062 323.0559997558594
603.09033203125 334.86920166015625
616.6134643554688 346.5887451171875
461.0492858886719 237.52890014648438
476.22308349609375 250.46934509277344
491.132568359375 263.2550048828125
505.8761291503906 275.79473876953125
520.5061645507812 288.3391418457031
534.90234375 300.5829162597656
549.249267578125 312.78369140625
563.34423828125 324.7937316894531
577.3255615234375 336.7178039550781
591.0859985351562 348.4794921875
604.6796875 360.12664794921875