1 720 1333
546.4356689453125 146.24693298339844
558.097900390625 152.66932678222656
569.8494262695312 159.3468017578125
582.0225830078125 166.13771057128906
594.3992919921875 173.07757568359375
607.0659790039062 180.2058868408203
619.973388671875 187.40525817871094
633.2828369140625 194.79119873046875
646.724609375 202.37640380859375
660.6302490234375 210.21688842773438
674.8125 218.16969299316406
537.6282958984375 160.45101928710938
549.1549682617188 167.05467224121094
560.8704223632812 173.78530883789062
572.8389892578125 180.71791076660156
585.1814575195312 187.8072052001953
597.6436767578125 195.05526733398438
610.510986328125 202.47390747070312
623.5703735351562 210.0260467529297
637.050537109375 217.73939514160156
650.7308959960938 225.70655822753906
664.8372802734375 233.84735107421875
528.8038940429688 174.5775146484375
540.2704467773438 181.4051971435547
551.8118896484375 188.28822326660156
563.7230224609375 195.3617401123047
575.8660888671875 202.54165649414062
588.3468017578125 209.96929931640625
601.0112915039062 217.51608276367188
613.9986572265625 225.2791748046875
627.272216796875 233.1871795654297
640.8701171875 241.3115692138672
654.7929077148438 249.56747436523438
520.1563720703125 188.74871826171875
531.348876953125 195.6380157470703
542.8515625 202.7012176513672
554.5864868164062 209.9141845703125
566.6385498046875 217.33895874023438
578.9246215820312 224.7931365966797
591.5363159179688 232.56710815429688
604.3828125 240.4490966796875
617.55908203125 248.52500915527344
631.0516357421875 256.783203125
644.8284912109375 265.3250427246094
511.3463134765625 202.8336944580078
522.5234375 209.881591796875
533.8375244140625 217.12786865234375
545.5441284179688 224.4842071533203
557.4573364257812 232.01031494140625
569.6203002929688 239.70968627929688
582.0892333984375 247.55484008789062
594.812744140625 255.60891723632812
607.7997436523438 263.8083190917969
621.2584838867188 272.3506774902344
634.8465576171875 280.97540283203125
502.62255859375 216.93971252441406
513.5781860351562 224.19796752929688
524.947509765625 231.4844970703125
536.4844970703125 239.0213165283203
548.3375244140625 246.6912078857422
560.3399658203125 254.53858947753906
572.6475219726562 262.5758056640625
585.3038330078125 270.74615478515625
598.225830078125 279.2445068359375
611.4352416992188 287.7835388183594
624.97998046875 296.60369873046875
493.900146484375 231.01837158203125
504.82574462890625 238.34605407714844
516.0403442382812 245.8197021484375
527.4705200195312 253.5083770751953
539.1646728515625 261.36041259765625
551.093505859375 269.37921142578125
563.3201293945312 277.5299072265625
575.7494506835938 285.8736572265625
588.5402221679688 294.47869873046875
601.6399536132812 303.28204345703125
615.0936279296875 312.3090515136719
485.2972412109375 245.02647399902344
496.12176513671875 252.5218048095703
507.17816162109375 260.1505432128906
518.47265625 267.9493408203125
530.0498657226562 275.94464111328125
541.8336791992188 284.13134765625
553.94384765625 292.4596862792969
566.3726806640625 301.00616455078125
579.038330078125 309.6994934082031
592.02001953125 318.66326904296875
605.313720703125 327.82415771484375