1 720 1333
608.3982543945312 112.7547836303711
626.4393310546875 107.5033187866211
643.34423828125 102.58181762695312
659.3511962890625 97.90043640136719
674.3514404296875 93.57659149169922
688.5903930664062 89.49686431884766
701.95263671875 85.57820892333984
714.7914428710938 81.88814544677734
726.8637084960938 78.43647766113281
738.4567260742188 75.19163513183594
749.272705078125 72.00254821777344
620.5010375976562 140.39686584472656
637.9361572265625 134.35128784179688
654.4295043945312 128.64132690429688
669.8621215820312 123.35320281982422
684.5902099609375 118.35252380371094
698.3340454101562 113.5610580444336
711.5173950195312 109.06015014648438
723.7841186523438 104.76673126220703
735.7135620117188 100.75070190429688
746.7775268554688 96.92512512207031
757.5685424804688 93.3349380493164
632.3330688476562 167.47837829589844
649.3607177734375 160.6156005859375
665.31103515625 154.29539489746094
680.4192504882812 148.30093383789062
694.5714721679688 142.55838012695312
708.0805053710938 137.2672119140625
720.7213745117188 132.20408630371094
732.9163818359375 127.37117767333984
744.3515625 122.72787475585938
755.3363037109375 118.4537124633789
765.5853271484375 114.38655853271484
644.0413208007812 194.0702667236328
660.4780883789062 186.53546142578125
676.029296875 179.46546936035156
690.6072387695312 172.74093627929688
704.5121459960938 166.49415588378906
717.5369873046875 160.5214080810547
729.9422607421875 154.87750244140625
741.692138671875 149.5249786376953
752.9395141601562 144.4547882080078
763.5110473632812 139.6078338623047
773.5979614257812 135.06951904296875
655.5121459960938 220.16452026367188
671.4577026367188 211.86221313476562
686.5567016601562 204.2056121826172
700.7271728515625 196.87001037597656
714.269775390625 189.90988159179688
726.9244995117188 183.46055603027344
739.0570678710938 177.25747680664062
750.4564208984375 171.395263671875
761.4212646484375 165.74734497070312
771.5799560546875 160.51004028320312
781.529052734375 155.48341369628906
666.6817626953125 245.78065490722656
682.3314208984375 236.82582092285156
696.8656616210938 228.51878356933594
710.7363891601562 220.54885864257812
723.742431640625 213.15599060058594
736.230712890625 205.9607696533203
747.81982421875 199.33258056640625
759.0792846679688 192.87962341308594
769.586181640625 186.83718872070312
779.7020874023438 181.13021850585938
789.2398071289062 175.631103515625
677.780029296875 271.0005187988281
692.8687744140625 261.4386901855469
707.1483764648438 252.4193878173828
720.4853515625 243.88417053222656
733.2317504882812 235.80477905273438
745.2381591796875 228.29359436035156
756.5984497070312 221.03073120117188
767.437744140625 214.17001342773438
777.751708984375 207.60887145996094
787.4990844726562 201.4378204345703
796.8158569335938 195.4996795654297
688.6343383789062 295.7422790527344
703.3538208007812 285.5160217285156
717.1172485351562 275.8667297363281
730.1426391601562 266.80133056640625
742.4658203125 258.2571105957031
754.170166015625 250.12828063964844
765.1893920898438 242.40142822265625
775.6696166992188 235.07643127441406
785.6420288085938 228.11842346191406
795.2266235351562 221.44810485839844
804.2745971679688 215.1406707763672