1 720 1333
553.888427734375 223.65594482421875
568.3019409179688 223.82861328125
582.9042358398438 224.1129913330078
597.9636840820312 224.33192443847656
613.3810424804688 224.4723358154297
629.1555786132812 224.62718200683594
645.3033447265625 224.83323669433594
661.7413940429688 225.1948699951172
678.6240844726562 225.4296875
696.0242919921875 225.62615966796875
713.6878662109375 225.97996520996094
556.4720458984375 240.37530517578125
570.6213989257812 240.60134887695312
585.24658203125 241.0169677734375
600.131103515625 241.4311981201172
615.3837280273438 241.7285614013672
630.9545288085938 242.2794189453125
646.8908081054688 242.58023071289062
663.356689453125 243.11123657226562
680.0432739257812 243.56927490234375
697.2460327148438 244.0943603515625
714.6908569335938 244.54042053222656
558.8615112304688 256.5375671386719
573.018798828125 257.16455078125
587.4204711914062 257.5878601074219
602.2423706054688 258.2578125
617.3235473632812 258.72100830078125
632.704345703125 259.41070556640625
648.5801391601562 260.04119873046875
664.7112426757812 260.615966796875
681.4038696289062 261.3866882324219
698.3778686523438 262.06964111328125
715.6604614257812 262.6952819824219
561.3165893554688 272.51055908203125
575.3396606445312 273.2865905761719
589.5546875 273.8984375
604.2410278320312 274.63690185546875
619.1990966796875 275.4478454589844
634.5145263671875 276.31658935546875
650.2259521484375 277.09442138671875
666.3055419921875 277.8507995605469
682.6049194335938 278.7321472167969
699.4783325195312 279.6155700683594
716.5518798828125 280.5458984375
563.67724609375 288.21136474609375
577.4801025390625 289.0268249511719
591.6832275390625 289.8497009277344
606.2018432617188 290.7613830566406
621.0755615234375 291.7252197265625
636.2505493164062 292.7035827636719
651.70751953125 293.6839599609375
667.6212158203125 294.73248291015625
683.8853149414062 295.77362060546875
700.5234375 296.855224609375
717.5520629882812 298.0389099121094
565.92041015625 303.49322509765625
579.71044921875 304.527587890625
593.7061157226562 305.569580078125
608.1852416992188 306.64373779296875
622.8165893554688 307.73388671875
637.8595581054688 308.93365478515625
653.33203125 310.1490783691406
669.0833129882812 311.34796142578125
685.181396484375 312.53759765625
701.6138916015625 313.7272033691406
718.4426879882812 315.1336364746094
568.316650390625 318.5435791015625
581.8372802734375 319.7305603027344
595.782958984375 320.9989929199219
610.0552368164062 322.2669982910156
624.642822265625 323.5206604003906
639.5487060546875 324.7248229980469
654.766845703125 326.1711730957031
670.45068359375 327.48175048828125
686.4188232421875 328.8487854003906
702.6175537109375 330.34625244140625
719.3720092773438 331.7148132324219
570.4729614257812 333.3844299316406
583.9852905273438 334.6621398925781
597.752685546875 336.0888977050781
611.9396362304688 337.4943542480469
626.4340209960938 338.8415832519531
641.264892578125 340.3922119140625
656.3450927734375 341.7716064453125
671.7347412109375 343.39715576171875
687.5741577148438 344.850341796875
703.7031860351562 346.46026611328125
720.251953125 348.10711669921875