1 720 1333
598.309814453125 392.94757080078125
617.181396484375 395.5780029296875
636.4035034179688 398.33349609375
655.9390258789062 400.9999694824219
675.9354248046875 403.7120666503906
696.3370361328125 406.5529479980469
716.97314453125 409.3609924316406
737.9404296875 412.22314453125
759.3878784179688 415.1592102050781
781.1788330078125 418.0170593261719
803.2855224609375 420.9940490722656
598.30859375 411.821533203125
616.9058227539062 414.6270446777344
635.9834594726562 417.4474792480469
655.424072265625 420.34393310546875
675.2608032226562 423.2601623535156
695.3601684570312 426.16912841796875
715.7200927734375 429.13958740234375
736.5831298828125 432.1350402832031
757.6799926757812 435.1759338378906
779.338623046875 438.2785339355469
801.2347412109375 441.34503173828125
598.3045654296875 430.413330078125
616.6893920898438 433.3172607421875
635.6010131835938 436.29583740234375
654.7946166992188 439.3082580566406
674.4783935546875 442.3292236328125
694.40283203125 445.3900451660156
714.6109619140625 448.4794006347656
735.2892456054688 451.6300048828125
756.2645874023438 454.80743408203125
777.48095703125 458.0132751464844
799.2080078125 461.34014892578125
598.2741088867188 448.60235595703125
616.559814453125 451.6471252441406
635.3193969726562 454.71307373046875
654.3744506835938 457.88037109375
673.6661987304688 461.1243591308594
693.4273071289062 464.3186340332031
713.4951171875 467.5044860839844
733.8594970703125 470.7650146484375
754.5753784179688 474.13165283203125
775.6802368164062 477.4766540527344
797.2218017578125 480.8273010253906
598.2515258789062 466.48138427734375
616.4263305664062 469.6505432128906
634.8658447265625 472.85986328125
653.7337646484375 476.1737365722656
672.9722900390625 479.48291015625
692.5023803710938 482.7823181152344
712.4046630859375 486.18402099609375
732.5368041992188 489.57177734375
753.1396484375 493.0679626464844
773.9420166015625 496.50958251953125
795.2555541992188 500.1071472167969
598.2330932617188 484.0358581542969
616.2632446289062 487.3813781738281
634.5393676757812 490.65447998046875
653.2977294921875 494.1026611328125
672.309326171875 497.4956359863281
691.5504760742188 500.9402770996094
711.2977905273438 504.46600341796875
731.286865234375 508.0300598144531
751.5548706054688 511.5858459472656
772.3118286132812 515.241455078125
793.3212280273438 518.8696899414062
598.23388671875 501.3204040527344
616.0350952148438 504.6868896484375
634.255126953125 508.2110595703125
652.6580200195312 511.6436462402344
671.5476684570312 515.2290649414062
690.6382446289062 518.7542114257812
710.2499389648438 522.4121704101562
729.9658203125 526.0787353515625
750.1754760742188 529.753662109375
770.570068359375 533.5149536132812
791.4240112304688 537.3261108398438
598.16552734375 518.2698364257812
615.7853393554688 521.7546997070312
633.7840576171875 525.3761596679688
652.2616577148438 528.9282836914062
670.7952270507812 532.5961303710938
689.7656860351562 536.2989501953125
709.2052612304688 539.9839477539062
728.6984252929688 543.7550048828125
748.6460571289062 547.5872802734375
768.9442749023438 551.4408569335938
789.5565185546875 555.367431640625