1 720 1333
335.6048278808594 71.12366485595703
367.4865417480469 72.4084701538086
397.9603271484375 73.63365936279297
427.2747802734375 74.99752044677734
455.2979431152344 76.35393524169922
482.169677734375 77.57849884033203
507.9111022949219 78.85831451416016
532.6643676757812 80.18069458007812
556.4730834960938 81.36534118652344
579.29931640625 82.52708435058594
601.1974487304688 83.68498992919922
340.99017333984375 99.33348083496094
372.7962951660156 99.90726470947266
403.38079833984375 100.62667846679688
432.6173400878906 101.4553451538086
460.6421203613281 102.24547576904297
487.50970458984375 102.89142608642578
513.2921752929688 103.6348648071289
538.0279541015625 104.435302734375
561.710693359375 105.19913482666016
584.4876098632812 105.83610534667969
606.3861694335938 106.58963012695312
346.4755554199219 127.65735626220703
378.3568420410156 127.70891571044922
408.8183288574219 127.80140686035156
438.1529235839844 128.06643676757812
466.15008544921875 128.30572509765625
492.9610595703125 128.45533752441406
518.6524658203125 128.5957794189453
543.3844604492188 128.82144165039062
567.0640869140625 129.089599609375
589.7621459960938 129.42788696289062
611.5841674804688 129.5884552001953
352.07086181640625 156.4522705078125
383.87554931640625 155.75173950195312
414.4573669433594 155.36851501464844
443.6423645019531 154.8362274169922
471.6485900878906 154.49771118164062
498.45367431640625 154.17160034179688
524.16796875 153.70578002929688
548.73583984375 153.48635864257812
572.4303588867188 153.23751831054688
595.1100463867188 152.9237823486328
616.8597412109375 152.7185821533203
357.7023010253906 185.35501098632812
389.5895690917969 184.11695861816406
420.1268615722656 182.89183044433594
449.3138427734375 181.80084228515625
477.2530517578125 180.8294677734375
503.9698181152344 179.89413452148438
529.60302734375 179.10211181640625
554.2437744140625 178.2734832763672
577.7549438476562 177.43838500976562
600.4147338867188 176.63943481445312
622.1896362304688 176.039794921875
363.53094482421875 214.46075439453125
395.40618896484375 212.52471923828125
425.8206481933594 210.6754913330078
454.97369384765625 209.0979461669922
482.8382873535156 207.49630737304688
509.5424499511719 205.88864135742188
535.1810913085938 204.48619079589844
559.6427612304688 203.11978149414062
583.2490234375 201.6901397705078
605.7521362304688 200.53179931640625
627.492919921875 199.42843627929688
369.3944091796875 243.69737243652344
401.2830505371094 241.18618774414062
431.6084899902344 238.67800903320312
460.7042541503906 236.42417907714844
488.5425720214844 234.2318878173828
515.181640625 232.08567810058594
540.6223754882812 230.0773162841797
565.1716918945312 228.14256286621094
588.6097412109375 226.32302856445312
611.2057495117188 224.5419921875
632.7380981445312 222.8457794189453
375.39154052734375 273.2519226074219
407.16668701171875 269.9290771484375
437.50970458984375 266.7884826660156
466.5218200683594 263.8424377441406
494.3293762207031 261.0914001464844
520.7481079101562 258.3905944824219
546.2736206054688 255.70936584472656
570.6433715820312 253.3246612548828
594.106689453125 250.8948516845703
616.517333984375 248.6646728515625
638.1907348632812 246.55760192871094