1 720 1333
704.1121826171875 404.7355651855469
724.8317260742188 402.8562316894531
745.4047241210938 401.02716064453125
765.5744018554688 399.21307373046875
785.55419921875 397.3725280761719
805.1495361328125 395.5000915527344
824.4961547851562 393.69415283203125
843.5791625976562 391.9076843261719
862.4634399414062 390.2619934082031
880.9769287109375 388.49188232421875
899.354736328125 386.6840515136719
704.0968017578125 424.6862487792969
724.6140747070312 422.68768310546875
744.9425048828125 420.71954345703125
765.0270385742188 418.73992919921875
784.6880493164062 416.8206481933594
804.2863159179688 414.93121337890625
823.4328002929688 413.04608154296875
842.4039916992188 411.2178955078125
861.031982421875 409.3697814941406
879.45751953125 407.46160888671875
897.5581665039062 405.6292724609375
704.0874633789062 444.33514404296875
724.4776611328125 442.3041687011719
744.5469360351562 440.1706848144531
764.4496459960938 438.1460876464844
783.949462890625 436.06292724609375
803.2953491210938 434.0275573730469
822.3861694335938 432.01507568359375
841.142822265625 430.0539245605469
859.6341552734375 428.1329345703125
877.8557739257812 426.21185302734375
895.91650390625 424.2460021972656
704.0009765625 463.5118408203125
724.2937622070312 461.3714294433594
744.2197875976562 459.24884033203125
763.76806640625 457.03961181640625
783.2799682617188 454.8617858886719
802.4033813476562 452.72259521484375
821.2679443359375 450.64947509765625
839.8275146484375 448.589599609375
858.3578491210938 446.5364685058594
876.4489135742188 444.4979248046875
894.3270874023438 442.47808837890625
704.0101928710938 482.3972473144531
723.9926147460938 480.13934326171875
743.703125 477.8016357421875
763.3069458007812 475.5731506347656
782.5132446289062 473.3897705078125
801.4729614257812 471.2178039550781
820.2874145507812 468.9250793457031
838.6392822265625 466.7554931640625
856.916015625 464.6358947753906
874.8634033203125 462.5196228027344
892.65478515625 460.40924072265625
703.9910888671875 500.7589416503906
723.7640991210938 498.50701904296875
743.4098510742188 496.15460205078125
762.6597290039062 493.782958984375
781.714111328125 491.4761657714844
800.5700073242188 489.2334289550781
819.1767578125 486.8699645996094
837.5084228515625 484.6500244140625
855.5828247070312 482.4829406738281
873.46728515625 480.2421875
891.0551147460938 478.0123291015625
703.98095703125 518.900634765625
723.607421875 516.5169067382812
743.0624389648438 514.1045532226562
762.2256469726562 511.6454162597656
781.1271362304688 509.3071594238281
799.6683959960938 506.8534240722656
818.1898803710938 504.53955078125
836.3447875976562 502.2328796386719
854.318359375 499.8541564941406
871.9067993164062 497.54205322265625
889.4454345703125 495.30908203125
704.0040283203125 536.6605834960938
723.48974609375 534.239990234375
742.5881958007812 531.7109375
761.6251831054688 529.267578125
780.401611328125 526.7141723632812
798.823486328125 524.3223876953125
817.1153564453125 521.7869873046875
835.1740112304688 519.3880004882812
852.856201171875 516.9982299804688
870.4826049804688 514.56005859375
887.7368774414062 512.253173828125