1 720 1333
532.2684936523438 245.5320587158203
547.80126953125 255.6797637939453
563.3665771484375 265.8279724121094
578.7144775390625 275.88531494140625
594.1358032226562 285.9604797363281
609.3916015625 295.9037780761719
624.5569458007812 305.82781982421875
639.6693725585938 315.6656188964844
654.6514892578125 325.5416564941406
669.5947875976562 335.26800537109375
684.4713745117188 344.9146728515625
525.9995727539062 258.1243591308594
541.3199462890625 268.11590576171875
556.5208129882812 277.98187255859375
571.6735229492188 287.8477783203125
586.780517578125 297.666015625
601.7489624023438 307.4773864746094
616.7021484375 317.2022399902344
631.5823364257812 326.8110046386719
646.3733520507812 336.4599914550781
661.0861206054688 345.98876953125
675.6290283203125 355.4286804199219
519.9510498046875 270.3048400878906
535.02587890625 280.03924560546875
550.0108642578125 289.7209777832031
564.8736572265625 299.42706298828125
579.7153930664062 309.0220642089844
594.4965209960938 318.5829162597656
609.2164306640625 328.1455383300781
623.759033203125 337.5353088378906
638.3635864257812 347.0126647949219
652.75537109375 356.33892822265625
667.19921875 365.5767517089844
514.1898193359375 282.0253601074219
528.925048828125 291.5672607421875
543.6453857421875 301.0899658203125
558.35986328125 310.5553283691406
572.9058837890625 319.958251953125
587.466552734375 329.36431884765625
601.8826904296875 338.6365966796875
616.3162231445312 347.94000244140625
630.5574951171875 357.2149353027344
644.775146484375 366.33746337890625
658.9345703125 375.4042053222656
508.5480041503906 293.35107421875
523.1439208984375 302.68121337890625
537.5748291015625 312.0460510253906
552.0086669921875 321.33544921875
566.3873291015625 330.5565185546875
580.6178588867188 339.6845397949219
594.8818969726562 348.83135986328125
609.0471801757812 357.9457702636719
623.114501953125 367.0399475097656
637.1463623046875 375.9393005371094
651.0921020507812 384.8219299316406
503.1717224121094 304.3287048339844
517.4703369140625 313.4937744140625
531.6715698242188 322.5944519042969
545.8836669921875 331.69696044921875
560.040771484375 340.7273254394531
574.1203002929688 349.75244140625
588.1458129882812 358.6882629394531
602.0291748046875 367.6251525878906
615.853271484375 376.4814453125
629.6517333984375 385.3099365234375
643.4071655273438 393.9676513671875
497.8884582519531 314.8487548828125
512.0064086914062 323.85076904296875
526.06591796875 332.8291931152344
540.0120239257812 341.72894287109375
553.9153442382812 350.6321105957031
567.7227783203125 359.4599914550781
581.5427856445312 368.2820129394531
595.2919311523438 376.9319763183594
608.8937377929688 385.6448974609375
622.4971313476562 394.264892578125
636.0368041992188 402.7480773925781
492.8127136230469 325.1453857421875
506.69732666015625 333.97491455078125
520.54052734375 342.7237243652344
534.332275390625 351.51025390625
547.9990234375 360.24249267578125
561.6419067382812 368.81793212890625
575.2567138671875 377.4432373046875
588.726806640625 385.9698791503906
602.2307739257812 394.48516845703125
615.588134765625 402.8493957519531
628.8685302734375 411.2635498046875