1 720 1333
496.0097961425781 81.57598114013672
505.3132629394531 98.56861114501953
514.6088256835938 115.69990539550781
524.02197265625 132.93948364257812
533.4981079101562 150.32557678222656
542.9558715820312 167.7253875732422
552.5914916992188 185.32139587402344
562.2454223632812 202.93565368652344
571.8706665039062 220.68087768554688
581.6253662109375 238.6018829345703
591.4903564453125 256.55584716796875
478.5359191894531 91.7637939453125
487.6947937011719 108.765869140625
497.02099609375 125.86901092529297
506.37298583984375 143.1684112548828
515.7097778320312 160.52761840820312
525.2329711914062 177.92161560058594
534.6563720703125 195.55209350585938
544.305908203125 213.1892852783203
553.83349609375 230.96444702148438
563.553466796875 248.80044555664062
573.3341064453125 266.7750244140625
461.1376953125 101.89226531982422
470.2602233886719 118.9076919555664
479.4730529785156 136.0854034423828
488.682373046875 153.36898803710938
498.07025146484375 170.64578247070312
507.4393310546875 188.20982360839844
516.8314819335938 205.6761932373047
526.3811645507812 223.41905212402344
535.8868408203125 241.16110229492188
545.53271484375 259.0497131347656
555.2747192382812 277.0262756347656
443.6952819824219 112.10100555419922
452.7623291015625 129.08689880371094
461.8807373046875 146.25808715820312
471.1377258300781 163.46275329589844
480.3916931152344 180.8368682861328
489.69970703125 198.33709716796875
499.1133728027344 215.8724365234375
508.527587890625 233.53919982910156
518.026611328125 251.35177612304688
527.5704956054688 269.2557678222656
537.258056640625 287.2202453613281
426.4176940917969 122.19185638427734
435.42333984375 139.24241638183594
444.4938049316406 156.35455322265625
453.5732116699219 173.63150024414062
462.78118896484375 190.97879028320312
472.0700988769531 208.47372436523438
481.4060974121094 226.05055236816406
490.738525390625 243.70013427734375
500.2357482910156 261.4739074707031
509.7055969238281 279.3935852050781
519.3152465820312 297.3897399902344
409.1682434082031 132.34083557128906
418.0768127441406 149.33807373046875
427.0635070800781 166.48809814453125
436.1809997558594 183.69073486328125
445.3078308105469 201.13470458984375
454.50079345703125 218.56072998046875
463.7281188964844 236.21226501464844
473.0851135253906 253.81826782226562
482.45556640625 271.59503173828125
491.8431091308594 289.52215576171875
501.4126281738281 307.52679443359375
391.8919982910156 142.3716278076172
400.7629699707031 159.43309020996094
409.6590270996094 176.50973510742188
418.6853942871094 193.80264282226562
427.82354736328125 211.23907470703125
436.95062255859375 228.6560516357422
446.2441711425781 246.2988739013672
455.47265625 263.9227294921875
464.7373046875 281.73065185546875
474.22894287109375 299.59503173828125
483.6225891113281 317.61102294921875
374.7818298339844 152.45706176757812
383.5622253417969 169.443603515625
392.46209716796875 186.571044921875
401.4190673828125 203.83282470703125
410.4406433105469 221.28411865234375
419.5574035644531 238.74061584472656
428.699462890625 256.349609375
437.9427490234375 274.05987548828125
447.2394714355469 291.7715148925781
456.56353759765625 309.684814453125
465.9282531738281 327.67291259765625