1 720 1333
407.5240783691406 105.39468383789062
420.36944580078125 109.94251251220703
433.4430847167969 114.64189910888672
446.61639404296875 119.39848327636719
460.11700439453125 124.27156829833984
473.6846923828125 129.1546173095703
487.55718994140625 134.1304931640625
501.5301513671875 139.1788330078125
515.7135009765625 144.31109619140625
530.2213134765625 149.498046875
544.8010864257812 154.72158813476562
405.4406433105469 121.76322937011719
418.2198791503906 126.47893524169922
431.06195068359375 131.20042419433594
444.218017578125 136.02578735351562
457.4565124511719 140.88641357421875
470.94189453125 145.8480682373047
484.5986022949219 150.9117889404297
498.4594421386719 156.03900146484375
512.4580078125 161.24313354492188
526.7127075195312 166.47335815429688
541.230712890625 171.7942657470703
403.43756103515625 137.86338806152344
415.9469299316406 142.58116149902344
428.7236328125 147.43304443359375
441.68212890625 152.33116149902344
454.8656005859375 157.3090057373047
468.2364196777344 162.36090087890625
481.6697082519531 167.42123413085938
495.4095764160156 172.59402465820312
509.2807312011719 177.80093383789062
523.3501586914062 183.17742919921875
537.5919799804688 188.5006103515625
401.44000244140625 153.70565795898438
413.8492431640625 158.5229034423828
426.508544921875 163.4159393310547
439.3712158203125 168.3843536376953
452.3484802246094 173.39620971679688
465.51129150390625 178.4656219482422
478.8370056152344 183.6001434326172
492.408935546875 188.8063201904297
506.09539794921875 194.1766815185547
519.9990844726562 199.4922332763672
534.1561279296875 204.90267944335938
399.4672546386719 169.28720092773438
411.75653076171875 174.15960693359375
424.3297424316406 179.07635498046875
437.02911376953125 184.12625122070312
449.83758544921875 189.18580627441406
462.8193664550781 194.3278350830078
476.1302185058594 199.49708557128906
489.47320556640625 204.73504638671875
502.99200439453125 210.17787170410156
516.7588500976562 215.52957153320312
530.6835327148438 221.0350799560547
397.5721130371094 184.56602478027344
409.7381286621094 189.48226928710938
422.2357177734375 194.49464416503906
434.6834411621094 199.51531982421875
447.4656982421875 204.65589904785156
460.3563232421875 209.83203125
473.3841247558594 215.14955139160156
486.57733154296875 220.42044067382812
499.9913024902344 225.83164978027344
513.5723876953125 231.3157958984375
527.4063720703125 236.80763244628906
395.698974609375 199.55340576171875
407.7496337890625 204.53839111328125
420.0842590332031 209.567626953125
432.4886169433594 214.66021728515625
445.0917053222656 219.8290557861328
457.7638854980469 225.12828063964844
470.7109069824219 230.4255828857422
483.8122253417969 235.767578125
497.0562438964844 241.2724609375
510.544921875 246.74822998046875
524.1420288085938 252.35067749023438
393.8825988769531 214.36289978027344
405.7934265136719 219.35121154785156
417.94744873046875 224.4319305419922
430.31097412109375 229.56080627441406
442.7313537597656 234.78587341308594
455.36114501953125 240.0899658203125
468.20709228515625 245.45321655273438
481.12286376953125 250.8065185546875
494.24200439453125 256.3857421875
507.5230712890625 261.85369873046875
521.058349609375 267.5479431152344