1 720 1333
661.5250854492188 199.48941040039062
674.6770629882812 201.64744567871094
687.4793090820312 203.7257537841797
699.8703002929688 205.7900390625
711.8778076171875 207.7732391357422
723.5714721679688 209.7507781982422
734.9053955078125 211.652587890625
745.9816284179688 213.51878356933594
756.685546875 215.35293579101562
767.1539306640625 217.15391540527344
777.2970581054688 218.80239868164062
660.3048095703125 215.9990692138672
673.44677734375 217.9043731689453
686.229248046875 219.77081298828125
698.5427856445312 221.61419677734375
710.5638427734375 223.4147186279297
722.3069458007812 225.17503356933594
733.5953369140625 226.78036499023438
744.619873046875 228.44305419921875
755.428466796875 230.08778381347656
765.7310180664062 231.6142120361328
775.869873046875 233.1799774169922
658.93994140625 232.4599609375
672.152587890625 234.20616149902344
684.799072265625 235.72267150878906
697.3035888671875 237.3719024658203
709.3247680664062 238.8578338623047
720.9334716796875 240.427734375
732.3506469726562 241.82872009277344
743.3883666992188 243.32785034179688
754.1090087890625 244.67259216308594
764.5175170898438 246.11805725097656
774.56884765625 247.4236297607422
657.6837768554688 248.82955932617188
670.7821044921875 250.3311309814453
683.5733032226562 251.6409454345703
695.9602661132812 253.0767364501953
707.9900512695312 254.38674926757812
719.6123046875 255.60658264160156
731.0810546875 256.8861389160156
742.0301513671875 258.15325927734375
752.7703247070312 259.370849609375
763.1961669921875 260.4783630371094
773.383056640625 261.60040283203125
656.4461669921875 265.2479248046875
669.5733032226562 266.396728515625
682.3450927734375 267.5157470703125
694.6737670898438 268.620849609375
706.6461181640625 269.697509765625
718.464111328125 270.7695007324219
729.6647338867188 271.8009338378906
740.7457885742188 272.85516357421875
751.4750366210938 273.78643798828125
761.8375854492188 274.78466796875
771.9556884765625 275.6981506347656
655.28662109375 281.4837951660156
668.378662109375 282.4275207519531
681.1322021484375 283.3671569824219
693.4463500976562 284.2642822265625
705.4617919921875 285.13323974609375
717.1107177734375 285.868896484375
728.482421875 286.704345703125
739.4498901367188 287.52813720703125
750.2515258789062 288.4090576171875
760.5488891601562 289.1453857421875
770.6679077148438 289.8031311035156
653.982421875 297.605712890625
667.1959838867188 298.3984680175781
679.767578125 299.010009765625
692.2418212890625 299.6355895996094
704.2219848632812 300.38775634765625
715.7954711914062 300.946533203125
727.1630249023438 301.5585021972656
738.2141723632812 302.2558898925781
748.783935546875 302.6898193359375
759.2954711914062 303.3964538574219
769.35400390625 303.8360595703125
652.7459716796875 313.7151184082031
665.8477783203125 314.28228759765625
678.5774536132812 314.6121826171875
690.9247436523438 315.1693420410156
702.8704223632812 315.5280456542969
714.5099487304688 315.91192626953125
725.781005859375 316.4044189453125
736.791259765625 316.6522521972656
747.5001220703125 317.2240295410156
757.8464965820312 317.50714111328125
767.9223022460938 317.8011169433594