1 720 1333
203.09463500976562 146.1298828125
228.2940673828125 139.37371826171875
253.2626495361328 132.6121368408203
278.010498046875 126.10885620117188
302.5863342285156 119.5315933227539
326.9074401855469 113.18201446533203
351.0686340332031 106.7900390625
374.93145751953125 100.61051177978516
398.6034851074219 94.50789642333984
422.05145263671875 88.50289916992188
445.24237060546875 82.57189178466797
214.75128173828125 170.57801818847656
239.5677032470703 163.74180603027344
264.2284851074219 156.98814392089844
288.5808410644531 150.38951110839844
312.7302551269531 143.79608154296875
336.74578857421875 137.395751953125
360.53289794921875 131.03062438964844
384.09710693359375 124.69672393798828
407.4356994628906 118.57353210449219
430.5185546875 112.54068756103516
453.3832702636719 106.54086303710938
226.2599334716797 194.3934326171875
250.62356567382812 187.54368591308594
274.85699462890625 180.7447052001953
298.9228820800781 174.15106201171875
322.74835205078125 167.53773498535156
346.4220275878906 161.0414276123047
369.8284912109375 154.62066650390625
393.1175231933594 148.35296630859375
416.1097412109375 142.13754272460938
438.7952575683594 136.0230712890625
461.3835144042969 129.9654541015625
237.45375061035156 217.64366149902344
261.4830627441406 210.74551391601562
285.4151611328125 203.9777069091797
309.11639404296875 197.31222534179688
332.5557861328125 190.6427764892578
355.85107421875 184.19285583496094
378.9786376953125 177.6864776611328
401.8518981933594 171.40335083007812
424.5458984375 165.18820190429688
446.9658203125 158.9630584716797
469.20172119140625 152.84042358398438
248.45455932617188 240.34536743164062
272.1795654296875 233.44232177734375
295.6134033203125 226.6141357421875
318.98382568359375 219.85641479492188
342.2236633300781 213.27781677246094
365.1678771972656 206.67294311523438
387.92706298828125 200.28565979003906
410.48358154296875 193.83004760742188
432.7885437011719 187.58770751953125
454.9613037109375 181.3986358642578
476.8179626464844 175.2580108642578
259.222900390625 262.4501037597656
282.51812744140625 255.53358459472656
305.69287109375 248.70809936523438
328.6977233886719 241.96554565429688
351.59771728515625 235.3570556640625
374.2379455566406 228.71218872070312
396.6942443847656 222.28004455566406
418.87384033203125 215.80917358398438
440.943359375 209.49024963378906
462.71868896484375 203.26107788085938
484.35589599609375 197.04800415039062
269.6408996582031 284.031494140625
292.66845703125 277.1344909667969
315.5589599609375 270.2885437011719
338.3007507324219 263.4983825683594
360.7314758300781 256.7869567871094
383.1791687011719 250.2335205078125
405.2690734863281 243.66366577148438
427.2320556640625 237.25863647460938
448.8169860839844 230.82106018066406
470.3678283691406 224.5338134765625
491.5885009765625 218.3586883544922
279.97967529296875 305.0981140136719
302.6209411621094 298.18634033203125
325.2647705078125 291.31097412109375
347.56036376953125 284.512939453125
369.7973937988281 277.7629089355469
391.7833557128906 271.2438659667969
413.6315612792969 264.6042785644531
435.2701721191406 258.1330871582031
456.6137390136719 251.68914794921875
477.733642578125 245.38731384277344
498.7142333984375 239.0991973876953