1 720 1333
594.8042602539062 257.08782958984375
610.779296875 259.6541748046875
627.2516479492188 262.322998046875
643.9252319335938 265.0569763183594
661.184326171875 267.82537841796875
678.6978149414062 270.73101806640625
696.6958618164062 273.7046203613281
715.2341918945312 276.78118896484375
734.0355224609375 279.9196472167969
753.3925170898438 283.2025451660156
773.154052734375 286.47796630859375
593.735595703125 275.25823974609375
609.6072998046875 278.0145568847656
625.8217163085938 280.83831787109375
642.4734497070312 283.7620849609375
659.521240234375 286.7872009277344
676.8712158203125 289.8821716308594
694.725341796875 293.1054382324219
712.9763793945312 296.37518310546875
731.6687622070312 299.6894226074219
750.764892578125 303.1531677246094
770.4071655273438 306.6474914550781
592.6842041015625 293.1558532714844
608.4637451171875 296.1040344238281
624.489013671875 299.18548583984375
640.9861450195312 302.2802734375
657.7902221679688 305.4681091308594
675.19384765625 308.73828125
692.732177734375 312.1134948730469
710.8361206054688 315.5949401855469
729.3538208007812 319.18914794921875
748.3217163085938 322.7298889160156
767.6098022460938 326.4771423339844
591.6713256835938 310.7467041015625
607.2800903320312 313.890380859375
623.2470703125 317.18035888671875
639.4882202148438 320.4598083496094
656.2933959960938 323.88287353515625
673.3622436523438 327.3544616699219
690.8141479492188 330.909423828125
708.7010498046875 334.547607421875
727.0789794921875 338.322998046875
745.729248046875 342.1261901855469
764.9061889648438 346.0266418457031
590.6141967773438 328.1648864746094
606.154541015625 331.49639892578125
621.8104248046875 334.8712158203125
638.0916137695312 338.400390625
654.5819091796875 341.9463806152344
671.58544921875 345.6264953613281
688.8612670898438 349.3728942871094
706.6393432617188 353.23931884765625
724.725830078125 357.1471252441406
743.3721313476562 361.15411376953125
762.2905883789062 365.2144470214844
589.6079711914062 345.3066711425781
604.8975219726562 348.7433166503906
620.5641479492188 352.3710021972656
636.6072998046875 356.0303039550781
653.1310424804688 359.7498474121094
669.802978515625 363.5823974609375
687.0581665039062 367.5281982421875
704.5689697265625 371.53521728515625
722.5348510742188 375.6070251464844
740.8485107421875 379.7423095703125
759.6299438476562 384.0126953125
588.6196899414062 362.1629333496094
603.7702026367188 365.7650146484375
619.3948974609375 369.5583801269531
635.2883911132812 373.4152526855469
651.5214233398438 377.31475830078125
668.1978759765625 381.3157653808594
685.2154541015625 385.3754577636719
702.5474853515625 389.4941101074219
720.3411254882812 393.7539978027344
738.4850463867188 398.0832214355469
757.1052856445312 402.4911804199219
587.62548828125 378.6717529296875
602.6929931640625 382.5665588378906
618.1357421875 386.4488220214844
633.840087890625 390.4642028808594
649.9901733398438 394.52984619140625
666.5145874023438 398.6329040527344
683.3703002929688 402.8476257324219
700.5703125 407.2023010253906
718.1737670898438 411.5218811035156
736.1945190429688 416.02801513671875
754.5359497070312 420.5640869140625