1 720 1333
717.2803955078125 221.94898986816406
738.2846069335938 217.18576049804688
758.7243041992188 212.49337768554688
778.7767944335938 207.917236328125
798.4976806640625 203.48080444335938
817.6705322265625 199.14752197265625
836.5330200195312 194.8162078857422
855.0421752929688 190.6250762939453
873.1363525390625 186.5274200439453
890.7053833007812 182.5237579345703
908.1004028320312 178.5956573486328
721.038818359375 245.0050048828125
741.7352905273438 240.0999298095703
762.0714111328125 235.26998901367188
781.8515625 230.4609832763672
801.354248046875 225.78372192382812
820.3676147460938 221.3140869140625
838.949462890625 216.7813720703125
857.2786254882812 212.46151733398438
875.1851806640625 208.1752471923828
892.5953369140625 203.9771728515625
909.7338256835938 199.8309783935547
724.6688232421875 267.6606750488281
745.2635498046875 262.5198059082031
765.297607421875 257.4896240234375
784.8783569335938 252.57215881347656
804.1232299804688 247.71975708007812
822.8923950195312 243.0226593017578
841.4013671875 238.39913940429688
859.4280395507812 233.7987823486328
877.2151489257812 229.41615295410156
894.4735107421875 225.0279541015625
911.433349609375 220.73861694335938
728.3753662109375 289.90142822265625
748.5939331054688 284.60736083984375
768.4805908203125 279.3850402832031
787.8236694335938 274.3196716308594
806.8601684570312 269.3232727050781
825.4534912109375 264.4120178222656
843.6688842773438 259.582763671875
861.5506591796875 254.8725128173828
879.216064453125 250.29588317871094
896.3026123046875 245.7147979736328
913.1238403320312 241.33062744140625
731.8436279296875 311.7522277832031
751.9338989257812 306.2848815917969
771.5181274414062 300.8493957519531
790.7262573242188 295.5811767578125
809.516357421875 290.43377685546875
827.9688720703125 285.40093994140625
845.9771118164062 280.434326171875
863.6639404296875 275.5244140625
881.047607421875 270.7395935058594
898.0331420898438 266.115966796875
914.6240844726562 261.4894104003906
735.4138793945312 333.2137145996094
755.2366943359375 327.53076171875
774.5853881835938 321.95819091796875
793.527587890625 316.53173828125
812.22998046875 311.2371826171875
830.3740844726562 306.0014343261719
848.27734375 300.8275451660156
865.6363525390625 295.8336181640625
882.8803100585938 290.8815002441406
899.6380004882812 286.12896728515625
916.2804565429688 281.3480224609375
738.75634765625 354.2337951660156
758.4075927734375 348.3817138671875
777.5130615234375 342.6332702636719
796.3682250976562 337.094970703125
814.66650390625 331.5667419433594
832.7366333007812 326.2445983886719
850.3969116210938 320.908203125
867.6578979492188 315.7223205566406
884.6307373046875 310.68743896484375
901.3784790039062 305.658203125
917.5716552734375 300.79248046875
742.156494140625 374.7265625
761.4785766601562 368.80255126953125
780.455078125 362.9368896484375
799.0648803710938 357.2287292480469
817.2722778320312 351.5586242675781
834.9944458007812 346.0544738769531
852.4892578125 340.58233642578125
869.5889282226562 335.3017883300781
886.4410400390625 330.0674133300781
902.76318359375 324.9433898925781
919.0056762695312 319.8536376953125