1 720 1333
693.9251098632812 292.2941589355469
708.5650634765625 293.1985778808594
723.49560546875 294.1148681640625
738.7040405273438 295.06622314453125
754.3295288085938 296.0301513671875
770.2579956054688 297.0583190917969
786.47705078125 298.0534973144531
803.100830078125 299.1218566894531
820.0533447265625 300.1711120605469
837.4190673828125 301.2862854003906
855.200439453125 302.37322998046875
690.3289794921875 306.47314453125
704.9219360351562 307.5216369628906
719.9798583984375 308.60675048828125
735.3352661132812 309.711669921875
750.9553833007812 310.8905334472656
766.93603515625 312.1374816894531
783.3184814453125 313.34368896484375
800.0242919921875 314.48651123046875
817.12646484375 315.66595458984375
834.577392578125 317.00592041015625
852.4635620117188 318.3445129394531
686.516845703125 320.8808898925781
701.31396484375 322.20440673828125
716.3994750976562 323.4612121582031
731.7516479492188 324.6866760253906
747.5352172851562 326.1072692871094
763.6192626953125 327.4425964355469
780.0975952148438 328.75146484375
796.869140625 330.2569274902344
814.1024169921875 331.5834655761719
831.6619262695312 333.087158203125
849.6522827148438 334.5611267089844
682.6627197265625 335.6142272949219
697.5364990234375 337.077392578125
712.6956176757812 338.4888000488281
728.2467651367188 339.9872741699219
744.1124267578125 341.47943115234375
760.2638549804688 343.0533447265625
776.7481689453125 344.56927490234375
793.7006225585938 346.23724365234375
810.98974609375 347.73834228515625
828.7056884765625 349.4648742675781
846.826171875 351.1970520019531
678.765380859375 350.5701904296875
693.7196044921875 352.2303161621094
708.9682006835938 353.7622375488281
724.5758666992188 355.46685791015625
740.4954833984375 357.2264404296875
756.7608032226562 358.83282470703125
773.4443969726562 360.62139892578125
790.4817504882812 362.4333190917969
807.8457641601562 364.2782897949219
825.6661376953125 366.1515808105469
843.932861328125 368.0245056152344
674.84423828125 365.7710876464844
689.8358764648438 367.5345153808594
705.2315673828125 369.4046325683594
720.8206176757812 371.25469970703125
736.8720092773438 373.1353454589844
753.2841796875 375.0220031738281
770.0581665039062 376.91754150390625
787.1890869140625 378.91064453125
804.6650390625 380.9434814453125
822.580078125 383.1036682128906
840.98681640625 385.2518005371094
670.7960205078125 381.2554016113281
685.8945922851562 383.2076110839844
701.3362426757812 385.2391052246094
717.1192016601562 387.25726318359375
733.2325439453125 389.338134765625
749.654541015625 391.421630859375
766.5231323242188 393.5647888183594
783.7893676757812 395.74786376953125
801.4176025390625 398.038330078125
819.4833374023438 400.3464660644531
837.937744140625 402.638671875
666.76171875 396.8082275390625
681.8795166015625 398.9986267089844
697.4142456054688 401.2032775878906
713.2831420898438 403.4449768066406
729.467041015625 405.7010498046875
745.9864501953125 408.08013916015625
762.9879150390625 410.4601135253906
780.3305053710938 412.8307189941406
798.0985107421875 415.36212158203125
816.3048706054688 417.8597106933594
834.8701782226562 420.500732421875