1 720 1333
772.7415771484375 251.5218505859375
790.588623046875 251.2986297607422
808.4155883789062 250.92218017578125
826.3307495117188 250.605712890625
844.2410278320312 250.3926544189453
862.2368774414062 250.07354736328125
880.2965087890625 249.6739044189453
898.38916015625 249.4258270263672
916.5394897460938 249.10011291503906
934.7291870117188 248.6807403564453
953.0088500976562 248.42738342285156
774.0484008789062 263.2893371582031
792.1596069335938 262.9104919433594
810.327880859375 262.6166687011719
828.5108032226562 262.42840576171875
846.7562255859375 262.170654296875
865.1566162109375 261.7336730957031
883.5250244140625 261.4971923828125
901.990234375 261.2538757324219
920.50341796875 260.75958251953125
939.0975952148438 260.5009460449219
957.6517944335938 260.2610168457031
775.3359375 275.40057373046875
793.7293090820312 275.1508483886719
812.28955078125 274.7799987792969
830.8162231445312 274.5586242675781
849.4869995117188 274.3743591308594
868.1694946289062 273.99688720703125
886.8622436523438 273.66619873046875
905.6920776367188 273.43646240234375
924.5917358398438 273.06658935546875
943.5173950195312 272.66217041015625
962.4927978515625 272.4493103027344
776.6011962890625 287.9996032714844
795.427978515625 287.6689758300781
814.3260498046875 287.5072937011719
833.244140625 287.2887878417969
852.2784423828125 286.936767578125
871.290283203125 286.650146484375
890.445556640625 286.441162109375
909.5777587890625 286.1463928222656
928.8270874023438 285.6689453125
948.1865234375 285.4656066894531
967.5228271484375 285.1986999511719
777.9017944335938 301.2041015625
797.1954956054688 300.8238220214844
816.406005859375 300.60321044921875
835.6929321289062 300.424560546875
855.1534423828125 300.2379455566406
874.5431518554688 299.8056640625
894.0613403320312 299.5898742675781
913.6210327148438 299.34307861328125
933.2952880859375 298.9375305175781
952.964111328125 298.64678955078125
972.6542358398438 298.4394836425781
779.3927612304688 314.7516784667969
798.9006958007812 314.55133056640625
818.6056518554688 314.4193420410156
838.3111572265625 314.1763916015625
858.1068725585938 313.79876708984375
877.9110107421875 313.601806640625
897.7994995117188 313.3972473144531
917.8009643554688 313.117919921875
937.8435668945312 312.7044372558594
957.9528198242188 312.4845275878906
978.1268310546875 312.3125915527344
780.744873046875 329.08245849609375
800.7645874023438 328.7445068359375
820.8363647460938 328.5762939453125
840.9799194335938 328.4295349121094
861.2188720703125 328.2574157714844
881.43603515625 327.91497802734375
901.7157592773438 327.64617919921875
922.18310546875 327.4469299316406
942.604248046875 327.2070007324219
963.1785888671875 326.8930358886719
983.6758422851562 326.60235595703125
782.3396606445312 343.7673645019531
802.7010498046875 343.6233825683594
823.26513671875 343.4873046875
843.735107421875 343.3305358886719
864.4049682617188 343.1177978515625
885.087890625 342.82379150390625
905.797119140625 342.59356689453125
926.6511840820312 342.4430847167969
947.569091796875 342.2794189453125
968.5067138671875 341.9476318359375
989.4865112304688 341.6644287109375