1 720 1333
593.1825561523438 234.8860321044922
614.8760375976562 232.78665161132812
637.05224609375 230.6829376220703
659.5032958984375 228.5701904296875
682.3925170898438 226.46249389648438
705.5341796875 224.37017822265625
729.134033203125 222.20420837402344
752.9987182617188 219.98690795898438
777.2512817382812 217.7576446533203
801.734375 215.58541870117188
826.6834106445312 213.40225219726562
595.8915405273438 257.60589599609375
617.519287109375 255.65701293945312
639.5056762695312 253.72808837890625
661.7784423828125 251.8018341064453
684.5414428710938 249.86741638183594
707.5537109375 247.98439025878906
730.955322265625 246.02655029296875
754.6294555664062 244.09019470214844
778.6976928710938 242.1088409423828
803.2020874023438 240.11634826660156
827.8329467773438 238.0679168701172
598.6209106445312 279.96417236328125
620.1644287109375 278.3096008300781
641.917236328125 276.52294921875
664.1959228515625 274.7273864746094
686.6696166992188 273.08868408203125
709.5775146484375 271.3691101074219
732.7791137695312 269.5442199707031
756.41796875 267.729736328125
780.29150390625 265.99554443359375
804.4649658203125 264.22930908203125
829.0067749023438 262.37939453125
601.3494262695312 302.0761413574219
622.631103515625 300.5423583984375
644.4039306640625 298.9837646484375
666.4281616210938 297.4745788574219
688.8341064453125 295.8642883300781
711.5424194335938 294.3902587890625
734.6162109375 292.7227478027344
757.9660034179688 291.2428283691406
781.6632690429688 289.5527038574219
805.6822509765625 287.875
830.1211547851562 286.3448791503906
603.9616088867188 323.7484436035156
625.2286376953125 322.4800720214844
646.681640625 321.20806884765625
668.6414184570312 319.7154541015625
690.8956298828125 318.4463806152344
713.5042114257812 317.0493469238281
736.4336547851562 315.60205078125
759.5923461914062 314.2944641113281
783.1541137695312 312.7477722167969
806.9312744140625 311.38092041015625
831.159912109375 309.7870788574219
606.583984375 345.33831787109375
627.6395263671875 344.22869873046875
649.1651611328125 343.00677490234375
670.8140869140625 341.7591247558594
693.0042114257812 340.56048583984375
715.3964233398438 339.4490661621094
738.1679077148438 338.2663879394531
761.1962280273438 336.876220703125
784.5013427734375 335.6344299316406
808.1860961914062 334.4099426269531
832.1922607421875 333.1042175292969
609.2325439453125 366.4472351074219
630.19677734375 365.5218505859375
651.4222412109375 364.49835205078125
673.070556640625 363.5189208984375
694.9769897460938 362.4652404785156
717.2990112304688 361.46197509765625
739.7301635742188 360.4052429199219
762.6299438476562 359.31982421875
785.7381591796875 358.2594299316406
809.3553466796875 357.0572814941406
833.1232299804688 355.8245544433594
611.7740478515625 387.34918212890625
632.5418090820312 386.4870300292969
653.669921875 385.6388854980469
675.2337036132812 384.8050842285156
696.9430541992188 383.9568786621094
719.0484619140625 383.1315612792969
741.4348754882812 382.2423400878906
764.1677856445312 381.24774169921875
787.1674194335938 380.3560485839844
810.4049072265625 379.32171630859375
833.9556884765625 378.3678894042969