1 720 1333
701.695556640625 37.8205680847168
695.1741943359375 64.38538360595703
688.7891845703125 90.20995330810547
682.66064453125 115.31976318359375
676.6997680664062 139.7165069580078
670.9225463867188 163.50326538085938
665.3551635742188 186.6392822265625
659.7752685546875 209.2200164794922
654.4765625 231.17674255371094
649.3799438476562 252.5519561767578
644.3709716796875 273.4571533203125
684.2479858398438 34.31109619140625
678.1248168945312 60.265254974365234
672.1511840820312 85.53519439697266
666.3592529296875 110.15125274658203
660.704833984375 134.1477813720703
655.284912109375 157.44869995117188
649.8887329101562 180.19082641601562
644.7110595703125 202.31582641601562
639.6689453125 223.8798065185547
634.7854614257812 244.92123413085938
630.1087646484375 265.4859924316406
667.5651245117188 30.838008880615234
661.7251586914062 56.335121154785156
656.1903076171875 81.06898498535156
650.63525390625 105.24891662597656
645.3869018554688 128.67745971679688
640.27978515625 151.64578247070312
635.2222900390625 173.94105529785156
630.3231201171875 195.70730590820312
625.5057373046875 216.92820739746094
620.8528442382812 237.6434326171875
616.4527587890625 257.8661804199219
651.5617065429688 27.62656021118164
646.1991577148438 52.532508850097656
640.8281860351562 76.77887725830078
635.6639404296875 100.48597717285156
630.6726684570312 123.57512664794922
625.7195434570312 146.0450439453125
621.0464477539062 168.02413940429688
616.4066162109375 189.42176818847656
611.7952880859375 210.30377197265625
607.510986328125 230.64903259277344
603.3079833984375 250.55455017089844
636.4382934570312 24.585939407348633
631.234619140625 48.90700912475586
626.26025390625 72.73661041259766
621.3450927734375 96.01374053955078
616.5416259765625 118.61235046386719
611.96826171875 140.71026611328125
607.4336547851562 162.3017578125
603.0800170898438 183.3730926513672
598.7474365234375 203.84567260742188
594.6422729492188 223.92787170410156
590.627197265625 243.52706909179688
621.6939697265625 21.627168655395508
616.8759155273438 45.52744674682617
612.143798828125 68.82608795166016
607.532958984375 91.63917541503906
603.0953369140625 113.88391876220703
598.6351318359375 135.60719299316406
594.4619140625 156.82745361328125
590.3055419921875 177.5349578857422
586.2586059570312 197.73826599121094
582.3432006835938 217.4984893798828
578.5339965820312 236.76556396484375
607.7890014648438 18.814634323120117
603.1327514648438 42.268653869628906
598.6369018554688 65.19908142089844
594.3116455078125 87.52511596679688
589.9935302734375 109.39244842529297
585.9647827148438 130.6980438232422
581.8735961914062 151.56797790527344
578.013427734375 171.9413299560547
574.2213134765625 191.84033203125
570.478515625 211.33697509765625
566.8869018554688 230.3283233642578
594.3590087890625 16.168825149536133
589.9252319335938 39.199127197265625
585.6602783203125 61.55271530151367
581.5596923828125 83.57618713378906
577.5833129882812 105.03792572021484
573.6387939453125 126.03409576416016
569.8778686523438 146.51754760742188
566.232177734375 166.5998992919922
562.576171875 186.20213317871094
559.174560546875 205.37796020507812
555.7200317382812 224.042724609375