1 720 1333
623.6771850585938 436.5472106933594
637.6715087890625 442.6494140625
652.0508422851562 448.88568115234375
666.6568603515625 455.3128662109375
681.719482421875 461.78900146484375
697.1686401367188 468.542236328125
712.8964233398438 475.3885192871094
729.1620483398438 482.38934326171875
745.693603515625 489.4996337890625
762.7379150390625 496.8341369628906
780.2411499023438 504.4183654785156
615.1091918945312 450.87237548828125
629.0782470703125 457.2859802246094
643.4534912109375 463.7148742675781
658.1717529296875 470.4131164550781
673.2743530273438 477.2328186035156
688.663330078125 484.1553039550781
704.5574340820312 491.2844543457031
720.8037109375 498.5204772949219
737.5245971679688 505.93603515625
754.6329345703125 513.6095581054688
772.25830078125 521.5203247070312
606.2711791992188 465.49163818359375
620.3273315429688 472.1376037597656
634.6797485351562 478.7784729003906
649.475830078125 485.712158203125
664.596923828125 492.7689208984375
680.13330078125 500.0862121582031
696.0111083984375 507.4488525390625
712.3980712890625 515.0366821289062
729.160888671875 522.7529296875
746.3807373046875 530.7409057617188
763.99072265625 538.9105834960938
597.271240234375 480.41522216796875
611.3282470703125 487.25909423828125
625.706787109375 494.2784729003906
640.509521484375 501.4266052246094
655.718505859375 508.73297119140625
671.312255859375 516.3301391601562
687.3185424804688 523.9957885742188
703.66357421875 531.8421630859375
720.5313110351562 540.0018310546875
737.7780151367188 548.3133544921875
755.5869750976562 556.8047485351562
588.0879516601562 495.54217529296875
602.237060546875 502.6399841308594
616.6044921875 509.89813232421875
631.4656372070312 517.41259765625
646.6589965820312 525.060302734375
662.3529663085938 532.8604125976562
678.3773193359375 540.8792724609375
694.7850341796875 549.1327514648438
711.6959838867188 557.51611328125
729.1268920898438 566.2560424804688
746.9430541992188 575.1324462890625
578.7036743164062 511.02459716796875
592.779296875 518.4212036132812
607.3438720703125 526.0023803710938
622.2281494140625 533.71728515625
637.482666015625 541.6796264648438
653.153076171875 549.8178100585938
669.259765625 558.2430419921875
685.7225952148438 566.7113037109375
702.7223510742188 575.5330200195312
720.2359008789062 584.57763671875
738.2086181640625 593.82373046875
569.1884155273438 526.7870483398438
583.3284912109375 534.4952392578125
597.73779296875 542.3766479492188
612.6864624023438 550.43310546875
628.05712890625 558.6682739257812
643.7125854492188 567.2047119140625
659.8695068359375 575.8150634765625
676.5262451171875 584.7367553710938
693.5438842773438 593.8858032226562
711.1201171875 603.35107421875
729.164794921875 612.983642578125
559.3826904296875 542.9052734375
573.5344848632812 550.8616333007812
588.0931396484375 559.0899047851562
603.0463256835938 567.48046875
618.392578125 576.1179809570312
634.1991577148438 584.8616943359375
650.4055786132812 593.9080810546875
667.0360717773438 603.247314453125
684.2196044921875 612.7198486328125
701.744873046875 622.5267333984375
719.8892822265625 632.5804443359375