1 720 1333
600.9375 217.7091827392578
616.4058227539062 217.82542419433594
632.1950073242188 218.0012969970703
648.25732421875 218.24240112304688
664.6310424804688 218.3708953857422
681.4849243164062 218.52935791015625
698.6434326171875 218.64852905273438
716.334228515625 218.85287475585938
734.2778930664062 219.2171630859375
752.5452880859375 219.4114227294922
771.3836059570312 219.6110076904297
601.480712890625 235.32083129882812
616.7108764648438 235.52001953125
632.4736938476562 235.78982543945312
648.460693359375 236.26138305664062
664.7437133789062 236.53587341308594
681.4732055664062 236.9136962890625
698.5532836914062 237.40431213378906
716.03173828125 237.68658447265625
733.79638671875 238.2691192626953
752.1790771484375 238.6026611328125
770.7218627929688 239.21250915527344
601.8582153320312 252.50833129882812
617.204833984375 253.00534057617188
632.649169921875 253.48756408691406
648.574951171875 254.0626983642578
664.8126831054688 254.56723022460938
681.5023803710938 255.22459411621094
698.4725341796875 255.68359375
715.7628173828125 256.4176025390625
733.5158081054688 257.058837890625
751.6224975585938 257.6571350097656
770.2227172851562 258.4210205078125
602.4157104492188 269.60302734375
617.4974365234375 270.3483581542969
632.9552612304688 270.91998291015625
648.69921875 271.6224365234375
664.9502563476562 272.46612548828125
681.4718017578125 273.2824401855469
698.3964233398438 273.97161865234375
715.567138671875 274.70916748046875
733.2421264648438 275.60516357421875
751.233154296875 276.4948425292969
769.5532836914062 277.44415283203125
602.7591552734375 286.5038146972656
617.8313598632812 287.3870849609375
633.3091430664062 288.2915954589844
648.95458984375 289.17303466796875
665.0723876953125 290.0417175292969
681.4781494140625 290.9876403808594
698.2639770507812 291.9737548828125
715.4026489257812 292.9610290527344
732.7556762695312 294.0412902832031
750.6390380859375 295.15692138671875
768.926025390625 296.2447509765625
603.3513793945312 303.29278564453125
618.2723999023438 304.3299255371094
633.5409545898438 305.35198974609375
649.2191772460938 306.4091796875
665.2202758789062 307.47467041015625
681.4464721679688 308.5503845214844
698.1881103515625 309.70758056640625
715.1439819335938 310.95550537109375
732.4793090820312 312.25390625
750.2805786132812 313.4646301269531
768.4263305664062 314.6617126464844
603.640625 319.69842529296875
618.5785522460938 320.9096984863281
633.7114868164062 322.2389221191406
649.3794555664062 323.4356689453125
665.239990234375 324.62884521484375
681.4517822265625 325.9957580566406
697.9859008789062 327.3551025390625
714.8592529296875 328.6592102050781
732.1934204101562 330.1568298339844
749.7078857421875 331.5291442871094
767.6856079101562 332.9692077636719
604.1947021484375 336.10845947265625
618.8446044921875 337.47833251953125
634.0569458007812 338.7784729003906
649.5114135742188 340.31292724609375
665.3461303710938 341.6876525878906
681.4149780273438 343.2289123535156
697.8016967773438 344.6521911621094
714.6099853515625 346.2844543457031
731.7562255859375 347.7255554199219
749.3196411132812 349.43133544921875
767.2249755859375 351.0149841308594