1 720 1333
629.515869140625 230.25308227539062
647.5758666992188 226.63217163085938
665.4417114257812 223.1873016357422
682.7673950195312 219.7237091064453
700.0047607421875 216.40008544921875
716.757568359375 213.11871337890625
733.3663940429688 209.83616638183594
749.5486450195312 206.70535278320312
765.4756469726562 203.63626098632812
781.0991821289062 200.54994201660156
796.4134521484375 197.57879638671875
630.4581909179688 247.49876403808594
648.299072265625 243.83767700195312
665.6837768554688 240.29879760742188
682.8402099609375 236.72520446777344
699.7111206054688 233.33819580078125
716.3801879882812 229.9076385498047
732.5286254882812 226.6368408203125
748.5408325195312 223.41329956054688
764.3192138671875 220.2208709716797
779.5836181640625 217.0811309814453
794.6696166992188 214.02316284179688
631.4161987304688 264.20758056640625
648.8204345703125 260.463134765625
666.0635375976562 256.779541015625
682.9547729492188 253.24655151367188
699.5330810546875 249.7110137939453
715.767333984375 246.27127075195312
731.7921142578125 242.8361053466797
747.559326171875 239.54005432128906
763.1296997070312 236.2949676513672
778.25830078125 233.1105194091797
793.1297607421875 229.8892364501953
632.3385009765625 280.36328125
649.4891357421875 276.5351867675781
666.4244384765625 272.78875732421875
683.0552368164062 269.1980895996094
699.3780517578125 265.5829772949219
715.415771484375 262.071044921875
731.2155151367188 258.5845947265625
746.6292114257812 255.2313232421875
761.8462524414062 251.861572265625
776.7887573242188 248.55897521972656
791.4838256835938 245.3852081298828
633.2385864257812 295.94073486328125
650.1263427734375 292.12481689453125
666.6737670898438 288.353515625
683.1314086914062 284.5712585449219
699.2261962890625 280.9139404296875
714.9136352539062 277.3961486816406
730.4803466796875 273.81707763671875
745.7179565429688 270.39385986328125
760.7115478515625 266.98583984375
775.4932250976562 263.5839538574219
789.9896850585938 260.3131408691406
634.0774536132812 311.12139892578125
650.60986328125 307.218505859375
667.0784912109375 303.3434753417969
683.2055053710938 299.5496826171875
698.9329223632812 295.8164367675781
714.5119018554688 292.2304382324219
729.7342529296875 288.60467529296875
744.8370361328125 285.0915832519531
759.604736328125 281.6208190917969
774.2427978515625 278.21014404296875
788.4481201171875 274.7994689941406
634.8093872070312 325.6916198730469
651.2846069335938 321.7425842285156
667.375244140625 317.8587341308594
683.2461547851562 314.0438537597656
698.7376708984375 310.302734375
714.1392822265625 306.551025390625
729.2025146484375 302.8878173828125
743.9579467773438 299.3751220703125
758.5318603515625 295.7773132324219
772.8151245117188 292.328857421875
786.9025268554688 288.81903076171875
635.6355590820312 339.86309814453125
651.7349243164062 335.9073791503906
667.5996704101562 331.95379638671875
683.3234252929688 328.114013671875
698.5889892578125 324.3038024902344
713.6505126953125 320.51226806640625
728.5040893554688 316.76458740234375
743.20849609375 313.1875915527344
757.476318359375 309.5414123535156
771.57568359375 306.00286865234375
785.474365234375 302.507080078125