1 720 1333
663.5641479492188 457.6174011230469
681.3856201171875 459.7787170410156
699.1461181640625 461.9224548339844
716.9456176757812 464.0958251953125
734.8134765625 466.2435607910156
752.7183227539062 468.3832702636719
770.6919555664062 470.47344970703125
788.7098388671875 472.5508117675781
806.7378540039062 474.6029052734375
824.8505859375 476.7159729003906
842.9912109375 478.824462890625
661.3023071289062 474.4179992675781
679.2880859375 476.5963439941406
697.3712158203125 478.765380859375
715.4343872070312 481.03277587890625
733.5728759765625 483.2575988769531
751.70458984375 485.4093017578125
769.968017578125 487.5340270996094
788.3388671875 489.68487548828125
806.5540771484375 491.85150146484375
824.93212890625 494.0693664550781
843.3447265625 496.2437744140625
658.851806640625 491.59619140625
677.1970825195312 493.869140625
695.4664306640625 496.20562744140625
713.8050537109375 498.4505920410156
732.3119506835938 500.6527099609375
750.6582641601562 502.9063415527344
769.259521484375 505.2105712890625
787.7130126953125 507.3924255371094
806.406005859375 509.5714416503906
825.0099487304688 511.8095397949219
843.6078491210938 514.0698852539062
656.4453125 509.3733825683594
674.9212036132812 511.6630859375
693.536865234375 514.0363159179688
712.2507934570312 516.3989868164062
730.8792724609375 518.6542358398438
749.6011352539062 520.9769897460938
768.4486083984375 523.321044921875
787.3101196289062 525.5745849609375
806.2046508789062 527.8394165039062
825.0734252929688 530.2134399414062
843.9922485351562 532.4910278320312
653.9117431640625 527.5917358398438
672.6885986328125 530.0018920898438
691.5557250976562 532.446533203125
710.5302734375 534.7883911132812
729.4931640625 537.2762451171875
748.5012817382812 539.58984375
767.57958984375 541.9489135742188
786.6618041992188 544.3743286132812
805.8174438476562 546.6395263671875
825.1390991210938 549.1201171875
844.3807983398438 551.4697875976562
651.3707885742188 546.4606323242188
670.4259643554688 548.8958129882812
689.5403442382812 551.4050903320312
708.7252807617188 553.8546752929688
728.052978515625 556.390869140625
747.3740234375 558.7567138671875
766.682861328125 561.3013916015625
786.2396850585938 563.6656494140625
805.6119384765625 566.1495361328125
825.1869506835938 568.5590209960938
844.66259765625 571.0075073242188
648.6265869140625 565.8184814453125
668.0675048828125 568.4303588867188
687.4785766601562 570.9575805664062
707.0150146484375 573.5188598632812
726.5388793945312 576.1142578125
746.2347412109375 578.6006469726562
765.7836303710938 581.1726684570312
785.5921630859375 583.6569213867188
805.4102172851562 586.2155151367188
825.2354125976562 588.644287109375
845.091796875 591.2468872070312
645.8599243164062 585.8508911132812
665.5758666992188 588.508056640625
685.381591796875 591.2196655273438
705.19921875 593.7838745117188
725.07177734375 596.4550170898438
744.93408203125 599.0653686523438
764.908935546875 601.6358642578125
784.9896240234375 604.2864990234375
805.1577758789062 606.8026733398438
825.267578125 609.4330444335938
845.41162109375 611.9349975585938