1 720 1333
540.7669067382812 166.86141967773438
560.7127075195312 162.9993896484375
581.0857543945312 159.07310485839844
601.6936645507812 155.0896453857422
622.7080688476562 151.03013610839844
644.2094116210938 146.92147827148438
665.8756713867188 142.79568481445312
688.115478515625 138.59445190429688
710.5745239257812 134.38742065429688
733.51513671875 130.15670776367188
756.7301635742188 125.76658630371094
542.3125 187.6796112060547
562.2907104492188 183.9806671142578
582.6212768554688 180.19857788085938
603.416015625 176.38462829589844
624.530029296875 172.47463989257812
646.019775390625 168.5607147216797
667.8941650390625 164.56573486328125
690.19140625 160.55450439453125
712.7382202148438 156.4925994873047
735.7581176757812 152.43734741210938
759.2646484375 148.28363037109375
543.5816650390625 208.69874572753906
563.7189331054688 205.1357421875
584.265869140625 201.51051330566406
605.1098022460938 197.7589569091797
626.344482421875 194.13352966308594
647.8494873046875 190.34678649902344
669.8367919921875 186.5442657470703
692.3131713867188 182.66622924804688
714.9910888671875 178.75350952148438
738.1682739257812 174.83152770996094
761.5958251953125 170.9103240966797
545.100830078125 229.80911254882812
565.2955322265625 226.43069458007812
585.7733764648438 222.927978515625
606.6614990234375 219.48696899414062
628.13916015625 215.8466796875
649.7273559570312 212.3397979736328
671.86181640625 208.66162109375
694.3862915039062 205.01040649414062
717.3134765625 201.3217010498047
740.4749755859375 197.55844116210938
764.1648559570312 193.75038146972656
546.5078735351562 251.14993286132812
566.706298828125 247.87583923339844
587.4219360351562 244.5938262939453
608.4589233398438 241.29039001464844
629.8245849609375 237.89010620117188
651.6660766601562 234.49610900878906
673.8604125976562 231.04629516601562
696.5095825195312 227.5304412841797
719.48291015625 224.00515747070312
742.8389892578125 220.44064331054688
766.5463256835938 216.85287475585938
547.9129028320312 272.63543701171875
568.335205078125 269.5534973144531
589.0056762695312 266.45184326171875
610.2096557617188 263.3153381347656
631.6505126953125 260.1217346191406
653.5798950195312 256.84307861328125
675.9509887695312 253.57093811035156
698.6082763671875 250.30335998535156
721.6919555664062 246.8935546875
745.2702026367188 243.5540771484375
769.1394653320312 240.1657257080078
549.4641723632812 294.2723388671875
569.765380859375 291.40948486328125
590.6156616210938 288.4624938964844
611.8093872070312 285.50225830078125
633.5326538085938 282.4742431640625
655.5642700195312 279.4513854980469
678.0327758789062 276.3485412597656
700.8155517578125 273.2759704589844
724.0548095703125 270.08721923828125
747.6078491210938 266.8410339355469
771.5576782226562 263.65167236328125
550.82763671875 316.12158203125
571.4263916015625 313.39215087890625
592.3301391601562 310.6238098144531
613.5769653320312 307.8720397949219
635.3969116210938 305.070556640625
657.5452880859375 302.22039794921875
680.1243896484375 299.3400573730469
703.0796508789062 296.3675537109375
726.3626098632812 293.41522216796875
750.0895385742188 290.41668701171875
774.1787719726562 287.3937072753906