1 720 1333
470.6637268066406 112.46218872070312
481.7774658203125 122.18571472167969
493.148681640625 131.9684600830078
504.60809326171875 142.00656127929688
516.3243408203125 152.19015502929688
528.2180786132812 162.52313232421875
540.28271484375 173.00665283203125
552.4927978515625 183.64614868164062
564.924072265625 194.51156616210938
577.6421508789062 205.56263732910156
590.5422973632812 216.75389099121094
459.2955322265625 125.7917251586914
470.285400390625 135.55921936035156
481.4678955078125 145.52427673339844
492.8223571777344 155.5924072265625
504.44647216796875 165.90550231933594
516.21826171875 176.35195922851562
528.2039184570312 186.8885040283203
540.3053588867188 197.6552276611328
552.6187133789062 208.63641357421875
565.2260131835938 219.7466278076172
577.9536743164062 231.1723175048828
447.79730224609375 139.17530822753906
458.71929931640625 149.01246643066406
469.81573486328125 159.047119140625
481.16058349609375 169.27523803710938
492.5761413574219 179.56982421875
504.29351806640625 190.1990203857422
516.0931396484375 200.76783752441406
528.14404296875 211.67501831054688
540.3338012695312 222.68836975097656
552.7429809570312 233.9697723388672
565.4219360351562 245.41029357910156
436.46563720703125 152.4906768798828
447.2666931152344 162.41261291503906
458.2801208496094 172.5559539794922
469.427490234375 182.7574462890625
480.74407958984375 193.3557586669922
492.3199157714844 203.86190795898438
504.0946960449219 214.7080535888672
515.8848876953125 225.6268768310547
528.0709228515625 236.78514099121094
540.38525390625 248.178955078125
552.9120483398438 259.684326171875
425.10308837890625 165.7011260986328
435.7628479003906 175.76426696777344
446.64862060546875 185.988525390625
457.72918701171875 196.43011474609375
469.008544921875 206.892822265625
480.4521484375 217.67245483398438
492.02423095703125 228.53521728515625
503.8179931640625 239.6151885986328
515.7605590820312 250.83587646484375
528.0543212890625 262.3599548339844
540.4501342773438 273.9530334472656
413.7491455078125 179.03155517578125
424.36627197265625 189.1419219970703
435.16424560546875 199.49403381347656
446.15130615234375 209.88516235351562
457.3104553222656 220.6016387939453
468.57464599609375 231.39590454101562
480.1109619140625 242.443115234375
491.71685791015625 253.5515594482422
503.620361328125 264.8888244628906
515.6954956054688 276.45306396484375
528.060791015625 288.21649169921875
402.4394836425781 192.25967407226562
412.975341796875 202.4863739013672
423.6314697265625 212.8126983642578
434.50140380859375 223.46742248535156
445.54876708984375 234.22218322753906
456.72796630859375 245.14772033691406
468.24444580078125 256.20770263671875
479.7563781738281 267.47454833984375
491.5317687988281 278.8924560546875
503.5152587890625 290.53973388671875
515.6798706054688 302.4373779296875
391.24371337890625 205.41497802734375
401.58544921875 215.72268676757812
412.22198486328125 226.24859619140625
422.9881896972656 236.87400817871094
433.83612060546875 247.72283935546875
445.0459899902344 258.7401428222656
456.36224365234375 269.918212890625
467.8086853027344 281.36651611328125
479.5010070800781 292.83563232421875
491.39947509765625 304.6434326171875
503.46026611328125 316.57928466796875