1 720 1333
490.99871826171875 309.2561950683594
508.3223571777344 317.9820861816406
525.5850219726562 326.6561279296875
542.8656616210938 335.4245910644531
560.2264404296875 344.2044372558594
577.5449829101562 352.8617858886719
594.8338623046875 361.57342529296875
612.2161865234375 370.3297119140625
629.5135498046875 379.01849365234375
646.8062133789062 387.61285400390625
664.135986328125 396.2719421386719
486.33892822265625 324.14727783203125
503.3539123535156 332.7164611816406
520.3472900390625 341.3481140136719
537.3781127929688 349.9114685058594
554.3995971679688 358.506103515625
571.4291381835938 367.1502380371094
588.47998046875 375.64105224609375
605.5147705078125 384.2774658203125
622.5574951171875 392.76885986328125
639.57861328125 401.3131103515625
656.604248046875 409.7001953125
481.73956298828125 338.56280517578125
498.4911804199219 347.0382995605469
515.273193359375 355.5198059082031
531.9915771484375 363.9693603515625
548.7026977539062 372.4408264160156
565.5401611328125 380.8567810058594
582.3283081054688 389.35009765625
599.1018676757812 397.7196044921875
615.7864990234375 406.1965026855469
632.5726928710938 414.49810791015625
649.3845825195312 422.79345703125
477.37322998046875 352.5947265625
493.7927551269531 360.88336181640625
510.3232727050781 369.2948913574219
526.7725219726562 377.5687561035156
543.3299560546875 385.93353271484375
559.7470092773438 394.2583923339844
576.3348999023438 402.5334167480469
592.7999877929688 410.79205322265625
609.322265625 419.15057373046875
625.784912109375 427.31109619140625
642.3040161132812 435.46929931640625
473.11883544921875 366.23150634765625
489.3308410644531 374.39532470703125
505.534912109375 382.5729064941406
521.7586059570312 390.7271423339844
538.0364379882812 398.9879150390625
554.2654418945312 407.1971435546875
570.5097045898438 415.3709411621094
586.7321166992188 423.4714050292969
603.0211181640625 431.6125793457031
619.2885131835938 439.65966796875
635.4947509765625 447.6980895996094
468.91607666015625 379.32763671875
484.91546630859375 387.4304504394531
500.8899230957031 395.48211669921875
516.9038696289062 403.5639953613281
532.8624877929688 411.608154296875
548.8659057617188 419.6774597167969
564.8939208984375 427.6798095703125
580.8867797851562 435.71661376953125
596.8643188476562 443.7081604003906
612.8840942382812 451.6659240722656
628.834716796875 459.5804138183594
464.9179382324219 392.11614990234375
480.6323547363281 400.0653381347656
496.4415283203125 408.0474853515625
512.2276000976562 415.9794921875
527.9573364257812 423.8541564941406
543.6715698242188 431.7777404785156
559.4947509765625 439.69842529296875
575.27783203125 447.59259033203125
590.9972534179688 455.47515869140625
606.6942749023438 463.3233947753906
622.4853515625 471.1116943359375
461.0738830566406 404.48834228515625
476.56976318359375 412.35040283203125
492.0760803222656 420.1868896484375
507.59454345703125 427.9826354980469
523.1749877929688 435.778076171875
538.6536865234375 443.5644836425781
554.2257080078125 451.38470458984375
569.7398071289062 459.1188049316406
585.3068237304688 466.81298828125
600.7858276367188 474.5137939453125
616.2869873046875 482.1944274902344