1 720 1333
327.67425537109375 274.1931457519531
351.31561279296875 266.081298828125
375.35186767578125 257.8733215332031
399.59381103515625 249.63511657714844
424.35052490234375 241.295654296875
449.3031921386719 232.82846069335938
474.6079406738281 224.35635375976562
500.2510681152344 215.65042114257812
526.2171020507812 206.9246063232422
552.5242309570312 198.2353973388672
579.1033935546875 189.3728790283203
334.4771728515625 299.8575744628906
358.2572937011719 291.9447326660156
382.3162536621094 283.8748474121094
406.6933288574219 275.77392578125
431.47296142578125 267.5634460449219
456.5475158691406 259.28961181640625
481.8877868652344 250.837646484375
507.6382141113281 242.38441467285156
533.625 233.73995971679688
560.1016235351562 225.08616638183594
586.7632446289062 216.3927459716797
341.38006591796875 325.6978454589844
365.1967468261719 317.92474365234375
389.3715515136719 310.06903076171875
413.8131408691406 302.1169738769531
438.6470947265625 293.97784423828125
463.76080322265625 285.80780029296875
489.3130798339844 277.5314636230469
515.0897827148438 269.2073669433594
541.203125 260.6346130371094
567.6787109375 252.19664001464844
594.5206909179688 243.4971160888672
348.3336486816406 351.658203125
372.21746826171875 344.0423278808594
396.4626770019531 336.3434143066406
421.0317077636719 328.4803466796875
445.89288330078125 320.5564880371094
471.1742858886719 312.5263366699219
496.6557312011719 304.42120361328125
522.5557861328125 296.16864013671875
548.7307739257812 287.77667236328125
575.4087524414062 279.3768310546875
602.3402099609375 270.84552001953125
355.3022155761719 377.6974792480469
379.31011962890625 370.2737731933594
403.5596008300781 362.6369934082031
428.2756042480469 354.986328125
453.2768249511719 347.2108154296875
478.5237731933594 339.3514099121094
504.17431640625 331.3399658203125
530.13916015625 323.26580810546875
556.4411010742188 315.02667236328125
583.135498046875 306.7227783203125
610.251953125 298.3945007324219
362.3667907714844 403.7851867675781
386.40032958984375 396.51129150390625
410.7701416015625 389.1642761230469
435.5128173828125 381.586181640625
460.5935974121094 373.97259521484375
485.9243469238281 366.2798767089844
511.6507263183594 358.4331970214844
537.6737670898438 350.488525390625
564.1782836914062 342.46697998046875
590.9323120117188 334.3331298828125
618.1370849609375 326.10595703125
369.468994140625 430.07373046875
393.56707763671875 422.852783203125
418.06494140625 415.59466552734375
442.8477478027344 408.30224609375
468.007568359375 400.7848205566406
493.4824523925781 393.2972106933594
519.283935546875 385.5798645019531
545.4205932617188 377.7876281738281
571.8985595703125 369.9821472167969
598.8126831054688 362.0059509277344
626.1366577148438 353.865478515625
376.6462097167969 456.3479309082031
400.7703857421875 449.3533630371094
425.4269714355469 442.2461242675781
450.3056335449219 435.01611328125
475.5332946777344 427.6803894042969
501.0704345703125 420.358154296875
526.9228515625 412.8284606933594
553.2589721679688 405.290283203125
579.7921752929688 397.5617370605469
606.7615356445312 389.7325439453125
634.1782836914062 381.78759765625