1 720 1333
441.41265869140625 168.91726684570312
459.6688537597656 173.95669555664062
478.211181640625 179.1222686767578
496.8873291015625 184.24826049804688
515.835205078125 189.44232177734375
535.0859375 194.70999145507812
554.4612426757812 200.1031494140625
574.1159057617188 205.4777374267578
593.9479370117188 210.89447021484375
614.0885620117188 216.49610900878906
634.4290771484375 222.2038116455078
433.20758056640625 186.81454467773438
451.4893493652344 192.0013885498047
470.1158752441406 197.26148986816406
488.8973388671875 202.5170135498047
507.95599365234375 207.83766174316406
527.2391967773438 213.3336181640625
546.7254638671875 218.7478790283203
566.4365234375 224.34271240234375
586.4601440429688 229.91073608398438
606.6401977539062 235.6401824951172
627.188720703125 241.46559143066406
424.7388000488281 204.93080139160156
443.23809814453125 210.3060302734375
461.8700256347656 215.5865020751953
480.767822265625 221.06956481933594
499.8987731933594 226.5738067626953
519.286376953125 232.19393920898438
538.8613891601562 237.7180938720703
558.6826171875 243.48997497558594
578.7255249023438 249.26724243164062
599.1580200195312 255.15179443359375
619.7019653320312 261.05572509765625
416.3067626953125 223.38705444335938
434.7759094238281 228.7545928955078
453.554443359375 234.36622619628906
472.5345153808594 239.89035034179688
491.76141357421875 245.56031799316406
511.21478271484375 251.340576171875
530.8748168945312 257.1104736328125
550.8049926757812 262.8907165527344
571.0595092773438 268.8210144042969
591.4864501953125 274.8840637207031
612.2363891601562 281.0445861816406
407.6034240722656 242.0492401123047
426.3364562988281 247.61325073242188
445.1069030761719 253.3533477783203
464.2337646484375 259.11236572265625
483.5182189941406 264.8467102050781
503.0886535644531 270.73187255859375
522.8076782226562 276.6578369140625
542.8556518554688 282.6867370605469
563.1801147460938 288.77569580078125
583.7182006835938 295.0303649902344
604.5265502929688 301.3400573730469
398.9281311035156 260.9791564941406
417.6126403808594 266.7052307128906
436.5784606933594 272.5511169433594
455.6871032714844 278.4672546386719
475.1766052246094 284.4922790527344
494.70660400390625 290.4969787597656
514.6929931640625 296.6308288574219
534.7517700195312 302.7745666503906
555.2180786132812 309.14166259765625
575.8079833984375 315.4782409667969
596.7965087890625 321.9249572753906
390.0763244628906 280.2810363769531
408.83123779296875 286.1344909667969
427.8543395996094 292.1369934082031
447.22930908203125 298.2468566894531
466.6387939453125 304.3567810058594
486.4378967285156 310.5693054199219
506.38641357421875 316.8638610839844
526.613037109375 323.27825927734375
547.1544189453125 329.6706848144531
567.873291015625 336.2955017089844
588.9567260742188 342.8580017089844
381.16351318359375 299.671875
400.0057678222656 305.75067138671875
419.15509033203125 311.9729309082031
438.4975891113281 318.23248291015625
458.1584167480469 324.554931640625
477.9085388183594 330.90008544921875
498.02923583984375 337.437744140625
518.3823852539062 343.9954528808594
539.025146484375 350.612548828125
559.8355712890625 357.38018798828125
581.0792846679688 364.23809814453125