1 720 1333
477.2690734863281 341.0501403808594
501.9038391113281 345.5121765136719
526.3869018554688 349.97882080078125
550.5701904296875 354.3857727050781
574.5924072265625 358.67364501953125
598.3833618164062 363.00360107421875
621.8643188476562 367.22833251953125
645.2240600585938 371.422607421875
668.239990234375 375.5442199707031
690.9091796875 379.5140380859375
713.399169921875 383.4907531738281
475.40557861328125 360.5970153808594
499.54168701171875 364.8879699707031
523.5259399414062 369.23077392578125
547.2861938476562 373.4381103515625
570.7559814453125 377.57061767578125
594.1327514648438 381.6740417480469
617.2220458984375 385.7528991699219
640.0323486328125 389.7411193847656
662.598388671875 393.7188720703125
684.9276733398438 397.5596008300781
706.9613647460938 401.3529052734375
473.5867004394531 379.3919982910156
497.36029052734375 383.55291748046875
520.7763671875 387.6499328613281
544.0816040039062 391.6839904785156
567.2041625976562 395.70159912109375
589.9965209960938 399.67327880859375
612.6293334960938 403.56365966796875
635.0851440429688 407.4549560546875
657.287353515625 411.2587890625
679.2098999023438 414.8872375488281
700.8002319335938 418.490966796875
471.8780517578125 397.4538879394531
495.2143859863281 401.4813232421875
518.2398681640625 405.3802490234375
541.038818359375 409.3105773925781
563.6318359375 413.18511962890625
586.1068115234375 416.9357604980469
608.3359985351562 420.68389892578125
630.3472290039062 424.4319763183594
652.1109619140625 428.069580078125
673.6064453125 431.5405578613281
694.8493041992188 435.0054626464844
470.345947265625 414.7413330078125
493.1732482910156 418.6035461425781
515.697265625 422.41064453125
538.1714477539062 426.21331787109375
560.359619140625 429.8512878417969
582.348876953125 433.55645751953125
604.2064819335938 437.180908203125
625.7234497070312 440.6572265625
647.1400756835938 444.2422180175781
668.29345703125 447.5557861328125
689.2039794921875 450.8644714355469
468.74395751953125 431.4209899902344
491.2008972167969 435.1813659667969
513.3716430664062 438.7647705078125
535.3294677734375 442.4336853027344
557.1276245117188 445.9693603515625
578.6925659179688 449.49359130859375
600.1834716796875 452.9658508300781
621.379150390625 456.4043884277344
642.3663330078125 459.7369384765625
663.157470703125 462.9877624511719
683.6334228515625 466.18609619140625
467.3452453613281 447.4438781738281
489.3272705078125 451.0140075683594
511.0593566894531 454.55072021484375
532.6116943359375 458.01458740234375
554.0598754882812 461.4757080078125
575.293212890625 464.81085205078125
596.3143310546875 468.2113037109375
617.12451171875 471.4464111328125
637.7271728515625 474.6402587890625
658.2079467773438 477.7684020996094
678.3800659179688 480.8177490234375
465.8643798828125 462.8137512207031
487.481201171875 466.333251953125
508.8067932128906 469.67791748046875
530.1023559570312 473.09405517578125
551.10888671875 476.3930358886719
571.9219970703125 479.59136962890625
592.5738525390625 482.7474060058594
613.0521850585938 485.9151306152344
633.34326171875 489.0404357910156
653.4130859375 491.9593505859375
673.2796630859375 494.8951416015625