1 720 1333
655.4413452148438 242.70509338378906
672.2491455078125 237.6842041015625
688.4232788085938 232.86277770996094
704.2211303710938 228.21311950683594
719.423095703125 223.59390258789062
734.2167358398438 219.22743225097656
748.4432373046875 214.90489196777344
762.344970703125 210.78131103515625
775.8549194335938 206.6907196044922
788.7979736328125 202.8003692626953
801.6010131835938 198.89730834960938
653.5073852539062 259.68182373046875
669.9874267578125 254.54344177246094
685.8969116210938 249.5677947998047
701.4012451171875 244.6872100830078
716.38525390625 240.06033325195312
730.9224243164062 235.4270782470703
745.0320434570312 231.00552368164062
758.6875610351562 226.69058227539062
771.990234375 222.575927734375
784.9056396484375 218.45204162597656
797.4135131835938 214.53233337402344
651.649658203125 276.01611328125
667.80859375 270.697021484375
683.5138549804688 265.5791320800781
698.6914672851562 260.5981750488281
713.4907836914062 255.76951599121094
727.7852172851562 251.10321044921875
741.6776123046875 246.51739501953125
755.268798828125 242.15505981445312
768.374267578125 237.8072052001953
781.0618896484375 233.58868408203125
793.4711303710938 229.50050354003906
649.9029541015625 291.6591796875
665.8193359375 286.281005859375
681.2545166015625 281.05450439453125
696.215087890625 275.9204406738281
710.683349609375 270.9778747558594
724.798583984375 266.1935729980469
738.5119018554688 261.52093505859375
751.80859375 256.9253234863281
764.7520751953125 252.56015014648438
777.3983154296875 248.25865173339844
789.5415649414062 244.03697204589844
648.3121337890625 306.69781494140625
663.848876953125 301.2533264160156
679.0223388671875 295.8437805175781
693.6969604492188 290.65704345703125
708.08349609375 285.61114501953125
721.9109497070312 280.68768310546875
735.4559936523438 275.9334716796875
748.5849609375 271.29791259765625
761.3886108398438 266.74676513671875
773.7052001953125 262.3346862792969
785.7890014648438 257.9914245605469
646.6574096679688 321.2467956542969
662.01904296875 315.6275634765625
676.8853759765625 310.21221923828125
691.4179077148438 304.8822937011719
705.47412109375 299.7349548339844
719.185791015625 294.70751953125
732.4658203125 289.8441467285156
745.4462890625 285.1180419921875
758.06396484375 280.5029296875
770.3181762695312 275.9303894042969
782.1949462890625 271.5605773925781
645.2124633789062 335.1771240234375
660.2576293945312 329.51446533203125
674.8572998046875 323.95648193359375
689.1798095703125 318.5766296386719
703.0457763671875 313.362548828125
716.4783935546875 308.2888488769531
729.5975341796875 303.29217529296875
742.3717651367188 298.44940185546875
754.7653198242188 293.68731689453125
766.8154296875 289.1070251464844
778.6353759765625 284.5564880371094
643.655517578125 348.5670471191406
658.5057983398438 342.8186950683594
672.9074096679688 337.2757263183594
686.93896484375 331.7685546875
700.6180419921875 326.4552001953125
713.8591918945312 321.3070068359375
726.7738647460938 316.2483825683594
739.4081420898438 311.33001708984375
751.6156616210938 306.4972839355469
763.5289306640625 301.7451171875
775.2247314453125 297.224853515625