1 720 1333
515.0814208984375 260.7525329589844
533.3157348632812 264.43841552734375
551.7922973632812 268.1282653808594
570.7190551757812 271.8380432128906
590.05712890625 275.6773376464844
609.6805419921875 279.6189880371094
629.7120361328125 283.60888671875
650.1607666015625 287.6842041015625
670.828857421875 291.8584899902344
691.9928588867188 296.1922912597656
713.470703125 300.470703125
512.874267578125 281.0029296875
530.9944458007812 284.7431335449219
549.40966796875 288.6156921386719
568.2086181640625 292.5639343261719
587.31494140625 296.5716857910156
606.7025756835938 300.62481689453125
626.5977783203125 304.77899169921875
646.7514038085938 309.06231689453125
667.4093627929688 313.41680908203125
688.342529296875 317.761962890625
709.5929565429688 322.294921875
510.7718200683594 300.93536376953125
528.71484375 304.88092041015625
547.0062255859375 308.8627014160156
565.566650390625 312.9840087890625
584.5250244140625 317.176513671875
603.8082275390625 321.39117431640625
623.5076904296875 325.67236328125
643.5299682617188 330.1054382324219
663.897705078125 334.55780029296875
684.6765747070312 339.16693115234375
705.7476806640625 343.7393798828125
508.74505615234375 320.6361999511719
526.52685546875 324.69873046875
544.618408203125 328.8569641113281
563.0846557617188 333.16619873046875
581.8309936523438 337.45538330078125
600.9711303710938 341.80078125
620.4730834960938 346.3392333984375
640.348876953125 350.8186340332031
660.5419311523438 355.50244140625
681.1299438476562 360.2391357421875
702.0635986328125 364.9638977050781
506.70184326171875 340.0645446777344
524.4156494140625 344.328857421875
542.3502807617188 348.573486328125
560.5802612304688 352.9667053222656
579.226806640625 357.4455871582031
598.2305297851562 362.00897216796875
617.4811401367188 366.60089111328125
637.1954956054688 371.33135986328125
657.1973266601562 376.1202392578125
677.5848388671875 380.8795166015625
698.2974853515625 385.76617431640625
504.7286071777344 359.25555419921875
522.2908325195312 363.56268310546875
540.0823974609375 368.0406494140625
558.2011108398438 372.52899169921875
576.6228637695312 377.190185546875
595.4384765625 381.8011474609375
614.5853881835938 386.5600891113281
634.0546875 391.4277038574219
653.8654174804688 396.3486328125
674.0908813476562 401.28955078125
694.5947265625 406.32733154296875
502.7638854980469 378.0785827636719
520.2420654296875 382.58477783203125
537.7763061523438 387.1966857910156
555.801025390625 391.79412841796875
574.1563720703125 396.543701171875
592.7119750976562 401.3688659667969
611.6806640625 406.2621154785156
631.035400390625 411.2227783203125
650.6434326171875 416.2341613769531
670.6286010742188 421.3289489746094
690.9800415039062 426.42041015625
500.9413757324219 396.61627197265625
518.1637573242188 401.32952880859375
535.608642578125 405.9980773925781
553.5081787109375 410.7591552734375
571.61181640625 415.6222229003906
590.1333618164062 420.56005859375
608.9042358398438 425.5240478515625
628.0987548828125 430.6043395996094
647.5559692382812 435.7067565917969
667.3782348632812 440.8779296875
687.4449462890625 446.205078125