1 720 1333
286.81756591796875 338.5185241699219
305.4571838378906 337.00830078125
324.43316650390625 335.45587158203125
343.70770263671875 333.7511291503906
363.46173095703125 332.2567443847656
383.4300537109375 330.4764099121094
403.72930908203125 328.7139587402344
424.43157958984375 326.9775390625
445.3926086425781 325.220703125
466.67572021484375 323.3216857910156
488.3293762207031 321.3685302734375
299.3792724609375 353.480712890625
317.6717224121094 352.155517578125
336.30712890625 350.63763427734375
355.3280029296875 349.33502197265625
374.54852294921875 347.7176208496094
394.20269775390625 346.3260803222656
414.031005859375 344.66131591796875
434.2882080078125 343.1885986328125
454.7329406738281 341.5521545410156
475.5407409667969 339.7499084472656
496.68365478515625 338.13525390625
311.39190673828125 367.6450500488281
329.3287353515625 366.4751892089844
347.63055419921875 365.3218994140625
366.2898254394531 363.9288635253906
385.1805419921875 362.62188720703125
404.385986328125 361.3916015625
423.8394470214844 359.9340515136719
443.59991455078125 358.5276794433594
463.66015625 357.1855773925781
484.0843811035156 355.572998046875
504.7055969238281 354.0899353027344
322.8139343261719 381.3729553222656
340.5495910644531 380.33563232421875
358.49609375 379.2422790527344
376.77252197265625 378.1419372558594
395.35540771484375 376.88592529296875
414.13916015625 375.6659240722656
433.2469177246094 374.4979248046875
452.55706787109375 373.3276062011719
472.2294616699219 371.9815368652344
492.18408203125 370.6005859375
512.3909301757812 369.30108642578125
333.9014892578125 394.407958984375
351.30487060546875 393.47808837890625
368.8440856933594 392.48931884765625
386.8004455566406 391.53692626953125
404.9814758300781 390.48492431640625
423.4263916015625 389.47113037109375
442.1837463378906 388.4142761230469
461.1790466308594 387.3564758300781
480.4097900390625 386.2706298828125
499.8619079589844 384.9540100097656
519.6661987304688 383.6871032714844
344.45574951171875 406.7698059082031
361.5302734375 406.1217041015625
378.80303955078125 405.2869567871094
396.43804931640625 404.4149475097656
414.30950927734375 403.5097961425781
432.3795166015625 402.54913330078125
450.69879150390625 401.6039123535156
469.3459777832031 400.6490783691406
488.1905517578125 399.6495666503906
507.32159423828125 398.59344482421875
526.6791381835938 397.55169677734375
354.57867431640625 418.73736572265625
371.3670349121094 418.2193908691406
388.3888244628906 417.4605712890625
405.61236572265625 416.6490478515625
423.17584228515625 415.87335205078125
440.8709716796875 415.1973876953125
458.9182434082031 414.37896728515625
477.2016906738281 413.4799499511719
495.6393127441406 412.5713806152344
514.408203125 411.6083679199219
533.4295654296875 410.6758728027344
364.3132629394531 430.3370361328125
380.7442321777344 429.6572265625
397.48004150390625 429.18597412109375
414.478515625 428.5121154785156
431.6264953613281 427.7400207519531
449.1562194824219 427.2032165527344
466.75457763671875 426.4507141113281
484.67218017578125 425.61688232421875
502.8078308105469 424.8721923828125
521.2814331054688 424.12164306640625
539.8295288085938 423.2799072265625