1 720 1333
445.9976806640625 110.574462890625
457.9744567871094 109.45818328857422
470.2278747558594 108.39974212646484
482.8158264160156 107.3118667602539
495.7091369628906 106.17161560058594
509.0891418457031 104.97627258300781
522.6490478515625 103.74700927734375
536.7128295898438 102.54730224609375
551.1226806640625 101.36298370361328
565.9981079101562 100.14079284667969
581.2796630859375 98.7442398071289
443.484130859375 126.70785522460938
455.3937072753906 125.89680480957031
467.6440124511719 125.09269714355469
480.197021484375 124.20700073242188
493.19403076171875 123.28591918945312
506.3385009765625 122.37677764892578
520.0013427734375 121.39175415039062
533.922607421875 120.42372131347656
548.3858642578125 119.37623596191406
563.1604614257812 118.40413665771484
578.4346923828125 117.35714721679688
440.93096923828125 143.074462890625
452.8117980957031 142.449462890625
464.95989990234375 141.6834716796875
477.5760498046875 141.10650634765625
490.424072265625 140.41195678710938
503.6842346191406 139.61329650878906
517.2537231445312 138.92291259765625
531.2526245117188 138.24069213867188
545.4965209960938 137.45428466796875
560.386474609375 136.6093292236328
575.552001953125 135.7998504638672
438.39349365234375 159.4752197265625
450.225830078125 158.94740295410156
462.41748046875 158.50869750976562
474.8728332519531 158.033935546875
487.7436218261719 157.54673767089844
500.8679504394531 157.11854553222656
514.5277709960938 156.5377960205078
528.4154663085938 156.1707763671875
542.7411499023438 155.50830078125
557.48193359375 155.069580078125
572.695556640625 154.50347900390625
435.78814697265625 175.6248321533203
447.5866394042969 175.52691650390625
459.74761962890625 175.31053161621094
472.28594970703125 175.08677673339844
485.09429931640625 174.71258544921875
498.28118896484375 174.5201416015625
511.7095642089844 174.33917236328125
525.6412353515625 173.95892333984375
539.8772583007812 173.66619873046875
554.6688232421875 173.44679260253906
569.7853393554688 173.28546142578125
433.2517395019531 192.2453155517578
445.0418701171875 192.14393615722656
457.1484680175781 192.1835479736328
469.5987548828125 192.0622100830078
482.4041442871094 192.04954528808594
495.5177917480469 192.008544921875
509.0416259765625 191.96463012695312
522.85986328125 191.95469665527344
537.1792602539062 191.86387634277344
551.8170776367188 191.8828887939453
567.0736694335938 191.85684204101562
430.6648254394531 208.50323486328125
442.429443359375 208.69189453125
454.5616149902344 208.8482666015625
466.90631103515625 209.16592407226562
479.7337646484375 209.388916015625
492.78729248046875 209.54519653320312
506.3348083496094 209.69287109375
520.1790771484375 209.914306640625
534.4055786132812 210.28067016601562
549.0764770507812 210.46383666992188
564.2337646484375 210.61758422851562
428.0931091308594 225.0333251953125
439.8206787109375 225.4021759033203
451.8331604003906 225.7402801513672
464.37237548828125 226.286865234375
477.0158996582031 226.61605834960938
490.1866455078125 227.1499786376953
503.53558349609375 227.5406494140625
517.4494018554688 228.0272979736328
531.5928344726562 228.4804229736328
546.3379516601562 229.0177764892578
561.4014282226562 229.5127716064453