1 720 1333
773.0335083007812 485.62451171875
775.594970703125 493.4063415527344
778.2408447265625 501.3773193359375
780.9408569335938 509.6024475097656
783.7982788085938 518.4132080078125
786.7667846679688 527.5175170898438
789.937744140625 536.9572143554688
793.278564453125 546.9078979492188
796.646240234375 557.420654296875
800.289306640625 568.3570556640625
804.0377807617188 579.7647705078125
759.4903564453125 486.4822082519531
761.6799926757812 494.2531433105469
764.1141967773438 502.23919677734375
766.495361328125 510.48779296875
769.069580078125 519.265380859375
771.6951904296875 528.37890625
774.5039672851562 537.797607421875
777.425048828125 547.7200317382812
780.5092163085938 558.3123779296875
783.6625366210938 569.2814331054688
787.1178588867188 580.7118530273438
745.8071899414062 487.2987365722656
747.8272094726562 494.88262939453125
749.8583984375 502.891845703125
752.0962524414062 511.341552734375
754.3292236328125 520.0459594726562
756.6000366210938 529.21923828125
759.1117553710938 538.6261596679688
761.6111450195312 548.6589965820312
764.3207397460938 559.1141357421875
767.1634521484375 570.212158203125
770.0518188476562 581.6000366210938
732.2636108398438 487.93743896484375
733.9044799804688 495.6321105957031
735.680419921875 503.6469421386719
737.5515747070312 512.143310546875
739.4783325195312 520.7739868164062
741.4996948242188 529.923583984375
743.5784301757812 539.5233764648438
745.7832641601562 549.5067749023438
748.141357421875 559.9360961914062
750.5180053710938 570.94384765625
753.0813598632812 582.55224609375
718.57177734375 488.698974609375
720.02783203125 496.4300231933594
721.5043334960938 504.4576110839844
723.0667114257812 512.7858276367188
724.651123046875 521.5986328125
726.3742065429688 530.6973266601562
728.1439819335938 540.3720703125
729.9451904296875 550.3556518554688
731.9005737304688 560.7748413085938
733.9035034179688 571.77978515625
736.0486450195312 583.4921264648438
704.8966064453125 489.46795654296875
706.1171875 497.19256591796875
707.3121337890625 505.2316589355469
708.5341796875 513.5899658203125
709.7822265625 522.406982421875
711.223388671875 531.5374145507812
712.5853271484375 541.1707153320312
714.10986328125 551.1887817382812
715.6320190429688 561.5877685546875
717.3192138671875 572.6773071289062
719.0142822265625 584.3290405273438
691.3098754882812 490.20745849609375
692.1878662109375 497.7794189453125
693.0474853515625 505.8746337890625
693.9987182617188 514.3934936523438
694.9410400390625 523.1617431640625
696.0372924804688 532.3671875
697.0956420898438 541.8934326171875
698.2628173828125 551.9754638671875
699.4176025390625 562.4730834960938
700.601318359375 573.5687255859375
701.9044189453125 585.22998046875
677.5946655273438 490.7590637207031
678.2498168945312 498.5238342285156
678.7521362304688 506.5993347167969
679.4567260742188 515.06298828125
680.1478881835938 523.8278198242188
680.7684936523438 533.0865478515625
681.5452880859375 542.6785278320312
682.3775634765625 552.7575073242188
683.1633911132812 563.4315185546875
683.9446411132812 574.4324340820312
684.8421020507812 586.1712646484375