1 720 1333
676.7567749023438 184.42837524414062
694.9378051757812 178.1962127685547
712.483642578125 172.20211791992188
729.5245971679688 166.33055114746094
745.9793090820312 160.66563415527344
762.0709838867188 155.2505340576172
777.4990234375 149.89190673828125
792.6365356445312 144.75160217285156
807.27734375 139.7021484375
821.4801025390625 134.8944854736328
835.283203125 130.2655487060547
685.4269409179688 205.801025390625
703.3751831054688 199.2960205078125
720.712158203125 192.9462127685547
737.5299072265625 186.8478240966797
753.8954467773438 180.87924194335938
769.6893310546875 175.21258544921875
785.1388549804688 169.5822296142578
800.0254516601562 164.19093322753906
814.5399780273438 158.8874053955078
828.5466918945312 153.80560302734375
842.28369140625 148.83212280273438
694.0139770507812 227.11087036132812
711.74609375 220.2651824951172
728.8981323242188 213.61654663085938
745.6064453125 207.2290802001953
761.7355346679688 201.0446014404297
777.439453125 194.99139404296875
792.6124267578125 189.1627655029297
807.44384765625 183.47410583496094
821.738037109375 177.92108154296875
835.6420288085938 172.59803771972656
849.2076416015625 167.43983459472656
702.5518188476562 248.31329345703125
720.1713256835938 241.10816955566406
737.1300659179688 234.20648193359375
753.5864868164062 227.51934814453125
769.5618286132812 221.0249481201172
785.0974731445312 214.66468811035156
800.1244506835938 208.58798217773438
814.69873046875 202.62734985351562
828.9132690429688 196.88201904296875
842.6737670898438 191.31814575195312
856.0431518554688 185.8087615966797
711.091064453125 269.3266906738281
728.3921508789062 261.802978515625
745.2637939453125 254.60498046875
761.5117797851562 247.5902862548828
777.3666381835938 240.85565185546875
792.6495971679688 234.35968017578125
807.518798828125 227.91299438476562
821.9578247070312 221.71771240234375
836.0888671875 215.6465606689453
849.6025390625 209.84019470214844
862.8706665039062 204.24465942382812
719.4929809570312 290.25762939453125
736.6517333984375 282.4756774902344
753.2958374023438 274.92327880859375
769.4226684570312 267.6512145996094
785.0311889648438 260.5989074707031
800.2030639648438 253.7616424560547
814.8884887695312 247.2000732421875
829.238037109375 240.66717529296875
843.1190185546875 234.42845153808594
856.5750732421875 228.36026000976562
869.6137084960938 222.44287109375
727.819091796875 310.9595642089844
744.7867431640625 302.902099609375
761.3296508789062 295.1260070800781
777.247802734375 287.5394592285156
792.66845703125 280.27081298828125
807.6219482421875 273.1777648925781
822.25732421875 266.2555236816406
836.3385009765625 259.54388427734375
850.1102294921875 253.01834106445312
863.3595581054688 246.6689453125
876.3599853515625 240.54266357421875
736.1718139648438 331.58624267578125
752.94677734375 323.2812805175781
769.2337036132812 315.17578125
784.9805297851562 307.3558349609375
800.2756958007812 299.6944274902344
815.0759887695312 292.36907958984375
829.4303588867188 285.2411193847656
843.4033203125 278.2827453613281
856.9141845703125 271.5130920410156
870.097900390625 264.9388732910156
882.8526000976562 258.5790100097656