1 720 1333
621.2490844726562 212.3934326171875
634.6337280273438 224.79962158203125
647.5325317382812 236.76907348632812
659.9053344726562 248.370361328125
671.8011474609375 259.44708251953125
683.3172607421875 270.1436767578125
694.3658447265625 280.42010498046875
704.9617309570312 290.35247802734375
715.2647705078125 299.8714599609375
725.073974609375 309.12603759765625
734.55322265625 318.01983642578125
606.4830932617188 227.03001403808594
620.139892578125 239.16493225097656
633.2405395507812 250.73170471191406
645.7610473632812 261.9382629394531
657.9087524414062 272.7026062011719
669.5745849609375 283.1538391113281
680.7879638671875 293.1543273925781
691.6517944335938 302.7627258300781
702.1605224609375 312.1489562988281
712.215576171875 321.09332275390625
721.8342895507812 329.6689758300781
591.9064331054688 241.53172302246094
605.7268676757812 253.31790161132812
619.0807495117188 264.5710754394531
631.8357543945312 275.46807861328125
644.2064819335938 285.9451599121094
656.0702514648438 296.03558349609375
667.4992065429688 305.71270751953125
678.515380859375 315.1672058105469
689.2062377929688 324.2505798339844
699.4175415039062 332.8832092285156
709.300048828125 341.3602600097656
577.5433349609375 255.89993286132812
591.5675048828125 267.343994140625
605.0859985351562 278.3052978515625
618.0906372070312 288.81805419921875
630.57373046875 299.0445251464844
642.6268310546875 308.7865295410156
654.2709350585938 318.30999755859375
665.4686279296875 327.4095458984375
676.3365478515625 336.2461853027344
686.7003173828125 344.665283203125
696.7488403320312 352.8114318847656
563.4047241210938 270.1428527832031
577.5853271484375 281.20751953125
591.3130493164062 291.7776794433594
604.4537963867188 302.08660888671875
617.1744995117188 311.95843505859375
629.3894653320312 321.4704284667969
641.211181640625 330.6275939941406
652.5728759765625 339.5186462402344
663.5740356445312 348.1141052246094
674.2158813476562 356.3145751953125
684.4313354492188 364.2923278808594
549.4141235351562 284.1915283203125
563.7598876953125 294.8375549316406
577.6343994140625 305.2370300292969
591.021240234375 315.2188415527344
603.845458984375 324.718994140625
616.3132934570312 333.9987487792969
628.2847290039062 342.8671875
639.7842407226562 351.5039978027344
650.9669189453125 359.77386474609375
661.7036743164062 367.77020263671875
672.1744995117188 375.51177978515625
535.6040649414062 298.009033203125
550.239990234375 308.42437744140625
564.2612915039062 318.45159912109375
577.7020874023438 328.1132507324219
590.7570190429688 337.4114990234375
603.3588256835938 346.3680725097656
615.4625244140625 355.0076904296875
627.2275390625 363.3749694824219
638.5020751953125 371.4374084472656
649.4299926757812 379.2117004394531
659.9764404296875 386.62237548828125
522.0951538085938 311.658935546875
536.7501831054688 321.75750732421875
550.9655151367188 331.5053405761719
564.6626586914062 340.8633117675781
577.84130859375 349.857421875
590.566650390625 358.5709228515625
602.8211059570312 366.9403381347656
614.7020874023438 375.0447998046875
626.2108154296875 382.8113098144531
637.2739868164062 390.37554931640625
647.9452514648438 397.56182861328125