1 720 1333
702.3440551757812 478.3079528808594
718.8768310546875 474.877685546875
735.1045532226562 471.51861572265625
750.967529296875 468.29766845703125
766.4811401367188 465.0303955078125
781.7023315429688 461.87237548828125
796.5607299804688 458.71923828125
811.2295532226562 455.65179443359375
825.4479370117188 452.6525573730469
839.4527587890625 449.704345703125
853.167724609375 446.8191833496094
708.3726196289062 495.358642578125
725.09326171875 491.68072509765625
741.4510498046875 488.1820068359375
757.4476928710938 484.61016845703125
773.16650390625 481.2474670410156
788.442626953125 477.781494140625
803.4782104492188 474.5241394042969
818.201416015625 471.2692565917969
832.5656127929688 468.028564453125
846.6360473632812 464.8905334472656
860.4771118164062 461.7806396484375
714.524658203125 512.8196411132812
731.4459838867188 508.9896240234375
747.9170532226562 505.22149658203125
764.1691284179688 501.443603515625
779.8905639648438 497.74725341796875
795.41357421875 494.2060852050781
810.5302734375 490.6329650878906
825.3922729492188 487.2078552246094
839.8793334960938 483.7458801269531
854.1124267578125 480.45562744140625
868.0518798828125 477.28179931640625
720.9010620117188 530.873291015625
737.9441528320312 526.7054443359375
754.6467895507812 522.6945190429688
770.9397583007812 518.6798095703125
786.9412231445312 514.8109130859375
802.537353515625 511.000732421875
817.7865600585938 507.3062438964844
832.7590942382812 503.5756530761719
847.4437866210938 499.9056396484375
861.71533203125 496.4494934082031
875.709228515625 492.9505920410156
727.4860229492188 549.4495849609375
744.7313232421875 545.0646362304688
761.521240234375 540.7130737304688
778.0753173828125 536.5054931640625
794.1773681640625 532.37060546875
809.8929443359375 528.3486938476562
825.3617553710938 524.3336181640625
840.4102783203125 520.4263305664062
855.2199096679688 516.5555419921875
869.55126953125 512.796142578125
883.7138671875 509.2232666015625
734.3314208984375 568.5245971679688
751.6331176757812 563.834228515625
768.70849609375 559.3429565429688
785.3327026367188 554.7646484375
801.592041015625 550.4330444335938
817.486328125 546.1192626953125
833.013671875 541.8211059570312
848.2570190429688 537.6763305664062
863.156982421875 533.6160888671875
877.6138305664062 529.6677856445312
891.8013916015625 525.7825317382812
741.3209838867188 588.244140625
758.8767700195312 583.282470703125
776.0669555664062 578.4130249023438
792.7942504882812 573.6047973632812
809.2717895507812 568.9776611328125
825.29052734375 564.39794921875
840.8851928710938 559.896240234375
856.2762451171875 555.51025390625
871.2810668945312 551.200439453125
885.8530883789062 546.9796142578125
900.2088012695312 542.8079223632812
748.4986572265625 608.49755859375
766.3491821289062 603.244140625
783.607666015625 598.1011962890625
800.5642700195312 593.0413208007812
817.1644287109375 588.0907592773438
833.3225708007812 583.2724609375
849.05615234375 578.4703369140625
864.48291015625 573.7772827148438
879.5820922851562 569.2783203125
894.2997436523438 564.7183227539062
908.685302734375 560.404296875