1 720 1333
578.3160400390625 443.5345458984375
586.7440185546875 450.56439208984375
595.6297607421875 457.84588623046875
604.8084716796875 465.4356689453125
614.4205932617188 473.31634521484375
624.3574829101562 481.426513671875
634.6541137695312 489.87237548828125
645.4288330078125 498.6920166015625
656.572021484375 507.79052734375
668.3225708007812 517.41015625
680.4400024414062 527.3478393554688
567.4443359375 455.7756042480469
575.783447265625 463.1170959472656
584.5048217773438 470.62158203125
593.5497436523438 478.4955749511719
602.9170532226562 486.63739013671875
612.6689453125 495.1458740234375
622.822021484375 503.9091796875
633.4423828125 513.0752563476562
644.4172973632812 522.5647583007812
655.8765258789062 532.50048828125
667.885498046875 542.8095092773438
556.5086059570312 468.18646240234375
564.670654296875 475.6888427734375
573.3023071289062 483.56219482421875
582.1521606445312 491.6793212890625
591.36083984375 500.21392822265625
600.886474609375 508.94586181640625
610.8856811523438 518.1031494140625
621.291748046875 527.573486328125
632.0899047851562 537.4775390625
643.396240234375 547.7633056640625
655.2044067382812 558.5708618164062
545.4337768554688 480.62420654296875
553.4739379882812 488.48858642578125
561.82421875 496.59942626953125
570.5379028320312 505.0697021484375
579.572509765625 513.8118896484375
588.986083984375 522.9164428710938
598.7291259765625 532.4588012695312
608.976318359375 542.3115844726562
619.545166015625 552.5617065429688
630.654052734375 563.3195190429688
642.3231201171875 574.4918212890625
534.2720336914062 493.26861572265625
542.1635131835938 501.3785400390625
550.3582153320312 509.76019287109375
558.8043823242188 518.5535888671875
567.6885375976562 527.6143798828125
576.8851928710938 537.1196899414062
586.5274658203125 546.9244995117188
596.5093994140625 557.1627197265625
606.9266357421875 567.8096923828125
617.7861328125 578.9708251953125
629.2767944335938 590.6114501953125
522.8904418945312 505.9707946777344
530.607177734375 514.3980712890625
538.6334838867188 523.1503295898438
547.003173828125 532.22119140625
555.6608276367188 541.6116333007812
564.7061767578125 551.4220581054688
574.1625366210938 561.6048583984375
583.8827514648438 572.2677001953125
594.1632690429688 583.3344116210938
604.7938842773438 594.8372802734375
616.014892578125 606.9387817382812
511.4525146484375 518.8069458007812
519.0120849609375 527.5253295898438
526.8330688476562 536.5756225585938
535.0343627929688 545.97314453125
543.5289306640625 555.7291870117188
552.3878784179688 565.898193359375
561.5833129882812 576.4959106445312
571.2318725585938 587.5025634765625
581.2498779296875 598.9784545898438
591.6521606445312 610.9570922851562
602.6187744140625 623.4971923828125
499.8304748535156 531.8012084960938
507.2967529296875 540.7867431640625
514.9000244140625 550.2255859375
522.87060546875 559.905517578125
531.2493896484375 570.0630493164062
539.8598022460938 580.56494140625
548.8740844726562 591.528564453125
558.3572998046875 602.9237670898438
568.171630859375 614.8258666992188
578.4430541992188 627.2893676757812
589.1860961914062 640.2816772460938