1 720 1333
214.95730590820312 294.1471862792969
241.9292449951172 287.50518798828125
268.6298828125 281.0275573730469
295.19293212890625 274.6028747558594
321.2565002441406 268.28118896484375
347.0343322753906 262.0941467285156
372.5323791503906 255.96170043945312
397.6707458496094 249.89393615722656
422.5047607421875 244.04385375976562
446.99102783203125 238.23680114746094
471.0386962890625 232.41763305664062
227.36756896972656 316.29833984375
253.65292358398438 309.6842041015625
279.7618408203125 303.2581787109375
305.5818176269531 296.7312927246094
331.1807556152344 290.4612731933594
356.40478515625 284.2645568847656
381.3248596191406 278.094970703125
405.89068603515625 272.0657043457031
430.13885498046875 266.1346130371094
454.0415344238281 260.2330627441406
477.5478515625 254.4067840576172
239.24917602539062 337.558837890625
264.9626770019531 330.9933776855469
290.5014343261719 324.4930725097656
315.7062683105469 318.11651611328125
340.6790466308594 311.7231140136719
365.362060546875 305.48956298828125
389.7101745605469 299.3740539550781
413.73736572265625 293.329833984375
437.45574951171875 287.3265075683594
460.7621154785156 281.4276428222656
483.7993469238281 275.5569763183594
250.6778106689453 358.01385498046875
275.8509826660156 351.46173095703125
300.77655029296875 344.94818115234375
325.48687744140625 338.519775390625
349.8741149902344 332.2686462402344
374.0286865234375 325.9532775878906
397.7722473144531 319.77496337890625
421.3305969238281 313.6804504394531
444.5036926269531 307.7225036621094
467.34124755859375 301.7486877441406
489.83306884765625 295.91558837890625
261.71124267578125 377.6112060546875
286.3764343261719 371.07879638671875
310.6993103027344 364.5719299316406
334.87664794921875 358.2364807128906
358.7488098144531 351.8612976074219
382.3558044433594 345.6048889160156
405.6285400390625 339.47998046875
428.624267578125 333.4062805175781
451.3464050292969 327.3941345214844
473.6376953125 321.4450378417969
495.68487548828125 315.5401611328125
272.4154968261719 396.43865966796875
296.47052001953125 389.8753356933594
320.3561706542969 383.467041015625
343.95697021484375 377.1121826171875
367.3402099609375 370.73614501953125
390.4105224609375 364.52789306640625
413.239990234375 358.38525390625
435.6570739746094 352.3128662109375
457.82476806640625 346.3277587890625
479.7495422363281 340.34649658203125
501.38177490234375 334.4227294921875
282.6304931640625 414.51605224609375
306.2418518066406 408.0374755859375
329.5525817871094 401.5946350097656
352.6705322265625 395.2864685058594
375.5268859863281 388.89276123046875
398.16314697265625 382.6741943359375
420.4593200683594 376.5318908691406
442.4787902832031 370.4763488769531
464.2486877441406 364.466796875
485.6076965332031 358.50140380859375
506.7467346191406 352.5779724121094
292.54559326171875 431.8951721191406
315.592529296875 425.4916076660156
338.4827880859375 419.10162353515625
361.1134338378906 412.6893310546875
383.5032958984375 406.4288330078125
405.6199951171875 400.22955322265625
427.4727478027344 394.0671081542969
449.0556335449219 387.95599365234375
470.331787109375 381.8984069824219
491.3323059082031 375.929443359375
512.0859985351562 370.0908508300781