1 720 1333
618.2030029296875 212.95079040527344
640.2234497070312 210.3341827392578
662.1753540039062 207.63502502441406
683.98095703125 205.04246520996094
705.7363891601562 202.45004272460938
727.4852294921875 199.8443603515625
749.16064453125 197.3869171142578
770.5841674804688 194.8319549560547
792.0186157226562 192.3823699951172
813.2896728515625 189.866455078125
834.4517211914062 187.46485900878906
621.0508422851562 235.30775451660156
642.8944091796875 232.56651306152344
664.6901245117188 229.85409545898438
686.4855346679688 227.29136657714844
708.1860961914062 224.6275177001953
729.64501953125 222.104248046875
751.1954345703125 219.5386962890625
772.498046875 217.02301025390625
793.72216796875 214.49061584472656
814.8501586914062 212.02003479003906
835.905517578125 209.53131103515625
623.8289794921875 257.3345947265625
645.6117553710938 254.5867156982422
667.3377685546875 251.87155151367188
688.9010009765625 249.29969787597656
710.4727172851562 246.59266662597656
731.82373046875 244.0482940673828
753.2626342773438 241.45582580566406
774.4296875 238.84988403320312
795.5341796875 236.37425231933594
816.5316162109375 233.77415466308594
837.4518432617188 231.3367919921875
626.6737670898438 279.2001037597656
648.3346557617188 276.42913818359375
669.8202514648438 273.6519470214844
691.351318359375 271.05145263671875
712.69677734375 268.3983154296875
734.0509033203125 265.73193359375
755.2805786132812 263.1706848144531
776.348388671875 260.5113220214844
797.343017578125 257.9796142578125
818.2000122070312 255.43284606933594
838.8394775390625 252.83377075195312
629.4520874023438 300.6741027832031
650.9422607421875 297.8970642089844
672.3952026367188 295.22943115234375
693.6802368164062 292.5076599121094
714.9758911132812 289.7915344238281
736.1781005859375 287.2366943359375
757.2494506835938 284.5456237792969
778.2021484375 281.90167236328125
798.9960327148438 279.3459167480469
819.6563110351562 276.70880126953125
840.3653564453125 274.212646484375
632.2635498046875 321.9759216308594
653.5689086914062 319.27130126953125
674.8422241210938 316.4823303222656
696.0845947265625 313.7262878417969
717.2620239257812 311.1170349121094
738.2638549804688 308.4032897949219
759.2003784179688 305.6871032714844
779.9268798828125 303.10491943359375
800.6281127929688 300.4507141113281
821.265380859375 297.7753601074219
841.6666259765625 295.242431640625
634.9340209960938 343.04254150390625
656.2005004882812 340.2930908203125
677.3416748046875 337.53021240234375
698.4109497070312 334.7278137207031
719.4002075195312 332.0794372558594
740.3167724609375 329.36383056640625
761.0706176757812 326.6105651855469
781.6730346679688 323.9316101074219
802.3403930664062 321.3045654296875
822.6641845703125 318.60882568359375
843.0425415039062 315.93988037109375
637.6790771484375 363.7623291015625
658.678955078125 361.07098388671875
679.7330932617188 358.3144836425781
700.6329956054688 355.52783203125
721.5252685546875 352.72515869140625
742.2962036132812 350.01800537109375
762.8678588867188 347.3080749511719
783.4472045898438 344.54998779296875
803.788818359375 341.80242919921875
824.17724609375 339.1617736816406
844.3624877929688 336.46636962890625