1 720 1333
583.4406127929688 405.78369140625
603.8399658203125 406.4721984863281
624.523681640625 407.1141662597656
645.2846069335938 407.6318664550781
666.1052856445312 408.3560485839844
686.8150634765625 408.806396484375
707.7235107421875 409.4327697753906
728.6607666015625 409.9229431152344
749.6422729492188 410.4967956542969
770.5817260742188 411.03228759765625
791.5953369140625 411.52227783203125
583.845703125 425.0789794921875
604.2911376953125 425.64569091796875
624.6115112304688 426.3788757324219
645.2477416992188 426.9886169433594
665.7135620117188 427.5754089355469
686.4429321289062 428.259033203125
707.1473388671875 428.71893310546875
727.7896118164062 429.4062805175781
748.5594482421875 429.87255859375
769.407470703125 430.4658508300781
790.23828125 430.9452819824219
584.4122314453125 443.83673095703125
604.5234375 444.5616760253906
624.755859375 445.3107604980469
645.1441040039062 445.8699645996094
665.4985961914062 446.5482482910156
685.8956298828125 447.2392272949219
706.463134765625 447.7059020996094
726.9575805664062 448.41534423828125
747.5598754882812 448.9376525878906
768.1834716796875 449.48297119140625
788.718505859375 450.0564270019531
584.870361328125 462.4385681152344
604.8146362304688 463.1810607910156
624.839111328125 463.7470703125
645.0687255859375 464.5037536621094
665.3178100585938 465.2411193847656
685.4947509765625 465.74591064453125
705.730712890625 466.46624755859375
726.19677734375 467.0633544921875
746.5084838867188 467.6030578613281
766.8888549804688 468.29217529296875
787.351318359375 468.70086669921875
585.4558715820312 480.5448303222656
605.221435546875 481.3574523925781
625.0236206054688 482.03790283203125
644.9287109375 482.67474365234375
664.9732666015625 483.4566955566406
685.05224609375 484.1257629394531
705.206298828125 484.6596984863281
725.3460693359375 485.4089050292969
745.5053100585938 485.9775085449219
765.6552734375 486.5283508300781
785.92138671875 487.1651306152344
585.8258056640625 498.42535400390625
605.5070190429688 499.2095947265625
625.2051391601562 499.84710693359375
644.8345336914062 500.6205139160156
664.6866455078125 501.3806457519531
684.5677490234375 502.06268310546875
704.5059204101562 502.64215087890625
724.4968872070312 503.3898010253906
744.498779296875 503.9602355957031
764.5292358398438 504.538330078125
784.54541015625 505.1943054199219
586.3900146484375 515.822021484375
605.7217407226562 516.6317138671875
625.3549194335938 517.4630126953125
644.77587890625 518.2587890625
664.4943237304688 518.8735961914062
684.222412109375 519.5720825195312
703.877685546875 520.3482055664062
723.6181030273438 520.9019165039062
743.5131225585938 521.5755615234375
763.3597412109375 522.2708129882812
783.281005859375 522.7284545898438
586.7853393554688 533.1474609375
606.1757202148438 533.8525390625
625.439697265625 534.6100463867188
644.7526245117188 535.4619750976562
664.2890014648438 536.2335815429688
683.682861328125 536.8031616210938
703.350341796875 537.5330810546875
722.8440551757812 538.2901000976562
742.5079956054688 538.8300170898438
762.2630004882812 539.4757690429688
781.8317260742188 540.1593627929688