1 720 1333
750.6331787109375 220.78111267089844
764.7442016601562 229.48951721191406
778.6380004882812 238.09539794921875
792.391845703125 246.54380798339844
805.9112548828125 254.91421508789062
819.318603515625 263.2525939941406
832.46728515625 271.4090270996094
845.513427734375 279.46044921875
858.347900390625 287.4462890625
870.9078369140625 295.3014831542969
883.4249267578125 303.0496520996094
742.3933715820312 235.88975524902344
756.5076904296875 244.4946746826172
770.4692993164062 252.98770141601562
784.2518310546875 261.3843994140625
797.7867431640625 269.61151123046875
811.251220703125 277.78265380859375
824.4509887695312 285.88092041015625
837.49658203125 293.82635498046875
850.385498046875 301.7130126953125
863.0450439453125 309.50213623046875
875.5224609375 317.2237548828125
734.119384765625 251.0068817138672
748.29345703125 259.4849853515625
762.3065795898438 267.8343811035156
776.114501953125 276.1744079589844
789.66357421875 284.3309326171875
803.18798828125 292.43658447265625
816.404296875 300.3855895996094
829.4801025390625 308.2975769042969
842.4075317382812 316.0290222167969
855.1681518554688 323.69512939453125
867.6033325195312 331.2962341308594
725.7804565429688 266.0790710449219
740.0538330078125 274.453857421875
754.1293334960938 282.7032775878906
767.9251708984375 290.87353515625
781.5986328125 298.9978332519531
795.1173095703125 306.98956298828125
808.417236328125 314.8671875
821.5060424804688 322.6170959472656
834.487060546875 330.3826904296875
847.2088623046875 337.87579345703125
859.74609375 345.40374755859375
717.5447387695312 281.14013671875
731.7968139648438 289.4051208496094
745.880615234375 297.5494079589844
759.7911376953125 305.6498718261719
773.52734375 313.63336181640625
787.0345458984375 321.54345703125
800.3878784179688 329.35504150390625
813.5570068359375 337.031982421875
826.5174560546875 344.5595703125
839.3447875976562 352.11181640625
851.8659057617188 359.43780517578125
709.3218383789062 296.19366455078125
723.5863037109375 304.3409423828125
737.7167358398438 312.4316101074219
751.6419677734375 320.4130859375
765.4500122070312 328.33245849609375
778.949462890625 336.1062927246094
792.416748046875 343.7784423828125
805.5585327148438 351.36041259765625
818.5909423828125 358.8492736816406
831.4138793945312 366.2575378417969
844.0994873046875 373.5240478515625
701.04443359375 311.2145690917969
715.440673828125 319.3030700683594
729.5841064453125 327.2816467285156
743.5596313476562 335.1846923828125
757.3758544921875 342.8971252441406
770.9584350585938 350.60772705078125
784.38525390625 358.2138671875
797.58837890625 365.66070556640625
810.6246337890625 373.0782470703125
823.5027465820312 380.3675842285156
836.220458984375 387.5302734375
692.7999877929688 326.236572265625
707.2649536132812 334.2201843261719
721.445068359375 342.083740234375
735.4717407226562 349.8110046386719
749.3466796875 357.55126953125
762.8986206054688 365.135498046875
776.3956298828125 372.5887145996094
789.63916015625 379.9289245605469
802.6746826171875 387.2662353515625
815.5762329101562 394.43017578125
828.3364868164062 401.5140380859375