1 720 1333
491.2281799316406 182.55319213867188
512.7176513671875 199.61805725097656
532.7774658203125 215.58978271484375
551.5259399414062 230.48171997070312
569.032958984375 244.41246032714844
585.4346313476562 257.47833251953125
600.8050537109375 269.661376953125
615.3965454101562 281.3341369628906
629.116455078125 292.1916809082031
641.8892211914062 302.45037841796875
654.1157836914062 312.18182373046875
480.685302734375 209.3887939453125
503.00042724609375 225.75689697265625
523.610595703125 240.9946746826172
542.8665771484375 255.21469116210938
560.8783569335938 268.4842224121094
577.7233276367188 280.87451171875
593.6114501953125 292.60968017578125
608.5303344726562 303.58709716796875
622.5845947265625 313.9954833984375
635.7396850585938 323.68798828125
648.3064575195312 333.0423889160156
470.0807189941406 237.03280639648438
493.0233459472656 252.5992431640625
514.3146362304688 267.09185791015625
534.179931640625 280.58624267578125
552.6287841796875 293.188232421875
569.9596557617188 304.9725646972656
586.2821044921875 316.04486083984375
601.56640625 326.4841003417969
615.9771728515625 336.25909423828125
629.5355224609375 345.5201110839844
642.3390502929688 354.2583312988281
459.171142578125 265.467041015625
482.73443603515625 280.22247314453125
504.7003479003906 293.8493347167969
525.177490234375 306.597412109375
544.2571411132812 318.5160217285156
562.0389404296875 329.59368896484375
578.737060546875 340.1025695800781
594.4918823242188 349.8023376464844
609.3390502929688 359.0967102050781
623.21337890625 367.69549560546875
636.2899169921875 375.91510009765625
447.9649353027344 294.6634826660156
472.3843078613281 308.5339660644531
494.9656677246094 321.3606262207031
516.029296875 333.3377990722656
535.596435546875 344.4289245605469
553.9890747070312 354.8595886230469
571.18115234375 364.5635986328125
587.3510131835938 373.7102355957031
602.461669921875 382.3222351074219
616.6409912109375 390.3627014160156
630.1165771484375 397.9964599609375
436.5129089355469 324.73309326171875
461.69329833984375 337.61309814453125
485.072998046875 349.58819580078125
506.67535400390625 360.6105041503906
526.8606567382812 371.00244140625
545.7052001953125 380.58380126953125
563.4143676757812 389.6357116699219
579.8968505859375 398.1104431152344
595.4827880859375 405.9533386230469
610.0899047851562 413.4754333496094
623.7413940429688 420.4315185546875
424.8126220703125 355.6436462402344
450.84820556640625 367.53704833984375
474.86590576171875 378.4900817871094
497.2581787109375 388.69976806640625
517.9590454101562 398.1739501953125
537.3568725585938 406.9568176269531
555.4481811523438 415.27252197265625
572.4591674804688 422.9231872558594
588.3789672851562 430.2373046875
603.3422241210938 436.9205017089844
617.3880004882812 443.3524475097656
412.87335205078125 387.4757080078125
439.720703125 398.2006530761719
464.5490417480469 408.1930847167969
487.5483703613281 417.3994445800781
508.876953125 425.9613037109375
528.7675170898438 433.859375
547.368896484375 441.34661865234375
564.7327880859375 448.297607421875
581.1421508789062 454.72381591796875
596.3980102539062 460.8421325683594
610.7318725585938 466.5438232421875