1 720 1333
681.009521484375 61.208736419677734
686.314453125 80.99800109863281
691.5509033203125 100.78260803222656
696.75634765625 120.59827423095703
702.088134765625 140.381591796875
707.2529907226562 159.93112182617188
712.4279174804688 179.53041076660156
717.5830688476562 199.09429931640625
722.691162109375 218.49009704589844
727.7711181640625 237.8627471923828
732.8233642578125 257.23870849609375
667.3092651367188 59.55386734008789
672.7152709960938 79.91252136230469
678.1611938476562 100.2127685546875
683.5628662109375 120.43842315673828
688.8639526367188 140.544921875
694.3042602539062 160.6159210205078
699.554931640625 180.53790283203125
704.8555908203125 200.5443115234375
710.2706909179688 220.3939971923828
715.426513671875 240.24481201171875
720.60107421875 259.9693298339844
652.9312133789062 57.9427375793457
658.5493774414062 78.7102279663086
664.1487426757812 99.49549102783203
669.6541137695312 120.22059631347656
675.2392578125 140.68359375
680.6574096679688 161.31536865234375
686.2291259765625 181.67335510253906
691.6614990234375 202.11837768554688
697.1521606445312 222.41773986816406
702.4755249023438 242.61830139160156
707.7738037109375 262.8326721191406
637.9180908203125 56.325496673583984
643.6892700195312 77.5129623413086
649.4481811523438 98.69071197509766
655.1959838867188 119.87743377685547
660.7747802734375 140.91445922851562
666.50732421875 161.96682739257812
672.1508178710938 182.81141662597656
677.7340698242188 203.70265197753906
683.4239501953125 224.47776794433594
688.9012451171875 245.2792205810547
694.439208984375 265.8579406738281
622.2999267578125 54.47370147705078
628.2207641601562 76.30098724365234
634.1113891601562 97.99259185791016
639.9317016601562 119.5969467163086
645.79736328125 141.30824279785156
651.6007690429688 162.6453399658203
657.4772338867188 184.15919494628906
663.2652587890625 205.44680786132812
669.0068969726562 226.66482543945312
674.6953735351562 247.91014099121094
680.3983154296875 269.0857849121094
605.7449951171875 52.61008071899414
611.8922729492188 74.91168975830078
617.928466796875 97.2529067993164
624.04541015625 119.39691925048828
630.0531005859375 141.45999145507812
636.0794067382812 163.47572326660156
641.9880981445312 185.4374237060547
647.9918823242188 207.30303955078125
653.9165649414062 229.0531005859375
659.7308349609375 250.73231506347656
665.6129760742188 272.43792724609375
588.4641723632812 50.614383697509766
594.7568359375 73.54157257080078
601.08447265625 96.36773681640625
607.3336791992188 119.09098815917969
613.4889526367188 141.6769561767578
619.6334838867188 164.33920288085938
625.7971801757812 186.73171997070312
631.9366455078125 209.2262420654297
638.0667724609375 231.48643493652344
644.1420288085938 253.75274658203125
650.1503295898438 275.91796875
570.3572387695312 48.59699249267578
576.7987060546875 72.10802459716797
583.3049926757812 95.47012329101562
589.6893310546875 118.73494720458984
596.1266479492188 142.08819580078125
602.5064086914062 165.28076171875
608.75244140625 188.33290100097656
615.153564453125 211.2803955078125
621.3917846679688 234.162109375
627.5571899414062 256.94287109375
633.7525024414062 279.68450927734375