1 720 1333
636.9133911132812 230.45118713378906
651.5387573242188 235.08518981933594
665.635009765625 239.56076049804688
679.4862060546875 243.97630310058594
692.8295288085938 248.2554168701172
705.8539428710938 252.44979858398438
718.5604858398438 256.4796447753906
730.9424438476562 260.4801330566406
742.8806762695312 264.36907958984375
754.6204223632812 268.1015625
765.9867553710938 271.7294616699219
631.4850463867188 246.92555236816406
645.9940795898438 251.3352508544922
660.256103515625 255.56349182128906
674.0073852539062 259.67578125
687.4468994140625 263.7276916503906
700.487548828125 267.6629638671875
713.1723022460938 271.5469970703125
725.52001953125 275.32647705078125
737.5496215820312 278.97430419921875
749.2662963867188 282.56170654296875
760.628173828125 285.956298828125
626.095947265625 263.3038330078125
640.60009765625 267.4059143066406
654.7596435546875 271.433837890625
668.5699462890625 275.32763671875
682.0224609375 279.1708984375
695.1299438476562 282.84014892578125
707.7932739257812 286.4610595703125
720.1723022460938 290.0445251464844
732.2857666015625 293.52655029296875
743.9022216796875 296.7796936035156
755.3483276367188 300.1984558105469
620.668212890625 279.4501953125
635.322998046875 283.39813232421875
649.4317626953125 287.1290588378906
663.306884765625 290.7723388671875
676.6580810546875 294.422119140625
689.7440795898438 297.8375549316406
702.4615478515625 301.3207702636719
714.8734130859375 304.6181640625
726.9427490234375 307.8359375
738.6543579101562 311.0500793457031
750.07177734375 314.1468505859375
615.4840087890625 295.48138427734375
630.0003051757812 299.1308288574219
644.2265625 302.6474914550781
657.9418334960938 306.1454772949219
671.4366455078125 309.4958190917969
684.5103759765625 312.751708984375
697.2754516601562 315.9795227050781
709.5885620117188 319.1200866699219
721.7144775390625 322.2029724121094
733.4219360351562 325.1162109375
744.8890991210938 327.9797668457031
610.275390625 311.33648681640625
624.8065185546875 314.72705078125
638.9192504882812 318.10882568359375
652.7548828125 321.3230285644531
666.2169799804688 324.4576416015625
679.302978515625 327.52838134765625
692.0031127929688 330.4971923828125
704.4551391601562 333.4456481933594
716.495361328125 336.31005859375
728.2821044921875 339.088134765625
739.66943359375 341.6807556152344
605.163818359375 327.0135192871094
619.6487426757812 330.208251953125
633.7974853515625 333.3116455078125
647.5899047851562 336.3189392089844
661.0675659179688 339.3019714355469
674.1265258789062 342.1276550292969
686.8121337890625 344.8658447265625
699.28759765625 347.5924072265625
711.3568725585938 350.31341552734375
723.139404296875 352.7768859863281
734.5570678710938 355.35186767578125
600.1439819335938 342.50689697265625
614.6170654296875 345.4950256347656
628.7086181640625 348.3594970703125
642.5397338867188 351.20489501953125
655.914306640625 353.8681335449219
669.0111083984375 356.5511169433594
681.6912841796875 359.13592529296875
694.1646118164062 361.6365966796875
706.243408203125 364.0906982421875
717.94189453125 366.4593505859375
729.44287109375 368.7488098144531