1 720 1333
662.2228393554688 213.68209838867188
677.5311279296875 217.72463989257812
692.7451171875 221.76133728027344
707.9541015625 225.8063507080078
723.1478881835938 229.89166259765625
738.1583251953125 233.93844604492188
753.138427734375 237.97166442871094
767.9756469726562 241.9510955810547
782.760498046875 245.97506713867188
797.470947265625 249.94534301757812
812.0806884765625 253.90220642089844
658.236328125 229.3271942138672
673.505859375 233.35057067871094
688.6864624023438 237.34811401367188
703.8448486328125 241.3460235595703
718.9491577148438 245.3321075439453
733.9348754882812 249.34217834472656
748.8326416015625 253.31761169433594
763.67626953125 257.240478515625
778.4456787109375 261.2131042480469
793.0980224609375 265.1372985839844
807.6270141601562 269.0030822753906
654.3154907226562 244.7487030029297
669.559326171875 248.73822021484375
684.7003784179688 252.6729736328125
699.811279296875 256.6436767578125
714.8223266601562 260.587158203125
729.7783813476562 264.55029296875
744.6451416015625 268.4718017578125
759.4529418945312 272.4067687988281
774.1882934570312 276.31634521484375
788.7185668945312 280.1992492675781
803.2918701171875 283.99945068359375
650.400634765625 260.25531005859375
665.5590209960938 264.1707763671875
680.6929321289062 268.02294921875
695.7427368164062 271.87066650390625
710.7650146484375 275.7675476074219
725.6661987304688 279.6665344238281
740.514404296875 283.57452392578125
755.2784423828125 287.45001220703125
769.8566284179688 291.2813415527344
784.4358520507812 295.0773620605469
798.923095703125 298.823974609375
646.48974609375 275.5067138671875
661.6334838867188 279.3909606933594
676.6880493164062 283.2552490234375
691.7225341796875 287.1039733886719
706.6943359375 290.88397216796875
721.5765991210938 294.72344970703125
736.3936157226562 298.5660095214844
751.098388671875 302.40106201171875
765.6327514648438 306.1689147949219
780.2593383789062 309.8902282714844
794.5682983398438 313.6083068847656
642.6494750976562 290.6827392578125
657.7378540039062 294.50860595703125
672.764892578125 298.3583068847656
687.7329711914062 302.1549072265625
702.6723022460938 305.8982238769531
717.509765625 309.6624450683594
732.2999267578125 313.48345947265625
746.8502807617188 317.20648193359375
761.4833374023438 320.9378662109375
775.890380859375 324.58294677734375
790.3215942382812 328.3335266113281
638.8079833984375 305.7413024902344
653.8849487304688 309.5399169921875
668.8374633789062 313.31158447265625
683.7969360351562 317.0685729980469
698.6558227539062 320.7594909667969
713.46044921875 324.5248718261719
728.1716918945312 328.26947021484375
742.7405395507812 331.85980224609375
757.31201171875 335.5711669921875
771.6687622070312 339.26385498046875
786.0438232421875 342.80682373046875
635.1111450195312 320.7154846191406
650.0997924804688 324.4891357421875
665.0281372070312 328.2446594238281
679.8648681640625 331.8563537597656
694.701904296875 335.566162109375
709.4342041015625 339.263916015625
724.1202392578125 342.86346435546875
738.6239624023438 346.4862365722656
753.1669311523438 350.17816162109375
767.4760131835938 353.6785583496094
781.7012939453125 357.2829895019531