1 720 1333
852.5054321289062 234.77352905273438
865.1123046875 238.67410278320312
877.1267700195312 242.47396850585938
888.7481689453125 246.1237030029297
899.9539184570312 249.59722900390625
910.7619018554688 253.0144500732422
921.2156982421875 256.3187561035156
931.3259887695312 259.4197082519531
941.0316162109375 262.50286865234375
950.3949584960938 265.42816162109375
959.408447265625 268.29742431640625
848.0731811523438 254.91571044921875
860.5906372070312 258.4537353515625
872.7385864257812 261.81353759765625
884.3987426757812 265.1874084472656
895.6476440429688 268.3260192871094
906.4898681640625 271.38385009765625
916.9442749023438 274.2969665527344
927.1072998046875 277.16265869140625
936.9008178710938 279.8221435546875
946.299072265625 282.52581787109375
955.4232788085938 285.13043212890625
843.5873413085938 274.9593200683594
856.2808837890625 278.1561279296875
868.4027099609375 281.17156982421875
880.1468505859375 284.0776672363281
891.4133911132812 286.8468017578125
902.3182983398438 289.5763854980469
912.7415161132812 292.2066650390625
923.0170288085938 294.6929626464844
932.7543334960938 297.1934814453125
942.299560546875 299.5252380371094
951.3623046875 301.76739501953125
839.3060913085938 294.900390625
851.8587646484375 297.6328430175781
864.1354370117188 300.34381103515625
875.796142578125 302.84228515625
887.2254028320312 305.3523254394531
898.0911865234375 307.6780700683594
908.6343994140625 310.0186462402344
918.802490234375 312.2492370605469
928.7017822265625 314.39715576171875
938.19091796875 316.4461364746094
947.4227905273438 318.4783020019531
834.8272094726562 314.6504821777344
847.5792236328125 317.06878662109375
859.7212524414062 319.3757629394531
871.598876953125 321.53253173828125
882.8739013671875 323.65966796875
893.8919677734375 325.6859130859375
904.5046997070312 327.677490234375
914.7196044921875 329.60003662109375
924.6011962890625 331.4832458496094
934.1836547851562 333.27020263671875
943.387939453125 334.9494934082031
830.5401000976562 334.33831787109375
843.3128662109375 336.34271240234375
855.5252685546875 338.2782287597656
867.3497924804688 340.16815185546875
878.7413330078125 341.83837890625
889.6860961914062 343.63848876953125
900.383544921875 345.3140563964844
910.6134643554688 346.89288330078125
920.559814453125 348.4817199707031
930.1303100585938 349.9767150878906
939.3933715820312 351.46649169921875
826.2816772460938 353.774658203125
839.0413818359375 355.4733581542969
851.3302612304688 357.02880859375
863.2075805664062 358.5092468261719
874.5538940429688 360.00445556640625
885.5720825195312 361.38671875
896.2552490234375 362.7713928222656
906.5232543945312 364.0616455078125
916.4930419921875 365.3919982910156
926.0966796875 366.5527038574219
935.394287109375 367.7198181152344
821.9943237304688 373.2366943359375
834.7893676757812 374.4603576660156
847.1701049804688 375.6149597167969
859.010498046875 376.80926513671875
870.4264526367188 377.94744873046875
881.4434204101562 379.1427917480469
892.1251831054688 380.127685546875
902.4404907226562 381.201171875
912.4063110351562 382.1493835449219
922.0205078125 383.0454406738281
931.342529296875 383.9024353027344