1 720 1333
852.6436157226562 214.7099609375
863.4659423828125 223.9225616455078
873.8990478515625 232.7704620361328
884.2032470703125 241.55177307128906
894.1063842773438 249.9940185546875
903.7453002929688 258.28118896484375
913.1682739257812 266.33251953125
922.419921875 274.17254638671875
931.3176879882812 281.7959289550781
940.1077880859375 289.2802429199219
948.5357055664062 296.5221252441406
841.4140625 229.08445739746094
852.3047485351562 237.94674682617188
862.80078125 246.61544799804688
873.15576171875 255.12916564941406
883.1793212890625 263.37835693359375
892.8392333984375 271.4084777832031
902.431396484375 279.23358154296875
911.6292114257812 286.8966369628906
920.7064819335938 294.3331298828125
929.49755859375 301.6256408691406
938.1609497070312 308.6794128417969
830.3486938476562 243.19149780273438
841.2781982421875 251.81289672851562
851.8884887695312 260.3144226074219
862.2637329101562 268.52777099609375
872.3746948242188 276.58001708984375
882.1926879882812 284.3780212402344
891.7308349609375 292.0928955078125
901.1491088867188 299.4643249511719
910.2566528320312 306.78277587890625
919.1475219726562 313.7812194824219
927.7301635742188 320.73193359375
819.3555908203125 257.13232421875
830.403076171875 265.57122802734375
841.0590209960938 273.7442932128906
851.5411376953125 281.79339599609375
861.6206665039062 289.59686279296875
871.5753784179688 297.3104553222656
881.2410278320312 304.6455078125
890.6295776367188 311.9853820800781
899.8308715820312 319.0467224121094
908.7454833984375 325.9418029785156
917.5303955078125 332.6484375
808.526611328125 270.88934326171875
819.5567626953125 279.1336364746094
830.402587890625 287.1978454589844
840.855224609375 294.9151916503906
851.1714477539062 302.5675354003906
861.1111450195312 309.9754638671875
870.7944946289062 317.26702880859375
880.3153686523438 324.3168029785156
889.5791015625 331.2531433105469
898.5761108398438 337.8603210449219
907.4073486328125 344.48077392578125
797.7817993164062 284.5194091796875
808.9830322265625 292.5358581542969
819.7679443359375 300.3179626464844
830.4295043945312 307.9106750488281
840.677978515625 315.3588562011719
850.7239990234375 322.56182861328125
860.5166625976562 329.5932312011719
870.146728515625 336.50335693359375
879.4385986328125 343.23541259765625
888.4983520507812 349.7130432128906
897.3899536132812 356.17767333984375
787.3184204101562 298.0374755859375
798.4972534179688 305.72869873046875
809.4321899414062 313.3988037109375
820.0732421875 320.7030334472656
830.4271240234375 327.9850158691406
840.4929809570312 334.9724426269531
850.397705078125 341.82110595703125
859.9664306640625 348.5204162597656
869.3902587890625 355.08453369140625
878.5062255859375 361.4328308105469
887.453857421875 367.6056213378906
776.8119506835938 311.3190002441406
788.1898803710938 318.859619140625
799.1421508789062 326.2806396484375
809.78759765625 333.4541931152344
820.2877807617188 340.4508361816406
830.4164428710938 347.3158874511719
840.3270263671875 353.90380859375
849.947998046875 360.435791015625
859.4327392578125 366.7158203125
868.5805053710938 372.9155578613281
877.5817260742188 378.95086669921875