1 720 1333
624.8319091796875 70.48126983642578
618.1456909179688 94.37195587158203
611.5169067382812 117.79553985595703
604.9766235351562 140.945556640625
598.5840454101562 163.6984100341797
592.3425903320312 186.16851806640625
586.146240234375 208.2430877685547
580.0806884765625 229.91287231445312
574.0786743164062 251.3221435546875
568.2938842773438 272.35540771484375
562.5325927734375 293.0631103515625
604.5098266601562 65.0784683227539
598.0780029296875 88.66509246826172
591.60302734375 112.01087188720703
585.387451171875 134.96739196777344
579.2487182617188 157.53147888183594
573.1649780273438 179.74314880371094
567.2359619140625 201.65208435058594
561.3137817382812 223.2691192626953
555.5243530273438 244.4473114013672
549.864501953125 265.33074951171875
544.430908203125 285.866455078125
584.657958984375 59.776763916015625
578.3604736328125 83.24471282958984
572.2272338867188 106.36178588867188
566.1970825195312 129.09812927246094
560.1986083984375 151.4944305419922
554.365478515625 173.5205535888672
548.5298461914062 195.30064392089844
542.8912963867188 216.65621948242188
537.3823852539062 237.7060089111328
531.891845703125 258.4389343261719
526.5980834960938 278.8368835449219
565.17138671875 54.57949447631836
559.1643676757812 77.83821105957031
553.1987915039062 100.70935821533203
547.2779541015625 123.34162902832031
541.5508422851562 145.52381896972656
535.8294067382812 167.42230224609375
530.374755859375 189.00332641601562
524.8365478515625 210.26071166992188
519.5101318359375 231.16522216796875
514.354248046875 251.7163848876953
509.2472229003906 271.9688720703125
546.1483764648438 49.54804611206055
540.25 72.5693130493164
534.4894409179688 95.34333801269531
528.796142578125 117.63294219970703
523.309326171875 139.68814086914062
517.794677734375 161.45999145507812
512.478515625 182.8284149169922
507.2629699707031 203.93678283691406
502.07562255859375 224.6593475341797
497.0309143066406 245.15579223632812
492.1193542480469 265.2584228515625
527.4130859375 44.60698318481445
521.6792602539062 67.46514129638672
516.18701171875 89.95344543457031
510.66680908203125 112.14022827148438
505.3777770996094 134.0760040283203
500.1500549316406 155.56881713867188
494.9844055175781 176.81207275390625
489.8384704589844 197.7281494140625
484.85888671875 218.3697052001953
480.1063537597656 238.6300048828125
475.34124755859375 258.6014099121094
509.1883544921875 39.8096923828125
503.5765686035156 62.45941925048828
498.30474853515625 84.73098754882812
492.9854431152344 106.75202941894531
487.7785949707031 128.44580078125
482.7438659667969 149.80995178222656
477.7789306640625 170.9077911376953
472.93634033203125 191.68228149414062
468.1429443359375 212.17306518554688
463.4770202636719 232.3064422607422
458.8856506347656 252.14088439941406
491.2056884765625 35.208030700683594
485.8783874511719 57.55563735961914
480.6654052734375 79.620849609375
475.5966491699219 101.48682403564453
470.63275146484375 123.02672576904297
465.7170715332031 144.2301483154297
461.0400695800781 165.1919708251953
456.3635559082031 185.74778747558594
451.6993713378906 206.06591796875
447.29925537109375 226.0732421875
442.83599853515625 245.7174072265625