1 720 1333
568.3914794921875 438.42431640625
576.9928588867188 446.1078796386719
585.9099731445312 454.0994873046875
595.2556762695312 462.3388977050781
604.810302734375 470.8299560546875
614.8216552734375 479.70751953125
625.2510986328125 488.9028015136719
635.9735107421875 498.4989318847656
647.20166015625 508.3811950683594
658.8478393554688 518.68994140625
670.978271484375 529.4300537109375
556.979248046875 450.2695617675781
565.498779296875 458.2289733886719
574.2973022460938 466.42669677734375
583.4009399414062 474.94683837890625
592.7855834960938 483.7604675292969
602.6113891601562 492.9324645996094
612.797607421875 502.4880065917969
623.44189453125 512.3568725585938
634.4408569335938 522.5712280273438
645.8909912109375 533.2980346679688
657.8480834960938 544.4105834960938
545.5196533203125 462.23236083984375
553.763427734375 470.4151306152344
562.4349975585938 478.8818359375
571.3707885742188 487.6883239746094
580.6337280273438 496.8119201660156
590.3241577148438 506.3536682128906
600.3351440429688 516.1942749023438
610.6674194335938 526.3773803710938
621.5146484375 536.9259643554688
632.7689819335938 548.0371704101562
644.5695190429688 559.5225830078125
533.8193969726562 474.30926513671875
542.0250244140625 482.70318603515625
550.4401245117188 491.5106506347656
559.2777099609375 500.5892639160156
568.34423828125 510.06329345703125
577.7537231445312 519.7894287109375
587.583740234375 529.9892578125
597.7890625 540.5228881835938
608.4360961914062 551.5108642578125
619.5386352539062 562.9488525390625
631.119140625 574.8488159179688
522.1361694335938 486.4432067871094
530.10400390625 495.215087890625
538.38037109375 504.2681579589844
546.9232177734375 513.610107421875
555.8643188476562 523.3995971679688
565.1596069335938 533.4846801757812
574.7213745117188 543.9854125976562
584.7587280273438 554.84912109375
595.2365112304688 566.2775268554688
606.1406860351562 578.0979614257812
617.4673461914062 590.4129638671875
510.25787353515625 498.7638244628906
518.0249633789062 507.7342224121094
526.1524047851562 517.150634765625
534.5155029296875 526.7921752929688
543.3011474609375 536.861083984375
552.3851318359375 547.3585205078125
561.7434692382812 558.180419921875
571.5955810546875 569.4473876953125
581.7650146484375 581.184814453125
592.5056762695312 593.4097290039062
603.626708984375 606.158203125
498.2035217285156 511.2253723144531
505.7881774902344 520.5136108398438
513.7097778320312 530.1580810546875
521.9779663085938 540.1580810546875
530.53076171875 550.5266723632812
539.4208374023438 561.3073120117188
548.6414794921875 572.5068359375
558.3084716796875 584.176513671875
568.323486328125 596.321044921875
578.7073364257812 608.889892578125
589.6373901367188 622.1388549804688
486.0237121582031 523.724365234375
493.4747009277344 533.3599243164062
501.2530517578125 543.318603515625
509.309814453125 553.5784912109375
517.6124267578125 564.3621826171875
526.3495483398438 575.4552001953125
535.40771484375 587.0438232421875
544.7623291015625 599.0767822265625
554.59033203125 611.5817260742188
564.8212280273438 624.627197265625
575.53857421875 638.2822875976562