1 720 1333
630.38037109375 259.6796875
646.7560424804688 255.73080444335938
662.856201171875 251.88955688476562
678.5839233398438 248.26878356933594
693.8734130859375 244.57656860351562
708.7617797851562 241.12380981445312
723.3650512695312 237.65162658691406
737.5321044921875 234.36000061035156
751.3806762695312 231.1248016357422
764.7694091796875 227.82989501953125
777.9487915039062 224.78797912597656
631.4962768554688 277.3126525878906
647.7446899414062 273.2407531738281
663.6175537109375 269.2551574707031
679.2074584960938 265.34619140625
694.2828369140625 261.593017578125
708.9002685546875 257.8289489746094
723.3696899414062 254.33126831054688
737.3489990234375 250.80165100097656
751.0367431640625 247.41050720214844
764.3768310546875 244.12112426757812
777.3827514648438 240.75390625
632.6563720703125 294.4324035644531
648.6697387695312 290.24798583984375
664.39794921875 286.1037292480469
679.59033203125 282.0724182128906
694.5728759765625 278.100341796875
709.1251831054688 274.31536865234375
723.3511962890625 270.4994812011719
737.1658325195312 266.8728942871094
750.6276245117188 263.4245300292969
763.7493286132812 259.8421936035156
776.6400756835938 256.5379333496094
633.7389526367188 311.1979064941406
649.5665893554688 306.76031494140625
665.07177734375 302.49639892578125
680.2536010742188 298.33154296875
694.7921752929688 294.30987548828125
709.3243408203125 290.3019714355469
723.2914428710938 286.4329833984375
736.94384765625 282.6371154785156
750.3543090820312 278.94976806640625
763.4052124023438 275.3880615234375
776.0857543945312 271.784423828125
634.8493041992188 327.40899658203125
650.4773559570312 322.89837646484375
665.6902465820312 318.4800720214844
680.616943359375 314.2674255371094
695.2451171875 310.0292663574219
709.3898315429688 305.8977355957031
723.3179321289062 301.8335266113281
736.68310546875 297.9795227050781
750.0729370117188 294.21649169921875
762.7982788085938 290.4674072265625
775.4494018554688 286.76483154296875
636.0225830078125 343.3121643066406
651.4408569335938 338.6068115234375
666.4429931640625 334.15093994140625
681.165771484375 329.642822265625
695.4763793945312 325.4081726074219
709.5250244140625 321.1620178222656
723.2278442382812 317.0132141113281
736.5763549804688 312.96014404296875
749.6155395507812 309.0838928222656
762.4592895507812 305.2171630859375
774.7560424804688 301.4587707519531
637.0499267578125 358.6856384277344
652.3117065429688 353.9463195800781
667.1466064453125 349.3518981933594
681.5482788085938 344.77313232421875
695.7294921875 340.385986328125
709.5731811523438 336.0179748535156
723.2024536132812 331.7120361328125
736.37939453125 327.606689453125
749.3534545898438 323.54656982421875
761.781005859375 319.5747985839844
774.2451782226562 315.68804931640625
638.1734008789062 373.7012634277344
653.1317749023438 368.8822326660156
667.6766357421875 364.1897277832031
682.095947265625 359.5054931640625
696.0848388671875 354.9559020996094
709.685791015625 350.502685546875
723.1410522460938 346.18572998046875
736.2142944335938 341.8550720214844
748.7998046875 337.71563720703125
761.4224243164062 333.5959777832031
773.5068969726562 329.6353759765625