1 720 1333
701.083740234375 278.5001220703125
714.3109741210938 281.8446044921875
727.9983520507812 285.4330749511719
742.3562622070312 289.1222229003906
757.38134765625 292.9024963378906
772.9830932617188 296.92193603515625
789.3887329101562 301.1761779785156
806.5137939453125 305.4962463378906
824.455810546875 310.0859069824219
843.3799438476562 314.8541564941406
863.2150268554688 319.8702392578125
688.9042358398438 289.4801025390625
701.9848022460938 293.1473693847656
715.6217041015625 296.89556884765625
729.8965454101562 300.84136962890625
744.740478515625 305.0740966796875
760.3352661132812 309.4297790527344
776.6380004882812 313.9032287597656
793.7101440429688 318.6313171386719
811.6179809570312 323.57373046875
830.4371337890625 328.7905578613281
850.2050170898438 334.3268737792969
676.4335327148438 300.6664123535156
689.4157104492188 304.601806640625
702.9300537109375 308.6825256347656
717.108642578125 312.9996643066406
731.8584594726562 317.4792175292969
747.3484497070312 322.21026611328125
763.553466796875 327.0992736816406
780.5398559570312 332.18975830078125
798.3795166015625 337.4929504394531
817.151611328125 343.2120056152344
836.8135375976562 349.1387634277344
663.6110229492188 312.2450256347656
676.4614868164062 316.4357604980469
689.8722534179688 320.75958251953125
703.9076538085938 325.4394836425781
718.5912475585938 330.28021240234375
733.9517211914062 335.3081359863281
750.120849609375 340.5429992675781
767.0198364257812 346.07427978515625
784.722412109375 351.80035400390625
803.4241943359375 357.9332580566406
823.08447265625 364.416015625
650.5206909179688 323.9700012207031
663.2577514648438 328.4913024902344
676.5203857421875 333.26934814453125
690.4129638671875 338.2054443359375
704.9778442382812 343.3695373535156
720.2490234375 348.7408752441406
736.2550048828125 354.4414978027344
753.02783203125 360.3938903808594
770.6824951171875 366.5774230957031
789.3071899414062 373.25933837890625
808.8289794921875 380.1995544433594
637.1281127929688 336.0356750488281
649.62109375 340.8463134765625
662.7459716796875 345.94970703125
676.5100708007812 351.28057861328125
690.9640502929688 356.7955627441406
706.1168823242188 362.6189270019531
721.9268798828125 368.7169189453125
738.622802734375 375.1585388183594
756.223388671875 381.80950927734375
774.660400390625 388.94451904296875
794.1952514648438 396.4838562011719
623.3622436523438 348.4034118652344
635.751953125 353.5249938964844
648.6992797851562 358.9691467285156
662.3521118164062 364.6412353515625
676.5570068359375 370.6280212402344
691.5504760742188 376.8778991699219
707.2989501953125 383.4720458984375
723.7905883789062 390.373779296875
741.2646484375 397.5637512207031
759.592041015625 405.2674560546875
779.0260009765625 413.33935546875
609.3626098632812 360.9627990722656
621.4850463867188 366.5119934082031
634.2991333007812 372.34881591796875
647.6701049804688 378.4300842285156
661.78125 384.7802734375
676.5922241210938 391.5221862792969
692.2232666015625 398.5880126953125
708.5712890625 406.0024719238281
725.8335571289062 413.75213623046875
744.1170043945312 422.0757141113281
763.4252319335938 430.6997375488281