1 720 1333
417.25701904296875 331.6035461425781
437.7198181152344 333.5311584472656
458.407958984375 335.417724609375
479.1161193847656 337.2847900390625
499.85455322265625 339.15576171875
520.704345703125 340.8987121582031
541.6766357421875 342.7009582519531
562.7188720703125 344.5829772949219
583.8672485351562 346.44952392578125
605.1542358398438 348.248046875
626.4556274414062 349.95806884765625
422.3434753417969 345.73419189453125
442.374755859375 347.6393737792969
462.4916687011719 349.54412841796875
482.672607421875 351.4427185058594
503.0005798339844 353.31329345703125
523.3624877929688 355.1573791503906
543.7506713867188 356.91473388671875
564.38720703125 358.74200439453125
584.9261474609375 360.61956787109375
605.5927124023438 362.43914794921875
626.4381713867188 364.2720947265625
427.2551574707031 359.375244140625
446.73455810546875 361.2527160644531
466.4413757324219 363.0818786621094
486.16351318359375 364.8739318847656
505.91094970703125 366.7139587402344
525.7925415039062 368.58795166015625
545.7796020507812 370.4794616699219
565.7865600585938 372.3746337890625
585.9833984375 374.265625
606.234130859375 375.96844482421875
626.4620971679688 377.7047119140625
431.8165588378906 372.28131103515625
450.98529052734375 374.12542724609375
470.2129211425781 375.8970642089844
489.4768371582031 377.7712707519531
508.7299499511719 379.641845703125
528.2423095703125 381.5299377441406
547.6734619140625 383.4351501464844
567.310302734375 385.2810974121094
586.8397827148438 387.1534118652344
606.6589965820312 388.8295593261719
626.4442138671875 390.6308898925781
436.3428955078125 384.52777099609375
454.9963073730469 386.4223327636719
473.7408447265625 388.3143310546875
492.5647277832031 390.17657470703125
511.50238037109375 391.9828186035156
530.4537353515625 393.8281555175781
549.5282592773438 395.6593933105469
568.5986328125 397.5688171386719
587.8011474609375 399.4244689941406
607.15380859375 401.2537536621094
626.4788818359375 402.94573974609375
440.5596008300781 396.3349609375
458.8471984863281 398.2227478027344
477.2262878417969 400.0481262207031
495.61248779296875 401.8639831542969
514.095947265625 403.71783447265625
532.6389770507812 405.5843811035156
551.2691650390625 407.4708557128906
569.9912109375 409.3497009277344
588.6790161132812 411.2055969238281
607.5545043945312 412.8934020996094
626.4742431640625 414.6592712402344
444.6739196777344 407.53729248046875
462.5379943847656 409.4513244628906
480.52203369140625 411.3179016113281
498.4772644042969 413.16229248046875
516.5643920898438 414.9862365722656
534.6951293945312 416.7939147949219
552.95556640625 418.6305847167969
571.2688598632812 420.4981689453125
589.5913696289062 422.3753356933594
608.0808715820312 424.11572265625
626.5253295898438 425.78900146484375
448.5717468261719 418.35772705078125
466.11138916015625 420.2680358886719
483.6272277832031 422.10675048828125
501.3251953125 423.8505554199219
518.981689453125 425.7196960449219
536.71728515625 427.5686340332031
554.568603515625 429.4186096191406
572.4949951171875 431.263427734375
590.46484375 432.96453857421875
608.486083984375 434.66326904296875
626.5242309570312 436.4717102050781