1 720 1333
526.4318237304688 226.78424072265625
543.5902709960938 225.65817260742188
561.3714599609375 224.56114196777344
579.556884765625 223.42648315429688
598.459228515625 222.2507781982422
617.9244995117188 220.9268798828125
638.1168823242188 219.67909240722656
658.7723388671875 218.5042724609375
680.2702026367188 217.2662811279297
702.4285888671875 215.87913513183594
725.309814453125 214.5745849609375
528.317138671875 248.0352325439453
545.3847045898438 247.3022918701172
562.933837890625 246.4591522216797
581.1599731445312 245.54861450195312
599.8800659179688 244.6596221923828
619.3680419921875 243.8175048828125
639.3636474609375 242.9696044921875
659.9341430664062 242.1355438232422
681.326416015625 241.31614685058594
703.3428955078125 240.35479736328125
726.03369140625 239.4252166748047
530.06298828125 268.9464416503906
547.0374755859375 268.53662109375
564.5488891601562 268.0411682128906
582.624267578125 267.50225830078125
601.3850708007812 267.0295104980469
620.582275390625 266.53643798828125
640.5114135742188 265.98455810546875
661.1007690429688 265.47509765625
682.2940063476562 264.8995361328125
704.1937255859375 264.48193359375
726.6939697265625 263.9420471191406
531.77783203125 289.6772766113281
548.649169921875 289.5400390625
566.2225341796875 289.43475341796875
584.2146606445312 289.3370361328125
602.7078857421875 289.11651611328125
621.8662719726562 288.84527587890625
641.6659545898438 288.6769714355469
662.1678466796875 288.5916748046875
683.2920532226562 288.4732666015625
705.028076171875 288.35089111328125
727.4892578125 288.2360534667969
533.5091552734375 310.28509521484375
550.39990234375 310.4167785644531
567.6505126953125 310.5352478027344
585.6116943359375 310.63372802734375
604.1793823242188 310.78009033203125
623.2716064453125 311.072509765625
642.8204345703125 311.3315124511719
663.2947387695312 311.45489501953125
684.2284545898438 311.5913391113281
705.7997436523438 311.8051452636719
728.2406616210938 312.15142822265625
535.3343505859375 330.5173645019531
552.0230102539062 330.9416809082031
569.3571166992188 331.4432373046875
587.1268310546875 331.8947448730469
605.5400390625 332.43182373046875
624.4616088867188 332.8485107421875
644.1582641601562 333.4522399902344
664.3021240234375 334.0079345703125
685.1895141601562 334.5587463378906
706.6232299804688 335.2217102050781
728.7937622070312 335.7070617675781
536.9234619140625 350.5506896972656
553.631103515625 351.3470458984375
570.8058471679688 352.08953857421875
588.599365234375 352.7932434082031
606.8404541015625 353.6255798339844
625.71728515625 354.5240783691406
645.326904296875 355.4159851074219
665.4022827148438 356.3047180175781
686.1454467773438 357.2602844238281
707.5027465820312 358.1462707519531
729.5105590820312 359.0448303222656
538.6339721679688 370.3988037109375
555.33251953125 371.4364013671875
572.4255981445312 372.4881591796875
590.1297607421875 373.5408630371094
608.3106689453125 374.6455383300781
627.0562744140625 375.7891540527344
646.4566040039062 377.00079345703125
666.4547119140625 378.2735900878906
687.0553588867188 379.45538330078125
708.3336791992188 380.6304626464844
730.2366943359375 381.9410400390625