1 720 1333
552.3243408203125 144.1411895751953
559.300537109375 156.25033569335938
566.4010620117188 168.65924072265625
573.5399780273438 181.22747802734375
580.8033447265625 193.93292236328125
588.2886962890625 206.79627990722656
595.7272338867188 219.90635681152344
603.4011840820312 233.1973419189453
611.11279296875 246.61520385742188
618.9308471679688 260.3185119628906
626.9278564453125 274.18280029296875
543.2228393554688 155.21046447753906
550.0316772460938 167.36782836914062
556.9144287109375 179.60214233398438
563.9559326171875 192.12237548828125
571.1417236328125 204.6830596923828
578.3486938476562 217.51539611816406
585.6307373046875 230.46768188476562
593.126708984375 243.6016845703125
600.6004028320312 256.9953918457031
608.3378295898438 270.4909973144531
616.1404418945312 284.30908203125
534.3712158203125 166.09841918945312
540.9623413085938 178.11953735351562
547.7319946289062 190.344482421875
554.6114501953125 202.6277313232422
561.5950927734375 215.229736328125
568.6248168945312 227.87252807617188
575.7673950195312 240.71287536621094
583.0853881835938 253.7970428466797
590.4391479492188 267.0365295410156
597.9031372070312 280.4931335449219
605.5390625 294.1273498535156
525.6009521484375 176.6416015625
532.2244873046875 188.6053466796875
538.752685546875 200.68869018554688
545.51171875 212.99449157714844
552.35009765625 225.44351196289062
559.2595825195312 238.01080322265625
566.26318359375 250.76649475097656
573.3558959960938 263.7100830078125
580.4945068359375 276.8362731933594
587.80419921875 290.19769287109375
595.2999877929688 303.6754455566406
517.2459716796875 186.9636993408203
523.5830688476562 198.8193817138672
530.1026611328125 210.86383056640625
536.6087036132812 223.0889892578125
543.3513793945312 235.38290405273438
550.075439453125 247.86154174804688
556.8933715820312 260.5164489746094
563.809814453125 273.4127197265625
570.8318481445312 286.4031982421875
578.0764770507812 299.6194152832031
585.3468017578125 312.9386901855469
508.93914794921875 197.0892333984375
515.2620239257812 208.80010986328125
521.5560913085938 220.74952697753906
527.9951171875 232.83169555664062
534.5281372070312 245.14389038085938
541.1502685546875 257.45977783203125
547.7807006835938 270.1116638183594
554.6039428710938 282.7614440917969
561.4874877929688 295.7023010253906
568.5014038085938 308.7308349609375
575.6228637695312 322.1056823730469
500.8860778808594 206.8758544921875
507.046142578125 218.5666961669922
513.31494140625 230.40444946289062
519.580810546875 242.43040466308594
525.9837036132812 254.55384826660156
532.4564208984375 266.83990478515625
539.0523071289062 279.346923828125
545.6470336914062 291.9986572265625
552.4298095703125 304.6950378417969
559.300537109375 317.7673034667969
566.25341796875 330.81866455078125
493.101318359375 216.47857666015625
499.1272888183594 228.06471252441406
505.2231140136719 239.78854370117188
511.3903503417969 251.6971435546875
517.6101684570312 263.7929382324219
523.995849609375 275.9815368652344
530.4520263671875 288.4193115234375
536.9240112304688 300.83453369140625
543.5455322265625 313.6496887207031
550.3387451171875 326.4158935546875
557.1595458984375 339.46124267578125