1 720 1333
425.3841552734375 181.59030151367188
451.6669006347656 173.3535919189453
477.1335754394531 165.32666015625
501.6999816894531 157.5985565185547
525.6083374023438 150.1767578125
548.6744384765625 142.93922424316406
571.09375 135.98004150390625
592.7647705078125 129.31878662109375
613.8160400390625 122.77528381347656
634.2393798828125 116.50636291503906
653.949951171875 110.47090911865234
434.956298828125 208.04139709472656
460.5246276855469 199.53546142578125
485.32086181640625 191.27978515625
509.2950744628906 183.2782440185547
532.5321044921875 175.5497283935547
555.1195068359375 168.12379455566406
576.97021484375 160.82421875
598.2283325195312 153.8527069091797
618.7806396484375 147.1951141357422
638.6973876953125 140.62867736816406
658.0776977539062 134.36074829101562
444.1663513183594 233.41441345214844
469.0857849121094 224.61903381347656
493.173583984375 216.2172088623047
516.5372314453125 207.9191131591797
539.2619018554688 199.98377990722656
561.31298828125 192.28648376464844
582.6184692382812 184.80642700195312
603.4234008789062 177.61875915527344
623.5712280273438 170.63973999023438
643.0782470703125 163.87301635742188
662.0050048828125 157.3934326171875
452.9986877441406 257.7274169921875
477.2243347167969 248.75857543945312
500.69769287109375 240.1348876953125
523.4930419921875 231.693115234375
545.6832885742188 223.519775390625
567.2020263671875 215.58529663085938
588.1920776367188 207.91067504882812
608.43896484375 200.51568603515625
628.2302856445312 193.34307861328125
647.3031005859375 186.3973846435547
665.8447265625 179.6265411376953
461.4812927246094 281.11517333984375
485.1507568359375 271.9524230957031
507.9787902832031 263.1009826660156
530.3300170898438 254.4718017578125
551.8756713867188 246.20260620117188
572.9584350585938 238.07618713378906
593.4096069335938 230.20742797851562
613.3363037109375 222.5491943359375
632.58056640625 215.26512145996094
651.3668212890625 208.03604125976562
669.5478515625 201.1565399169922
469.645263671875 303.5591735839844
492.6465759277344 294.27777099609375
515.0551147460938 285.2648620605469
536.7210083007812 276.48748779296875
557.8984375 267.935546875
578.44287109375 259.6812744140625
598.478271484375 251.64564514160156
617.920166015625 243.86538696289062
636.8825073242188 236.3568572998047
655.2615966796875 229.0169677734375
673.1708984375 221.85923767089844
477.5274658203125 325.1054382324219
499.9715576171875 315.68621826171875
521.7530517578125 306.5307312011719
543.0264892578125 297.59930419921875
563.6618041992188 288.991455078125
583.7709350585938 280.5726013183594
603.3831176757812 272.41015625
622.4702758789062 264.461181640625
640.9483032226562 256.7508544921875
659.0029296875 249.2688751220703
676.5010986328125 241.9971466064453
485.1249694824219 345.79541015625
507.0932312011719 336.3285827636719
528.3524169921875 327.04461669921875
549.1783447265625 318.0435485839844
569.31884765625 309.28173828125
588.9479370117188 300.6824645996094
608.15380859375 292.4386291503906
626.7757568359375 284.34600830078125
644.9295043945312 276.4703369140625
662.5693359375 268.8021545410156
679.7611083984375 261.41168212890625