1 720 1333
571.468994140625 238.54763793945312
587.60009765625 249.21939086914062
603.2810668945312 259.51214599609375
618.3642578125 269.4524230957031
632.9107055664062 279.0838317871094
647.0039672851562 288.3587951660156
660.6174926757812 297.3468322753906
673.7893676757812 306.01220703125
686.5863037109375 314.4488830566406
698.8851318359375 322.5434265136719
710.7732543945312 330.4564514160156
559.3359375 255.31114196777344
575.6381225585938 265.5600891113281
591.3855590820312 275.5098571777344
606.5655517578125 285.1644287109375
621.2909545898438 294.4359436035156
635.471435546875 303.4078063964844
649.2493286132812 312.1362609863281
662.5366821289062 320.50732421875
675.431396484375 328.649658203125
687.8238525390625 336.5307312011719
699.8514404296875 344.1545715332031
547.4620971679688 271.7898864746094
563.7927856445312 281.7132873535156
579.6384887695312 291.3970031738281
594.9816284179688 300.6224670410156
609.7705688476562 309.6205749511719
624.1167602539062 318.3551330566406
637.948486328125 326.6799011230469
651.399658203125 334.82366943359375
664.4188232421875 342.727783203125
676.9080810546875 350.34759521484375
689.1149291992188 357.6640319824219
535.6300659179688 288.2122497558594
552.2031860351562 297.7673645019531
568.1280517578125 307.06207275390625
583.5115356445312 316.0411682128906
598.4456787109375 324.6829528808594
612.8129272460938 333.1043701171875
626.7760009765625 341.2239685058594
640.3571166992188 349.1048278808594
653.4550170898438 356.6557922363281
666.1196899414062 364.0473937988281
678.3927001953125 371.1563415527344
524.0977172851562 304.34478759765625
540.6653442382812 313.5722961425781
556.7012939453125 322.53082275390625
572.246826171875 331.2450866699219
587.2864379882812 339.5752868652344
601.7371215820312 347.64459228515625
615.7991333007812 355.498779296875
629.4505004882812 363.1505126953125
642.63037109375 370.4610595703125
655.4055786132812 377.5248107910156
667.7337036132812 384.4198913574219
512.659912109375 320.2949523925781
529.3618774414062 329.2698974609375
545.4869384765625 337.8244934082031
561.0993041992188 346.27685546875
576.2053833007812 354.3254699707031
590.74072265625 362.1356201171875
604.95458984375 369.6439514160156
618.6603393554688 376.961181640625
631.9493408203125 384.1103210449219
644.797607421875 390.87213134765625
657.3185424804688 397.5297546386719
501.4375915527344 336.0335388183594
518.2371215820312 344.6286926269531
534.4290771484375 352.97833251953125
550.1294555664062 361.04876708984375
565.3226928710938 368.80328369140625
579.9364013671875 376.3567810058594
594.2718505859375 383.6351318359375
608.06298828125 390.646484375
621.4251098632812 397.51898193359375
634.3548583984375 404.1557922363281
646.8903198242188 410.4794616699219
490.38134765625 351.5686340332031
507.2610168457031 359.8939514160156
523.5194702148438 367.9071350097656
539.2997436523438 375.65692138671875
554.5208129882812 383.2022399902344
569.3466796875 390.4280700683594
583.627685546875 397.42071533203125
597.5059814453125 404.2380065917969
611.0094604492188 410.7047119140625
623.9798583984375 417.1195068359375
636.6282958984375 423.2393493652344