1 720 1333
693.217529296875 216.5061798095703
708.1956176757812 223.87693786621094
722.9093627929688 231.329833984375
737.6602783203125 238.6383056640625
752.3248291015625 245.9765625
766.7477416992188 253.28854370117188
781.1827392578125 260.47711181640625
795.4402465820312 267.6467590332031
809.5505981445312 274.7247314453125
823.5738525390625 281.8042907714844
837.4554443359375 288.7855529785156
685.7095947265625 231.66990661621094
700.5726318359375 239.01593017578125
715.3709716796875 246.35641479492188
730.01318359375 253.56463623046875
744.58837890625 260.8015441894531
759.0029907226562 267.9462890625
773.3540649414062 275.1418151855469
787.5071411132812 282.18536376953125
801.596923828125 289.2507629394531
815.5204467773438 296.183349609375
829.4207153320312 303.0798645019531
678.3701171875 246.7137451171875
693.2288818359375 253.98524475097656
707.7860717773438 261.1856994628906
722.4622192382812 268.3565979003906
736.8952026367188 275.4566650390625
751.3561401367188 282.5425720214844
765.58251953125 289.54022216796875
779.7020874023438 296.5399475097656
793.689453125 303.4682312011719
807.6345825195312 310.363037109375
821.3956298828125 317.1996765136719
671.0656127929688 261.621826171875
685.766845703125 268.6972961425781
700.4375610351562 275.8445129394531
714.9373779296875 282.87469482421875
729.4282836914062 289.9449157714844
743.6856689453125 296.8888244628906
757.90283203125 303.8331298828125
772.0091552734375 310.700439453125
785.9833984375 317.5851745605469
799.7549438476562 324.3594055175781
813.5189208984375 331.06378173828125
663.7742919921875 276.2974853515625
678.5089721679688 283.3829040527344
693.0823974609375 290.37152099609375
707.5621337890625 297.3600769042969
721.894287109375 304.30157470703125
736.21875 311.2185363769531
750.372802734375 318.0052185058594
764.4005126953125 324.75909423828125
778.3303833007812 331.52520751953125
792.04736328125 338.2421875
805.7320556640625 344.8031005859375
656.6958618164062 290.8116149902344
671.356201171875 297.768798828125
685.8134155273438 304.682373046875
700.2694702148438 311.59356689453125
714.5582885742188 318.4505615234375
728.7115478515625 325.2528076171875
742.8082275390625 331.9579162597656
756.8269653320312 338.6439514160156
770.6160278320312 345.3341979980469
784.4425659179688 351.8965148925781
797.9971313476562 358.4257507324219
649.62255859375 305.21405029296875
664.2418823242188 312.1276550292969
678.6490478515625 318.8583068847656
693.04345703125 325.66351318359375
707.3076782226562 332.486328125
721.3950805664062 339.1588134765625
735.4564819335938 345.76837158203125
749.36572265625 352.4050598144531
763.2256469726562 358.914794921875
776.7728881835938 365.41888427734375
790.4395751953125 371.8332214355469
642.6663208007812 319.39501953125
657.2338256835938 326.21636962890625
671.5615844726562 332.8586730957031
685.8863525390625 339.607666015625
700.0678100585938 346.2915954589844
714.1923828125 352.853759765625
728.1102294921875 359.4229431152344
742.0042114257812 365.9004821777344
755.654052734375 372.3910217285156
769.3880004882812 378.7221984863281
782.7907104492188 385.08740234375