1 720 1333
569.9760131835938 230.41868591308594
584.5946044921875 230.01974487304688
599.660888671875 229.5760040283203
615.0869750976562 229.3494415283203
630.8212890625 228.7903594970703
647.0164794921875 228.52413940429688
663.5507202148438 228.1414794921875
680.519287109375 227.65206909179688
697.84814453125 227.40545654296875
715.6559448242188 226.87892150878906
733.9064331054688 226.55352783203125
574.1937255859375 246.1641845703125
588.6677856445312 245.94400024414062
603.5687866210938 245.69821166992188
618.76171875 245.54739379882812
634.4253540039062 245.43515014648438
650.3934326171875 245.30857849121094
666.6930541992188 245.0938720703125
683.4811401367188 244.80386352539062
700.5962524414062 244.69485473632812
718.2186279296875 244.57394409179688
736.18701171875 244.45469665527344
578.3515625 261.4808044433594
592.6151123046875 261.47113037109375
607.3829956054688 261.4667663574219
622.4444580078125 261.4755859375
637.8353271484375 261.5014953613281
653.6213989257812 261.5066223144531
669.7589111328125 261.54010009765625
686.361572265625 261.569091796875
703.2646484375 261.6152038574219
720.5630493164062 261.6590881347656
738.3406372070312 261.71612548828125
582.34423828125 276.4507751464844
596.5256958007812 276.6016845703125
611.0661010742188 276.7112731933594
625.9312744140625 276.95880126953125
641.2440185546875 277.2910461425781
656.7792358398438 277.4443054199219
672.7234497070312 277.5935363769531
689.1170654296875 277.8393859863281
705.756103515625 278.17962646484375
722.8878173828125 278.41741943359375
740.4194946289062 278.61468505859375
586.2498779296875 290.93072509765625
600.310302734375 291.3900146484375
614.6232299804688 291.6535339355469
629.4118041992188 292.1092224121094
644.4868774414062 292.5064392089844
659.8416137695312 292.7788391113281
675.6575317382812 293.3594055175781
691.7503051757812 293.6260986328125
708.3259887695312 294.1514892578125
725.2113647460938 294.55120849609375
742.468505859375 294.9874267578125
590.0441284179688 305.30670166015625
603.899658203125 305.6800231933594
618.2086791992188 306.2843933105469
632.6911010742188 306.7071228027344
647.6281127929688 307.3988037109375
662.8604125976562 307.884521484375
678.4863891601562 308.48626708984375
694.4430541992188 309.1181945800781
710.6783447265625 309.6468505859375
727.4159545898438 310.3360290527344
744.4315185546875 310.8196716308594
593.7426147460938 319.15472412109375
607.5025634765625 319.69293212890625
621.59375 320.45648193359375
635.992919921875 321.2087707519531
650.7122802734375 321.7843017578125
665.77685546875 322.552734375
681.2748413085938 323.34564208984375
696.9979858398438 324.05316162109375
713.103759765625 324.7236633300781
729.508544921875 325.53009033203125
746.3797607421875 326.37811279296875
597.3892211914062 332.5864562988281
610.9742431640625 333.4314880371094
624.9020385742188 334.2881774902344
639.2383422851562 335.15411376953125
653.7103271484375 335.8611145019531
668.6390380859375 336.7002258300781
683.869384765625 337.6208801269531
699.4918823242188 338.5387268066406
715.4057006835938 339.4792175292969
731.6182250976562 340.41009521484375
748.2468872070312 341.3381042480469