1 720 1333
631.5444946289062 429.2316589355469
656.11962890625 420.29449462890625
679.0067138671875 411.8006896972656
700.5599975585938 403.8560485839844
720.9083251953125 396.3694763183594
740.0043334960938 389.29888916015625
757.9573974609375 382.5293273925781
774.8955688476562 376.2485656738281
790.9696044921875 370.24365234375
806.0499267578125 364.5071716308594
820.406982421875 359.1073303222656
630.154296875 457.4547424316406
654.2288208007812 447.7857971191406
676.7418823242188 438.70477294921875
698.1532592773438 430.1673278808594
718.1808471679688 422.02978515625
736.9749755859375 414.35980224609375
754.7609252929688 407.1026306152344
771.6050415039062 400.1905822753906
787.5201416015625 393.65325927734375
802.564697265625 387.4212951660156
816.7401123046875 381.51727294921875
628.6753540039062 484.55010986328125
652.4390258789062 474.3148193359375
674.6454467773438 464.5962219238281
695.6146850585938 455.46710205078125
715.4590454101562 446.7562561035156
734.149169921875 438.5565185546875
751.6951293945312 430.7391052246094
768.4357299804688 423.3971862792969
784.300537109375 416.3870544433594
799.1796875 409.64532470703125
813.3460083007812 403.3437805175781
627.4998779296875 510.5679626464844
650.67626953125 499.7851257324219
672.6293334960938 489.5400085449219
693.3644409179688 479.88433837890625
712.8472290039062 470.67431640625
731.3303833007812 462.05267333984375
748.7191162109375 453.7103271484375
765.3414306640625 445.8860778808594
781.0247192382812 438.4540710449219
795.8258056640625 431.2844543457031
809.8840942382812 424.4806213378906
626.2719116210938 535.62158203125
649.2029418945312 524.3345947265625
670.655029296875 513.584228515625
691.1949462890625 503.449462890625
710.40380859375 493.8027648925781
728.5829467773438 484.6551208496094
745.8997802734375 475.9278564453125
762.3427734375 467.6591491699219
777.85205078125 459.7657470703125
792.5629272460938 452.267822265625
806.5674438476562 445.0796813964844
625.0242309570312 559.7277221679688
647.5414428710938 547.96240234375
668.7653198242188 536.7799682617188
688.9803466796875 526.2239379882812
708.0004272460938 516.1663208007812
726.0078735351562 506.57122802734375
743.139892578125 497.4851989746094
759.3975830078125 488.76483154296875
774.7626953125 480.5364685058594
789.4122314453125 472.6017150878906
803.330078125 465.11468505859375
623.8433227539062 582.9389038085938
646.1493530273438 570.7083129882812
667.102783203125 559.1792602539062
686.8446044921875 548.2044067382812
705.6358642578125 537.6865234375
723.4536743164062 527.7418823242188
740.40234375 518.3273315429688
756.4677734375 509.28826904296875
771.7171630859375 500.5998840332031
786.2764892578125 492.4024963378906
800.0858764648438 484.4884338378906
622.7544555664062 605.369873046875
644.612060546875 592.7210083007812
665.3733520507812 580.730224609375
684.8394775390625 569.442138671875
703.46142578125 558.59228515625
721.0454711914062 548.3195190429688
737.6925659179688 538.4656372070312
753.6337890625 529.0810546875
768.72900390625 520.1494140625
783.1593627929688 511.55340576171875
796.783935546875 503.3634948730469