1 720 1333
516.4654541015625 245.3168487548828
536.4799194335938 240.13388061523438
555.9415283203125 235.09361267089844
574.8316040039062 230.21868896484375
593.3741455078125 225.42489624023438
611.2504272460938 220.78524780273438
628.6372680664062 216.3695526123047
645.5765991210938 212.0574951171875
662.181884765625 207.7572784423828
678.2276611328125 203.69113159179688
693.62451171875 199.73760986328125
519.6746826171875 265.0404968261719
539.34130859375 259.6029968261719
558.4427490234375 254.43968200683594
577.0431518554688 249.3705596923828
595.135009765625 244.45249938964844
612.6618041992188 239.6205596923828
629.837158203125 234.99700927734375
646.5880737304688 230.46197509765625
662.7887573242188 226.1702423095703
678.5855102539062 221.79226684570312
694.022705078125 217.65887451171875
522.8372802734375 284.0574645996094
542.146240234375 278.52294921875
560.8261108398438 273.1782531738281
579.1363525390625 267.9048767089844
596.822509765625 262.79986572265625
614.2429809570312 257.8291931152344
631.1154174804688 253.08389282226562
647.5194702148438 248.4066162109375
663.5274047851562 243.78712463378906
679.1195068359375 239.45037841796875
694.3305053710938 235.15048217773438
525.9229736328125 302.44830322265625
544.76806640625 296.76141357421875
563.2451171875 291.26849365234375
581.2009887695312 285.8688659667969
598.5709838867188 280.6716003417969
615.5797119140625 275.577392578125
632.287109375 270.6106262207031
648.4506225585938 265.7474670410156
664.267822265625 261.14434814453125
679.5571899414062 256.48553466796875
694.4774780273438 252.09706115722656
528.9121704101562 320.2417907714844
547.4445190429688 314.453857421875
565.4906616210938 308.7371826171875
583.2069091796875 303.3128967285156
600.342529296875 297.890625
617.044921875 292.68896484375
633.4281005859375 287.5829162597656
649.3763427734375 282.64788818359375
664.7930297851562 277.807861328125
679.9832153320312 273.11541748046875
694.688720703125 268.4817199707031
531.81201171875 337.4093933105469
550.00732421875 331.524169921875
567.720947265625 325.73583984375
585.1090698242188 320.1600036621094
601.8917236328125 314.63671875
618.439453125 309.3568115234375
634.509033203125 304.1297607421875
650.2590942382812 299.0055847167969
665.5070190429688 294.1052551269531
680.4580078125 289.23638916015625
694.8555297851562 284.505126953125
534.6406860351562 354.02716064453125
552.5017700195312 348.0577697753906
569.9249877929688 342.2261657714844
586.9466552734375 336.47747802734375
603.545166015625 330.8592529296875
619.6986083984375 325.43658447265625
635.5576782226562 320.1136474609375
650.967529296875 314.8673400878906
666.1363525390625 309.7652282714844
680.6867065429688 304.8240051269531
695.1368408203125 299.98028564453125
537.4052124023438 370.11529541015625
554.9201049804688 364.04449462890625
572.0842895507812 358.1075744628906
588.7550048828125 352.3150939941406
605.1712646484375 346.5821228027344
621.059326171875 341.03955078125
636.5787353515625 335.59417724609375
651.7642211914062 330.2914123535156
666.609619140625 325.1195983886719
681.1387329101562 319.9974670410156
695.2604370117188 315.0650329589844