1 720 1333
405.9743347167969 55.90099334716797
436.95428466796875 73.80186462402344
466.5378112792969 90.9805679321289
494.7331237792969 107.419921875
521.63623046875 123.09807586669922
547.32470703125 138.0888671875
571.751220703125 152.3628692626953
595.2158813476562 166.06137084960938
617.5462646484375 179.1098175048828
638.9220581054688 191.58761596679688
659.4292602539062 203.5863037109375
392.4820556640625 85.97257995605469
423.6821594238281 103.13155364990234
453.4513244628906 119.48290252685547
481.81256103515625 135.1654815673828
508.8619079589844 150.12139892578125
534.6815795898438 164.35743713378906
559.406005859375 177.96710205078125
582.9412841796875 190.9502410888672
605.4979858398438 203.45333862304688
627.0487060546875 215.37115478515625
647.6913452148438 226.73443603515625
379.3037414550781 115.7898178100586
410.61309814453125 132.1531219482422
440.5725402832031 147.70274353027344
469.1511535644531 162.6173553466797
496.3872375488281 176.82579040527344
522.3186645507812 190.423583984375
547.1411743164062 203.38754272460938
570.81982421875 215.7056884765625
593.54931640625 227.56773376464844
615.3087158203125 238.9119415283203
636.1448974609375 249.77542114257812
366.2344055175781 145.3963623046875
397.7064208984375 160.87588500976562
427.8040771484375 175.7049560546875
456.5365295410156 189.84561157226562
483.8782043457031 203.39967346191406
509.980712890625 216.27642822265625
534.9789428710938 228.56602478027344
558.8013916015625 240.3233184814453
581.6829223632812 251.59751892089844
603.5443115234375 262.3758850097656
624.588134765625 272.715576171875
353.4177551269531 174.6040496826172
385.07891845703125 189.3745574951172
415.3183288574219 203.4091033935547
444.1672058105469 216.82058715820312
471.630126953125 229.5967559814453
497.8862609863281 241.82003784179688
522.9871215820312 253.51133728027344
547.0364990234375 264.6576843261719
569.9826049804688 275.3792419433594
592.0362548828125 285.6029052734375
613.1765747070312 295.4318542480469
340.7473449707031 203.55177307128906
372.5778503417969 217.49085998535156
402.9398498535156 230.77381896972656
431.87066650390625 243.49436950683594
459.5456237792969 255.62391662597656
485.8725280761719 267.2071228027344
511.1694030761719 278.2882385253906
535.3114013671875 288.79461669921875
558.4461059570312 298.9476623535156
580.5916137695312 308.6001892089844
601.8377685546875 317.9752502441406
328.3939208984375 232.19317626953125
360.2960205078125 245.3533477783203
390.75518798828125 257.84185791015625
419.84246826171875 269.8873596191406
447.59637451171875 281.34423828125
474.12890625 292.3244323730469
499.4690246582031 302.6818542480469
523.69970703125 312.6719970703125
546.9599609375 322.3063659667969
569.2914428710938 331.4692077636719
590.6324462890625 340.2759704589844
316.2417297363281 260.4677429199219
348.2624206542969 272.81378173828125
378.7636413574219 284.6758117675781
407.9913635253906 295.9840087890625
435.8762512207031 306.7696838378906
462.4826354980469 317.0921325683594
487.9427490234375 326.8848876953125
512.325927734375 336.3612365722656
535.6565551757812 345.37237548828125
558.0879516601562 353.98956298828125
579.5440063476562 362.3144836425781