1 720 1333
569.9600830078125 465.8726806640625
584.8927612304688 470.3556213378906
600.1989135742188 474.82861328125
615.7362670898438 479.47296142578125
631.5690307617188 484.1944274902344
647.7517700195312 488.8697814941406
664.3234252929688 493.70941162109375
681.1708984375 498.6394348144531
698.2885131835938 503.6015625
715.7681884765625 508.6791076660156
733.6111450195312 513.8295288085938
562.6954345703125 481.1711120605469
577.7775268554688 485.74249267578125
593.1942749023438 490.52398681640625
608.8025512695312 495.3512878417969
624.8264770507812 500.2829284667969
641.1943359375 505.2629699707031
657.7855834960938 510.31634521484375
674.7791748046875 515.4199829101562
692.1951293945312 520.632080078125
709.8032836914062 525.9923095703125
727.8392333984375 531.4273071289062
555.3319091796875 496.7187194824219
570.5060424804688 501.60015869140625
585.9461059570312 506.5520324707031
601.7688598632812 511.56695556640625
617.9200439453125 516.690185546875
634.4320678710938 521.9585571289062
651.2227172851562 527.2796630859375
668.4157104492188 532.6498413085938
685.8128662109375 538.1348876953125
703.7427978515625 543.708984375
721.931396484375 549.4454345703125
547.6671752929688 512.72021484375
562.9515380859375 517.8089599609375
578.5774536132812 523.0353393554688
594.5095825195312 528.3394165039062
610.7880249023438 533.6605834960938
627.4374389648438 539.185791015625
644.4391479492188 544.701171875
661.6881103515625 550.38330078125
679.419189453125 556.1603393554688
697.4622802734375 561.9932250976562
715.8659057617188 567.9736938476562
539.7677612304688 529.2142333984375
555.2891235351562 534.5018920898438
570.986083984375 539.9112548828125
587.1178588867188 545.4624633789062
603.5025634765625 551.1243286132812
620.30908203125 556.7828369140625
637.40771484375 562.6453247070312
654.9166870117188 568.554931640625
672.74609375 574.5803833007812
691.03271484375 580.759521484375
709.6288452148438 587.0933227539062
531.7527465820312 546.0377807617188
547.324462890625 551.603271484375
563.2002563476562 557.3194580078125
579.4244995117188 563.1293334960938
596.0130615234375 568.9959716796875
612.8667602539062 574.9760131835938
630.2615356445312 581.1190795898438
647.8367919921875 587.3280639648438
665.9204711914062 593.632568359375
684.38134765625 600.1549072265625
703.2506713867188 606.7261962890625
523.4763793945312 563.3736572265625
539.1853637695312 569.2067260742188
555.2037353515625 575.1705322265625
571.5507202148438 581.1947021484375
588.3072509765625 587.3858642578125
605.3966674804688 593.63037109375
622.7830200195312 600.0716552734375
640.6520385742188 606.5673217773438
658.86181640625 613.2701416015625
677.5369262695312 620.0714111328125
696.5775756835938 626.9772338867188
514.930419921875 581.1505737304688
530.735107421875 587.2393798828125
546.9080810546875 593.4441528320312
563.4706420898438 599.779296875
580.3424682617188 606.3147583007812
597.5798950195312 612.8443603515625
615.257080078125 619.5771484375
633.2767333984375 626.4677124023438
651.66162109375 633.4193115234375
670.5123291015625 640.5608520507812
689.7598266601562 647.8084106445312