1 720 1333
700.4677734375 451.1966857910156
716.3404541015625 452.0971984863281
731.86474609375 452.95806884765625
747.2496948242188 453.8048095703125
762.2821044921875 454.6526794433594
777.060302734375 455.5529479980469
791.6241455078125 456.4215087890625
805.939453125 457.235595703125
820.0782470703125 457.8723449707031
833.8497924804688 458.6451110839844
847.5552978515625 459.48504638671875
702.8648681640625 466.47052001953125
718.9434814453125 467.3459777832031
734.7203369140625 468.14764404296875
750.2945556640625 468.7908020019531
765.5488891601562 469.59173583984375
780.5477905273438 470.3864440917969
795.3196411132812 471.06219482421875
809.7771606445312 471.6676940917969
824.1476440429688 472.42059326171875
838.1748657226562 473.10467529296875
851.9237060546875 473.6734313964844
705.4205932617188 482.3704528808594
721.7035522460938 482.9908447265625
737.6671752929688 483.62969970703125
753.5031127929688 484.3874206542969
768.9337768554688 484.9439392089844
784.1975708007812 485.5491638183594
799.1502075195312 486.21929931640625
813.7734375 486.6856689453125
828.3406372070312 487.3404846191406
842.5072021484375 487.79608154296875
856.4854736328125 488.4397277832031
708.0283813476562 498.61566162109375
724.553955078125 499.27545166015625
740.7761840820312 499.6976318359375
756.7344970703125 500.355712890625
772.4915771484375 500.71063232421875
787.8464965820312 501.3524169921875
803.0724487304688 501.6686096191406
817.9771118164062 502.32208251953125
832.586669921875 502.5915832519531
847.0332641601562 503.1594543457031
861.1809692382812 503.5384826660156
710.6568603515625 515.5119018554688
727.5167236328125 515.8936157226562
743.9453735351562 516.394775390625
760.2171020507812 516.6905517578125
776.1259765625 517.2017211914062
791.71484375 517.5061645507812
807.1351928710938 517.794921875
822.2543334960938 518.230224609375
837.087646484375 518.492919921875
851.610107421875 518.7537841796875
865.9825439453125 519.2247314453125
713.5233764648438 532.927490234375
730.5359497070312 533.29248046875
747.285888671875 533.501953125
763.67431640625 533.6871948242188
779.8322143554688 534.0236206054688
795.6812744140625 534.3252563476562
811.34326171875 534.4569091796875
826.5993041992188 534.6255493164062
841.6283569335938 534.782958984375
856.4131469726562 535.072998046875
870.911376953125 535.3353271484375
716.4043579101562 550.9286499023438
733.6779174804688 551.1427612304688
750.662109375 551.298583984375
767.3844604492188 551.3739013671875
783.7360229492188 551.4756469726562
799.7644653320312 551.5244750976562
815.5982666015625 551.6019287109375
831.1722412109375 551.6231689453125
846.4118041992188 551.6780395507812
861.352294921875 551.7310180664062
876.0177001953125 551.78271484375
719.3959350585938 569.5797119140625
736.9588623046875 569.5667724609375
754.2446899414062 569.53466796875
771.1952514648438 569.5180053710938
787.7301025390625 569.494140625
804.0777587890625 569.4522094726562
820.1218872070312 569.3963012695312
835.7733764648438 569.3512573242188
851.2718505859375 569.2557373046875
866.3790893554688 569.1292724609375
881.2861938476562 569.0052490234375