1 720 1333
590.9824829101562 262.4945068359375
618.1710815429688 246.5319366455078
642.7512817382812 232.04307556152344
665.2369995117188 218.8710479736328
685.7449340820312 206.84750366210938
704.5474243164062 195.86492919921875
721.9121704101562 185.68077087402344
737.964599609375 176.37770080566406
752.8531494140625 167.65164184570312
766.560791015625 159.65797424316406
779.4671630859375 152.0960693359375
607.5609130859375 303.9267883300781
633.3982543945312 286.3301086425781
656.8062744140625 270.37554931640625
678.3463134765625 255.6958770751953
697.9276123046875 242.44761657714844
716.0052490234375 230.2076873779297
732.58740234375 218.85183715820312
748.0816040039062 208.4126739501953
762.3784790039062 198.69273376464844
775.5429077148438 189.68499755859375
787.8499145507812 181.37074279785156
623.5337524414062 343.54705810546875
648.1315307617188 324.5025634765625
670.4757690429688 307.1763000488281
690.9541015625 291.3125305175781
709.7432250976562 276.68756103515625
727.031494140625 263.3488464355469
742.9546508789062 250.94212341308594
757.7603149414062 239.4923553466797
771.5578002929688 228.78970336914062
784.2824096679688 218.89047241210938
796.1873779296875 209.6389617919922
638.8632202148438 381.5559997558594
662.2904663085938 361.2291259765625
683.56689453125 342.60076904296875
703.2047729492188 325.5408630371094
721.1932373046875 309.81756591796875
737.68359375 295.42694091796875
753.0205078125 282.0523376464844
767.2711791992188 269.6077575683594
780.5053100585938 258.0867614746094
792.6803588867188 247.3645782470703
804.1874389648438 237.30804443359375
653.5787353515625 417.7350769042969
675.8182373046875 396.35247802734375
696.2219848632812 376.58062744140625
714.914794921875 358.4837341308594
732.1348876953125 341.7801513671875
748.0158081054688 326.3977355957031
762.6740112304688 312.1031188964844
776.3870239257812 298.77239990234375
789.1296997070312 286.4398193359375
800.8146362304688 274.869140625
811.8224487304688 264.14349365234375
667.6741333007812 452.3897705078125
688.8145751953125 429.8903503417969
708.3396606445312 409.2784118652344
726.1892700195312 390.2689208984375
742.63916015625 372.6134948730469
757.8678588867188 356.33538818359375
772.046875 341.1794128417969
785.1826782226562 327.10235595703125
797.4183959960938 313.9036865234375
808.681884765625 301.68585205078125
819.3816528320312 290.215576171875
681.18359375 485.4403381347656
701.4014282226562 462.05523681640625
719.8340454101562 440.5956726074219
737.0554809570312 420.6588134765625
752.7313842773438 402.3326416015625
767.412841796875 385.176513671875
780.8757934570312 369.3307189941406
793.5598754882812 354.4787292480469
805.3555908203125 340.6322937011719
816.3132934570312 327.6348876953125
826.4954833984375 315.5645751953125
694.1218872070312 516.8955688476562
713.3642578125 492.8299255371094
731.1414794921875 470.55145263671875
747.425048828125 449.9397888183594
762.53369140625 430.7687683105469
776.4937744140625 413.1669921875
789.5374145507812 396.439453125
801.59033203125 381.00189208984375
812.943359375 366.4794616699219
823.45458984375 352.9139709472656
833.4113159179688 340.13897705078125