1 720 1333
688.4973754882812 400.3698425292969
707.07080078125 397.4323425292969
725.238525390625 394.5564880371094
742.8037719726562 391.7530822753906
760.2222290039062 389.03857421875
776.9210205078125 386.3970947265625
793.4127807617188 383.70989990234375
809.4585571289062 381.2283020019531
825.1526489257812 378.6852722167969
840.4263305664062 376.2742919921875
855.341064453125 373.8302307128906
688.5466918945312 419.67266845703125
707.0347900390625 416.5672607421875
724.9375 413.5321044921875
742.5138549804688 410.5471496582031
759.6119384765625 407.608154296875
776.4033203125 404.70733642578125
792.6095581054688 401.9336242675781
808.57861328125 399.22454833984375
824.234619140625 396.525146484375
839.3594970703125 393.861083984375
854.2715454101562 391.3312683105469
688.6764526367188 438.69952392578125
706.9385986328125 435.4146423339844
724.7560424804688 432.20379638671875
742.2595825195312 428.99658203125
759.2648315429688 425.8418884277344
775.7135620117188 422.8130798339844
791.962890625 419.81756591796875
807.7281494140625 416.89642333984375
823.32958984375 414.0775146484375
838.36376953125 411.2970886230469
853.138427734375 408.5196838378906
688.7770385742188 457.4147644042969
706.9340209960938 453.89013671875
724.5508422851562 450.4888000488281
741.8447875976562 447.1473083496094
758.6923217773438 443.826416015625
775.2764282226562 440.6074523925781
791.3120727539062 437.46722412109375
807.0530395507812 434.3869323730469
822.3798217773438 431.3609313964844
837.3837280273438 428.3719482421875
851.9381713867188 425.4721984863281
688.987548828125 475.6978759765625
706.8786010742188 472.0806884765625
724.4659423828125 468.4730224609375
741.5453491210938 464.941650390625
758.3772583007812 461.486083984375
774.5934448242188 458.15264892578125
790.5787353515625 454.7551574707031
806.273681640625 451.5158386230469
821.49560546875 448.3558044433594
836.373046875 445.2300720214844
850.8513793945312 442.1448059082031
689.2105102539062 493.6902160644531
706.8814086914062 489.8962097167969
724.3440551757812 486.1703796386719
741.341552734375 482.4621887207031
757.8016357421875 478.8195495605469
774.1409301757812 475.3139343261719
789.8126831054688 471.8066711425781
805.4530639648438 468.4021911621094
820.5432739257812 465.0751037597656
835.3886108398438 461.7511901855469
849.7257690429688 458.564208984375
689.3704833984375 511.4339599609375
706.8741455078125 507.45367431640625
724.2191162109375 503.52252197265625
740.9490356445312 499.6513977050781
757.4649047851562 495.8777770996094
773.516357421875 492.22064208984375
789.2860107421875 488.5406799316406
804.5617065429688 485.01055908203125
819.6263427734375 481.49560546875
834.373779296875 478.0739440917969
848.648681640625 474.656494140625
689.4696044921875 528.7730712890625
706.8856201171875 524.644775390625
724.0130004882812 520.5841674804688
740.64111328125 516.6038208007812
757.038818359375 512.6441040039062
772.91552734375 508.7717590332031
788.5106201171875 505.0380554199219
803.7581176757812 501.3340759277344
818.6607055664062 497.6529235839844
833.3680419921875 494.1083679199219
847.5382690429688 490.56024169921875