1 720 1333
535.3369750976562 211.46543884277344
548.3406372070312 224.29771423339844
561.2977905273438 237.04649353027344
574.1654052734375 249.65342712402344
586.9274291992188 262.33770751953125
599.6715698242188 274.7864990234375
612.4110107421875 287.34735107421875
625.0078125 299.6645202636719
637.5490112304688 312.0650329589844
650.0902709960938 324.29034423828125
662.495849609375 336.43682861328125
527.7349243164062 222.17987060546875
540.5277709960938 234.72520446777344
553.268310546875 247.2320556640625
565.853759765625 259.60382080078125
578.4851684570312 271.9527893066406
590.9690551757812 284.27392578125
603.4741821289062 296.4638671875
615.8458862304688 308.60369873046875
628.2460327148438 320.68231201171875
640.50537109375 332.66839599609375
652.7041015625 344.59375
520.50341796875 232.48594665527344
533.0966796875 244.76263427734375
545.5386962890625 257.02545166015625
557.9295043945312 269.21551513671875
570.3392944335938 281.33526611328125
582.6032104492188 293.32440185546875
594.8488159179688 305.34710693359375
607.1065673828125 317.2528076171875
619.2338256835938 329.09368896484375
631.3218383789062 340.7705078125
643.3190307617188 352.5
513.5252685546875 242.4510498046875
525.8225708007812 254.51071166992188
538.1306762695312 266.49658203125
550.34765625 278.4330749511719
562.4638671875 290.32757568359375
574.531494140625 302.1076354980469
586.5789794921875 313.8013916015625
598.5654907226562 325.51446533203125
610.49609375 337.1615295410156
622.3974609375 348.64324951171875
634.2340698242188 360.1455383300781
506.7281188964844 252.0869903564453
518.8593139648438 263.8090515136719
530.9437866210938 275.6163635253906
542.908935546875 287.32855224609375
554.8558959960938 298.9364013671875
566.71435546875 310.5173034667969
578.59716796875 322.0732421875
590.4016723632812 333.4941711425781
602.15966796875 344.8895263671875
613.7881469726562 356.2618713378906
625.4522705078125 367.46466064453125
500.33544921875 261.331787109375
512.212890625 272.8999328613281
524.0427856445312 284.4516906738281
535.7808837890625 295.8816833496094
547.5531616210938 307.3387145996094
559.2899780273438 318.6349182128906
570.8867797851562 329.9931335449219
582.5111083984375 341.2739562988281
594.0642700195312 352.4300842285156
605.5587158203125 363.5185241699219
617.0110473632812 374.518798828125
494.0123596191406 270.3124084472656
505.6980285644531 281.61102294921875
517.4046630859375 292.9593811035156
528.9481811523438 304.2382507324219
540.5211791992188 315.4306640625
552.0520629882812 326.53759765625
563.5086669921875 337.6104431152344
574.9008178710938 348.6294250488281
586.3162841796875 359.62896728515625
597.5997924804688 370.50531005859375
608.852294921875 381.3826904296875
487.9583740234375 278.8424987792969
499.4660339355469 290.0917663574219
510.9105529785156 301.2081298828125
522.3692626953125 312.2569580078125
533.712890625 323.2121887207031
545.0621948242188 334.18804931640625
556.3895874023438 344.98187255859375
567.58154296875 355.82000732421875
578.7630004882812 366.5701904296875
589.9761352539062 377.30792236328125
601.08447265625 387.8039855957031