1 720 1333
807.3380126953125 216.46055603027344
820.4256591796875 225.79962158203125
833.3265380859375 235.12623596191406
846.1119995117188 244.30442810058594
858.629150390625 253.33876037597656
871.1036987304688 262.31658935546875
883.357666015625 271.1424560546875
895.4746704101562 279.8428039550781
907.4288330078125 288.49237060546875
919.2423095703125 297.04388427734375
930.7716064453125 305.4127197265625
797.7340698242188 230.77052307128906
810.8145751953125 240.08050537109375
823.7266235351562 249.26156616210938
836.5460815429688 258.3185729980469
849.1849365234375 267.3000183105469
861.5659790039062 276.09844970703125
873.8690795898438 284.7824401855469
885.977783203125 293.4378356933594
897.9998168945312 302.01153564453125
909.7227172851562 310.3790588378906
921.453369140625 318.7085266113281
788.2874755859375 245.09678649902344
801.3935546875 254.28225708007812
814.3341674804688 263.3019104003906
827.1434936523438 272.2702331542969
839.677734375 281.0642395019531
852.2137451171875 289.7904052734375
864.445068359375 298.43365478515625
876.6080932617188 306.9580383300781
888.5758056640625 315.3932189941406
900.4461669921875 323.69110107421875
912.1293334960938 331.8609924316406
778.7560424804688 259.3007507324219
791.876708984375 268.3308410644531
804.8488159179688 277.2993469238281
817.658447265625 286.13177490234375
830.357666015625 294.84564208984375
842.754150390625 303.43994140625
855.1619262695312 312.00982666015625
867.2954711914062 320.4148864746094
879.329345703125 328.71337890625
891.1443481445312 336.89697265625
902.7794799804688 345.0387878417969
769.40869140625 273.3932189941406
782.5404663085938 282.3627624511719
795.5255126953125 291.16070556640625
808.3867797851562 299.87603759765625
820.9991455078125 308.49127197265625
833.48291015625 317.0965881347656
845.7767944335938 325.43896484375
858.0111694335938 333.73529052734375
870.0095825195312 341.9862365722656
881.8346557617188 350.0938720703125
893.5380249023438 358.0810241699219
760.0687255859375 287.4568786621094
773.240478515625 296.29730224609375
786.2684936523438 305.0014343261719
799.0679321289062 313.56304931640625
811.7019653320312 322.1761779785156
824.2443237304688 330.5272216796875
836.556884765625 338.829833984375
848.7210693359375 347.06146240234375
860.7661743164062 355.18408203125
872.6250610351562 363.1733093261719
884.3855590820312 371.0373840332031
750.743408203125 301.38134765625
763.95654296875 310.150146484375
776.9697265625 318.6854553222656
789.7738037109375 327.28521728515625
802.5217895507812 335.6088562011719
815.019287109375 343.9404296875
827.380126953125 352.1999206542969
839.5459594726562 360.288330078125
851.57421875 368.2630310058594
863.4837646484375 376.1525573730469
875.2542114257812 383.9092712402344
741.5513916015625 315.329833984375
754.7484130859375 323.83953857421875
767.732666015625 332.4002380371094
780.6292114257812 340.7718505859375
793.32177734375 349.1345520019531
805.8157958984375 357.2945251464844
818.22119140625 365.3958740234375
830.431640625 373.3804016113281
842.4644775390625 381.2569274902344
854.3796997070312 389.0466003417969
866.1043701171875 396.643310546875