1 720 1333
669.1652221679688 212.40505981445312
684.29296875 216.6060028076172
699.4746704101562 220.87290954589844
714.6895751953125 225.24818420410156
730.1324462890625 229.55075073242188
745.4976196289062 233.9146728515625
760.9205932617188 238.3375244140625
776.4917602539062 242.7093505859375
792.0360717773438 247.23306274414062
807.6348876953125 251.65237426757812
823.3223266601562 256.2008056640625
665.0162353515625 227.79026794433594
680.0421752929688 232.143310546875
695.1599731445312 236.4105682373047
710.3518676757812 240.70066833496094
725.55712890625 245.07138061523438
740.8385009765625 249.44801330566406
756.3036499023438 253.83212280273438
771.6326904296875 258.3236083984375
787.2069091796875 262.742919921875
802.6217651367188 267.262451171875
818.27294921875 271.7146911621094
660.8460693359375 243.1613006591797
675.7973022460938 247.4185028076172
690.8311157226562 251.6651153564453
705.9139404296875 256.0476989746094
721.1070556640625 260.4470520019531
736.3612060546875 264.8130187988281
751.5755004882812 269.2937316894531
766.9251708984375 273.67572021484375
782.3302001953125 278.2107238769531
797.7129516601562 282.6314392089844
813.2216796875 287.1878967285156
656.7733154296875 258.3266296386719
671.6779174804688 262.5638732910156
686.6224975585938 266.8995666503906
701.592529296875 271.2972106933594
716.6796875 275.6266784667969
731.7514038085938 280.0733947753906
746.9955444335938 284.49395751953125
762.2685546875 288.92718505859375
777.5079345703125 293.4293518066406
792.7975463867188 297.8462219238281
808.2260131835938 302.4385681152344
652.7529907226562 273.336181640625
667.5866088867188 277.6123046875
682.4385375976562 281.9201354980469
697.3529663085938 286.3512878417969
712.3436279296875 290.6976318359375
727.3753051757812 295.1621398925781
742.4334106445312 299.5510559082031
757.5661010742188 304.03961181640625
772.7166137695312 308.478759765625
788.0126342773438 312.9780578613281
803.2637939453125 317.5003967285156
648.7664184570312 288.200927734375
663.4979858398438 292.5076904296875
678.3294677734375 296.8556823730469
693.0902099609375 301.2420349121094
708.0164794921875 305.5968322753906
722.8929443359375 310.0385437011719
737.91162109375 314.4753112792969
752.9492797851562 318.8841857910156
768.0844116210938 323.44110107421875
783.223388671875 327.8807373046875
798.3731079101562 332.4277648925781
644.85107421875 302.8603820800781
659.4791870117188 307.26507568359375
674.1720581054688 311.5666198730469
688.8757934570312 315.9192199707031
703.6356201171875 320.3672180175781
718.5513916015625 324.7500305175781
733.4423217773438 329.24285888671875
748.4530029296875 333.6599426269531
763.3944702148438 338.2091369628906
778.4603881835938 342.6175231933594
793.46630859375 347.1724853515625
640.9705200195312 317.4330749511719
655.5020751953125 321.7430114746094
670.0957641601562 326.1518249511719
684.6936645507812 330.526123046875
699.455810546875 334.9464416503906
714.220703125 339.40185546875
729.0407104492188 343.7638244628906
743.85546875 348.26763916015625
758.7693481445312 352.6863098144531
773.6790161132812 357.18902587890625
788.6788940429688 361.67340087890625