1 720 1333
519.4830932617188 386.98822021484375
533.2351684570312 391.96197509765625
547.4885864257812 397.1519775390625
562.274169921875 402.444580078125
577.5297241210938 407.95098876953125
593.3858032226562 413.6194152832031
609.6746215820312 419.5036315917969
626.6320190429688 425.5746154785156
644.3424072265625 431.8302307128906
662.5177612304688 438.32415771484375
681.4768676757812 445.0405578613281
519.2566528320312 404.7152099609375
532.8570556640625 409.9634094238281
546.9365844726562 415.39300537109375
561.575927734375 420.9601745605469
576.6691284179688 426.6789245605469
592.402099609375 432.66143798828125
608.530517578125 438.74761962890625
625.383544921875 445.192626953125
642.6485595703125 451.6864013671875
660.6688232421875 458.4375915527344
679.4095458984375 465.40673828125
519.0004272460938 422.2264099121094
532.5184936523438 427.6500549316406
546.498779296875 433.3087158203125
560.8670043945312 439.1027526855469
575.9344482421875 445.16259765625
591.4300537109375 451.3155517578125
607.4506225585938 457.6755065917969
623.9524536132812 464.3255310058594
641.1875610351562 471.1197204589844
658.8406372070312 478.10418701171875
677.3781127929688 485.3800354003906
518.7430419921875 439.36578369140625
532.2890014648438 445.0288391113281
546.116455078125 450.8572692871094
560.4058227539062 456.9048156738281
575.1875 463.1698303222656
590.4796142578125 469.55450439453125
606.3016357421875 476.2026672363281
622.6300048828125 483.0440979003906
639.5287475585938 490.10223388671875
657.20263671875 497.3824768066406
675.4049072265625 504.81500244140625
518.59033203125 456.1922302246094
531.7893676757812 462.03167724609375
545.5504150390625 468.1468811035156
559.6687622070312 474.3893737792969
574.4365234375 480.78594970703125
589.51806640625 487.4718933105469
605.222900390625 494.34881591796875
621.402587890625 501.3835144042969
638.1475830078125 508.6676025390625
655.4398193359375 516.1863403320312
673.4327392578125 523.880615234375
518.4268798828125 472.6591491699219
531.579345703125 478.74395751953125
545.1686401367188 485.0401916503906
559.2208862304688 491.50396728515625
573.5882568359375 498.1861572265625
588.6040649414062 504.98492431640625
604.185302734375 512.10546875
620.1510009765625 519.3644409179688
636.5955200195312 526.8544311523438
653.7249145507812 534.5701293945312
671.4873046875 542.539306640625
518.2903442382812 488.88262939453125
531.270263671875 495.1845703125
544.6721801757812 501.6093444824219
558.5634155273438 508.3155517578125
572.8934326171875 515.1655883789062
587.6424560546875 522.158447265625
603.061767578125 529.4396362304688
618.8121337890625 536.8867797851562
635.2791748046875 544.6420288085938
652.1958618164062 552.5674438476562
669.65673828125 560.7505493164062
518.0641479492188 504.8108215332031
530.822265625 511.3056945800781
544.3260498046875 517.9276733398438
558.0645141601562 524.7427368164062
572.3092041015625 531.769287109375
586.8231811523438 538.9850463867188
602.0977783203125 546.4755249023438
617.6459350585938 554.145263671875
633.799560546875 562.050537109375
650.5559692382812 570.2124633789062
667.8577270507812 578.5648193359375