1 720 1333
226.34779357910156 47.00611114501953
257.446533203125 54.8510856628418
287.6059265136719 62.510982513427734
316.948486328125 69.90550994873047
345.45843505859375 77.23812103271484
373.20989990234375 84.33171081542969
400.21600341796875 91.26876068115234
426.44256591796875 98.04100036621094
451.9803771972656 104.63872528076172
476.68255615234375 111.17215728759766
500.8367614746094 117.50306701660156
224.4356689453125 75.6103286743164
255.25491333007812 82.96127319335938
285.1093444824219 90.10081481933594
314.1734619140625 97.05792999267578
342.46014404296875 103.82577514648438
369.909423828125 110.49989318847656
396.68438720703125 117.00373840332031
422.7396240234375 123.3786392211914
448.14691162109375 129.59066772460938
472.6981201171875 135.63319396972656
496.6302795410156 141.56822204589844
222.58465576171875 103.62722778320312
253.1128387451172 110.49513244628906
282.64068603515625 117.16649627685547
311.47088623046875 123.61559295654297
339.4697570800781 130.0059356689453
366.7080383300781 136.23785400390625
393.3747863769531 142.3329315185547
419.2152404785156 148.28399658203125
444.35809326171875 154.07101440429688
468.76568603515625 159.69932556152344
492.54833984375 165.2653350830078
220.8387451171875 131.14955139160156
251.02670288085938 137.48104858398438
280.3464050292969 143.6719512939453
308.7998046875 149.69784545898438
336.6383361816406 155.6388702392578
363.655517578125 161.46937561035156
390.05865478515625 167.15545654296875
415.70233154296875 172.6353759765625
440.6703796386719 178.1380615234375
464.9197998046875 183.3695068359375
488.5191650390625 188.4640350341797
219.2696990966797 158.00103759765625
249.0993194580078 163.87217712402344
278.0869445800781 169.63314819335938
306.3848571777344 175.2865753173828
333.902099609375 180.7539520263672
360.7093200683594 186.2164306640625
386.8612365722656 191.44635009765625
412.36627197265625 196.58761596679688
437.1463623046875 201.61776733398438
461.2078857421875 206.509765625
484.5894470214844 211.28746032714844
217.65049743652344 184.3260955810547
247.240234375 189.76284790039062
275.899658203125 195.14466857910156
303.94366455078125 200.36390686035156
331.34814453125 205.48086547851562
357.86102294921875 210.44647216796875
383.7811279296875 215.33969116210938
409.0982360839844 220.11880493164062
433.63641357421875 224.70912170410156
457.49462890625 229.28221130371094
480.7518310546875 233.6427764892578
216.2723388671875 210.0915069580078
245.42434692382812 215.1461639404297
273.84735107421875 220.0512237548828
301.6358642578125 224.85903930664062
328.7162170410156 229.5708770751953
355.1547546386719 234.20135498046875
380.79107666015625 238.66595458984375
405.86944580078125 243.1541290283203
430.2614440917969 247.38861083984375
453.9593505859375 251.55238342285156
476.9935302734375 255.56773376464844
214.7375030517578 235.29563903808594
243.69509887695312 239.89109802246094
271.888427734375 244.48048400878906
299.4394226074219 248.8539581298828
326.3219909667969 253.29310607910156
352.4512939453125 257.4881286621094
377.9416198730469 261.6315612792969
402.7444763183594 265.6316223144531
426.95684814453125 269.58062744140625
450.46112060546875 273.4004211425781
473.35479736328125 277.1445617675781