1 720 1333
672.812744140625 212.66514587402344
692.2660522460938 208.78843688964844
711.1068725585938 205.1371612548828
729.5784301757812 201.51806640625
747.5927734375 197.98309326171875
765.2877807617188 194.53016662597656
782.4583740234375 191.2240447998047
799.3822631835938 187.8566436767578
815.7788696289062 184.6806640625
831.968017578125 181.57815551757812
847.6639404296875 178.52389526367188
678.4598999023438 233.54080200195312
697.6885986328125 229.5167236328125
716.5457153320312 225.55760192871094
734.894775390625 221.66769409179688
752.9403686523438 217.98574829101562
770.4657592773438 214.34580993652344
787.6478881835938 210.7189178466797
804.47705078125 207.2822723388672
820.8910522460938 203.83303833007812
836.919189453125 200.49911499023438
852.6207275390625 197.30184936523438
684.0420532226562 254.43228149414062
703.2833251953125 250.17811584472656
721.9852294921875 245.94549560546875
740.3655395507812 241.8470458984375
758.2760009765625 237.8998260498047
775.6879272460938 234.12332153320312
792.8053588867188 230.34042358398438
809.55322265625 226.5756072998047
825.9627685546875 222.92819213867188
841.9135131835938 219.4579620361328
857.5658569335938 215.9698486328125
689.6124877929688 275.381591796875
708.7185668945312 270.77825927734375
727.4476318359375 266.4186096191406
745.677978515625 262.161376953125
763.5346069335938 257.8964538574219
780.9577026367188 253.8028564453125
797.9695434570312 249.77960205078125
814.6577758789062 245.8860626220703
830.9979248046875 242.1077423095703
846.9082641601562 238.3657684326172
862.4530029296875 234.67454528808594
695.2486572265625 296.2649841308594
714.3029174804688 291.4642639160156
732.834716796875 286.7986145019531
751.0919189453125 282.3286437988281
768.815185546875 277.8720703125
786.22705078125 273.5698547363281
803.2421875 269.3836975097656
819.7362670898438 265.2644958496094
836.0521240234375 261.21490478515625
851.8634643554688 257.31463623046875
867.4017333984375 253.40032958984375
700.7207641601562 317.1468811035156
719.7557373046875 312.14300537109375
738.3628540039062 307.27099609375
756.4669189453125 302.4747314453125
774.1500244140625 297.79315185546875
791.4453125 293.32916259765625
808.3244018554688 288.82159423828125
824.8136596679688 284.5429992675781
841.0311279296875 280.3063659667969
856.7650146484375 276.20257568359375
872.2672119140625 272.1049499511719
706.3782958984375 337.9373474121094
725.2872314453125 332.68231201171875
743.7088623046875 327.59393310546875
761.7195434570312 322.616943359375
779.427978515625 317.7182922363281
796.5750732421875 313.02337646484375
813.4463500976562 308.37762451171875
829.8077392578125 303.766845703125
845.972900390625 299.4015808105469
861.6539306640625 295.0506591796875
877.0945434570312 290.71649169921875
711.8550415039062 358.718994140625
730.7305908203125 353.3517150878906
749.1491088867188 347.9158020019531
767.1127319335938 342.70599365234375
784.6132202148438 337.623046875
801.6964111328125 332.6682434082031
818.478515625 327.7615661621094
834.8311767578125 323.0799560546875
850.8370971679688 318.42803955078125
866.4888916015625 313.80999755859375
881.7623901367188 309.41461181640625