1 720 1333
725.5106201171875 193.06674194335938
742.651123046875 189.7261505126953
759.374755859375 186.5400390625
775.5049438476562 183.4783935546875
791.2506713867188 180.46060180664062
806.4149169921875 177.56698608398438
821.2461547851562 174.7090301513672
835.5977172851562 171.9737091064453
849.6219482421875 169.33888244628906
863.2300415039062 166.686767578125
876.4100952148438 164.2703094482422
729.0880126953125 214.4950408935547
746.1151123046875 210.9174041748047
762.5775146484375 207.4684600830078
778.6275024414062 204.09384155273438
794.174072265625 200.76502990722656
809.2799682617188 197.6136474609375
823.8758544921875 194.53810119628906
838.2155151367188 191.550537109375
852.06982421875 188.60252380371094
865.5050659179688 185.79798889160156
878.5895385742188 183.07594299316406
732.587646484375 235.6768798828125
749.4815673828125 231.78445434570312
765.7828369140625 228.0923614501953
781.6326293945312 224.42477416992188
797.1177368164062 220.8553009033203
812.0655517578125 217.47195434570312
826.5598754882812 214.16842651367188
840.6757202148438 210.8596954345703
854.4639282226562 207.69488525390625
867.7701416015625 204.6096954345703
880.7337646484375 201.65817260742188
736.166259765625 256.6224365234375
752.8152465820312 252.49002075195312
769.0291137695312 248.447998046875
784.70361328125 244.5338592529297
799.9839477539062 240.69671630859375
814.7581787109375 237.07598876953125
829.2384033203125 233.47035217285156
843.2684936523438 229.96389770507812
856.825439453125 226.57666015625
870.103759765625 223.30641174316406
882.922119140625 220.0826416015625
739.5983276367188 277.3174133300781
756.1533203125 272.8146057128906
772.181640625 268.531005859375
787.7080078125 264.40582275390625
802.8070678710938 260.35626220703125
817.5122680664062 256.4064636230469
831.744140625 252.5498046875
845.6351318359375 248.79452514648438
859.2622680664062 245.23281860351562
872.3272705078125 241.6377716064453
885.1087036132812 238.27511596679688
743.0305786132812 297.6434631347656
759.3971557617188 292.9541320800781
775.3173828125 288.4248352050781
790.6393432617188 283.9823913574219
805.5965576171875 279.67816162109375
820.1959838867188 275.5104064941406
834.360595703125 271.43341064453125
848.116943359375 267.4733581542969
861.483642578125 263.5950927734375
874.497314453125 259.8570861816406
887.2118530273438 256.235107421875
746.4011840820312 317.7657775878906
762.6058349609375 312.7887268066406
778.3511962890625 308.0076904296875
793.5942993164062 303.3406066894531
808.3966064453125 298.76080322265625
822.7786865234375 294.3854064941406
836.7711181640625 290.09857177734375
850.469482421875 285.8302001953125
863.6754150390625 281.775390625
876.570068359375 277.78680419921875
889.183837890625 273.96478271484375
749.7001342773438 337.6209411621094
765.7567138671875 332.4184265136719
781.37939453125 327.3446044921875
796.464599609375 322.4193115234375
811.1644287109375 317.6000671386719
825.3953857421875 312.9689636230469
839.3116455078125 308.4310302734375
852.6790771484375 304.0592346191406
865.85400390625 299.692138671875
878.60205078125 295.5545959472656
891.1275634765625 291.46771240234375