1 720 1333
832.6193237304688 237.69532775878906
849.5147705078125 242.53790283203125
865.9785766601562 247.30490112304688
882.1303100585938 251.8345947265625
897.7314453125 256.4136657714844
913.1425170898438 260.7528991699219
928.095703125 265.0786437988281
942.6082763671875 269.2477111816406
956.87939453125 273.3680419921875
970.7589721679688 277.3572082519531
984.42529296875 281.3175354003906
830.544921875 257.9256286621094
847.5528564453125 262.5614318847656
864.1424560546875 267.09405517578125
880.33642578125 271.47308349609375
896.1361694335938 275.6979675292969
911.4794921875 279.88226318359375
926.497802734375 283.94537353515625
941.2222290039062 287.93341064453125
955.5319213867188 291.7955017089844
969.4761352539062 295.657958984375
983.1696166992188 299.4078063964844
828.496826171875 278.3920593261719
845.5994262695312 282.68310546875
862.2896728515625 286.99468994140625
878.4883422851562 291.17706298828125
894.3552856445312 295.2375793457031
909.7487182617188 299.2145080566406
924.8267211914062 303.0596618652344
939.6333618164062 306.79168701171875
954.1043090820312 310.4908447265625
968.1188354492188 314.12225341796875
981.7425537109375 317.60723876953125
826.4762573242188 298.9407958984375
843.6055908203125 303.0951843261719
860.4029541015625 307.1151428222656
876.640625 311.02606201171875
892.609619140625 314.8389587402344
908.1803588867188 318.5971374511719
923.3512573242188 322.2788391113281
938.164794921875 325.7611083984375
952.5869140625 329.2989501953125
966.6368408203125 332.6516418457031
980.4613037109375 336.00823974609375
824.4048461914062 319.6831359863281
841.6202392578125 323.5685729980469
858.4660034179688 327.3958435058594
874.8073120117188 331.0640869140625
890.822021484375 334.62353515625
906.4566650390625 338.19818115234375
921.6419067382812 341.5686950683594
936.5841674804688 344.91912841796875
951.1441040039062 348.236083984375
965.30419921875 351.4168395996094
979.0818481445312 354.5074768066406
822.3411254882812 340.61138916015625
839.5991821289062 344.2842712402344
856.513916015625 347.7533874511719
872.9840698242188 351.27618408203125
889.11083984375 354.5929870605469
904.6730346679688 357.8719482421875
920.0546875 361.1192626953125
934.96484375 364.23980712890625
949.560791015625 367.30047607421875
963.7310180664062 370.2772216796875
977.646484375 373.204345703125
820.2040405273438 361.69842529296875
837.580078125 365.0823059082031
854.5576782226562 368.3870849609375
871.1798706054688 371.566162109375
887.3117065429688 374.7026672363281
902.97705078125 377.74114990234375
918.3827514648438 380.6737365722656
933.4077758789062 383.6071472167969
947.9953002929688 386.4679260253906
962.3385009765625 389.27276611328125
976.2616577148438 391.88519287109375
818.0918579101562 382.9693298339844
835.5374145507812 386.1160888671875
852.57958984375 389.1299133300781
869.2545776367188 392.1019592285156
885.4501953125 394.9634094238281
901.255126953125 397.7227783203125
916.6155395507812 400.5135803222656
931.6398315429688 403.1969909667969
946.4410400390625 405.7618408203125
960.6434936523438 408.3240051269531
974.6691284179688 410.78533935546875