1 720 1333
470.4249572753906 88.73731994628906
486.0770263671875 102.54633331298828
501.5318298339844 116.24285125732422
516.8331909179688 129.72959899902344
532.004638671875 143.1637420654297
547.0132446289062 156.41302490234375
561.7935180664062 169.4530487060547
576.5066528320312 182.4275360107422
591.0059814453125 195.2235565185547
605.3735961914062 207.8251495361328
619.5252685546875 220.37168884277344
460.37615966796875 104.36009216308594
475.8267517089844 117.85820007324219
491.2010192871094 131.3173370361328
506.3717346191406 144.5425567626953
521.3983154296875 157.718994140625
536.2636108398438 170.64791870117188
550.8912963867188 183.55043029785156
565.4351806640625 196.25953674316406
579.753173828125 208.7716827392578
594.0341186523438 221.26541137695312
608.1194458007812 233.51217651367188
450.5625915527344 119.51472473144531
465.8660583496094 132.78350830078125
481.1307067871094 145.991455078125
496.1429748535156 159.0419921875
511.0034484863281 171.87684631347656
525.6802368164062 184.6662139892578
540.2597045898438 197.30482482910156
554.625 209.7322235107422
568.7957763671875 222.11293029785156
582.9502563476562 234.32150268554688
596.9221801757812 246.39041137695312
440.9972839355469 134.398681640625
456.2168884277344 147.45211791992188
471.26934814453125 160.40296936035156
486.140625 173.16436767578125
500.82354736328125 185.81637573242188
515.4346923828125 198.33773803710938
529.8184204101562 210.70669555664062
544.1217651367188 222.93905639648438
558.2578735351562 235.1042938232422
572.232666015625 247.11038208007812
586.0577392578125 258.87750244140625
431.67303466796875 148.85504150390625
446.70941162109375 161.6719207763672
461.593994140625 174.34420776367188
476.4204406738281 186.9445343017578
490.9962463378906 199.37586975097656
505.43389892578125 211.66464233398438
519.6937255859375 223.7711639404297
533.8372802734375 235.80767822265625
547.7896728515625 247.7386016845703
561.6943359375 259.51702880859375
575.4296875 271.22210693359375
422.6106262207031 162.99876403808594
437.5158386230469 175.5604705810547
452.31610107421875 188.06687927246094
466.88043212890625 200.39125061035156
481.398193359375 212.61000061035156
495.6626281738281 224.6078338623047
509.8179931640625 236.59368896484375
523.8283081054688 248.4405059814453
537.689208984375 260.1441345214844
551.4735107421875 271.6738586425781
565.1206665039062 283.18780517578125
413.79412841796875 176.7429962158203
428.54010009765625 189.173828125
443.234619140625 201.37628173828125
457.6454162597656 213.50489807128906
472.0435485839844 225.4822998046875
486.21337890625 237.3694305419922
500.2908935546875 249.0977325439453
514.16357421875 260.6485595703125
527.831298828125 272.2486572265625
541.5162963867188 283.540771484375
555.0267333984375 294.8141784667969
405.2469482421875 190.271240234375
419.7856140136719 202.3434295654297
434.3519592285156 214.42454528808594
448.633056640625 226.30294799804688
462.8085632324219 238.08880615234375
476.94232177734375 249.68927001953125
490.8057861328125 261.25933837890625
504.6508483886719 272.642578125
518.3189697265625 283.9274597167969
531.7526245117188 295.1839294433594
545.23876953125 306.2459716796875