1 720 1333
627.5465087890625 236.60873413085938
645.5315551757812 235.27565002441406
663.4606323242188 233.73509216308594
681.2310180664062 232.41819763183594
698.7545166015625 231.0815887451172
716.3082885742188 229.65850830078125
733.5714721679688 228.41188049316406
750.7252807617188 227.16004943847656
767.7517700195312 225.7723846435547
784.6427001953125 224.5478057861328
801.45947265625 223.35568237304688
629.2706298828125 254.7957305908203
647.2532958984375 253.41061401367188
665.056396484375 251.86795043945312
682.691162109375 250.4508819580078
700.3380126953125 249.0358123779297
717.6736450195312 247.6087646484375
734.9996337890625 246.2705078125
752.2191162109375 244.8302764892578
769.2052001953125 243.5097198486328
785.935791015625 242.2700958251953
802.6248168945312 240.81735229492188
630.9120483398438 273.06396484375
648.791015625 271.477294921875
666.6012573242188 269.882568359375
684.3434448242188 268.4511413574219
701.7681884765625 266.8912353515625
719.2415771484375 265.4826965332031
736.4523315429688 264.0157165527344
753.5233154296875 262.57666015625
770.4793701171875 261.24267578125
787.2923583984375 259.70977783203125
803.8558959960938 258.4380187988281
632.5933837890625 291.221923828125
650.495361328125 289.5427551269531
668.2594604492188 287.900634765625
685.7839965820312 286.3679504394531
703.3599243164062 284.7102355957031
720.6228637695312 283.28839111328125
737.7838134765625 281.72064208984375
754.8445434570312 280.30035400390625
771.7398681640625 278.704833984375
788.5291137695312 277.3492431640625
805.1541748046875 275.81243896484375
634.3364868164062 309.1732482910156
652.1419067382812 307.4798583984375
669.7366333007812 305.748779296875
687.3865356445312 304.2052307128906
704.7384033203125 302.54193115234375
722.1062622070312 300.905029296875
739.3087768554688 299.402099609375
756.2888793945312 297.7524108886719
773.1580810546875 296.3109436035156
789.7227172851562 294.6847229003906
806.3765258789062 293.26507568359375
635.919189453125 327.090576171875
653.6737060546875 325.3843688964844
671.3865356445312 323.586669921875
688.8184814453125 321.86572265625
706.3360595703125 320.2971496582031
723.510986328125 318.5580749511719
740.5830688476562 316.8747253417969
757.5587158203125 315.3355407714844
774.3931274414062 313.65362548828125
791.0051879882812 312.1442565917969
807.5081176757812 310.4995422363281
637.581298828125 344.8491516113281
655.362060546875 343.1373291015625
672.8807373046875 341.3785095214844
690.4334716796875 339.5527648925781
707.6868896484375 337.7823791503906
724.8735961914062 336.14483642578125
741.934814453125 334.4115905761719
758.8118896484375 332.64923095703125
775.6007080078125 331.0318908691406
792.2714233398438 329.3702087402344
808.5966796875 327.6445617675781
639.3482666015625 362.5853271484375
656.891845703125 360.7474365234375
674.484619140625 358.90826416015625
691.859375 357.18994140625
709.2691650390625 355.3751525878906
726.3410034179688 353.5451965332031
743.34765625 351.7131652832031
760.2040405273438 349.9759826660156
776.7960815429688 348.2980041503906
793.3773193359375 346.4721984863281
809.6947631835938 344.73040771484375