1 720 1333
533.6180419921875 204.82029724121094
553.8137817382812 207.01478576660156
573.2147827148438 209.14102172851562
591.5490112304688 211.1146697998047
609.3497924804688 212.9862823486328
626.2351684570312 214.8355255126953
642.4288940429688 216.59373474121094
658.0026245117188 218.37030029296875
672.8484497070312 220.00599670410156
687.2901611328125 221.6154022216797
700.979248046875 223.2154541015625
534.3310546875 228.3749542236328
554.4703369140625 229.95013427734375
573.6212768554688 231.51254272460938
592.2299194335938 232.99066162109375
609.6998291015625 234.43637084960938
626.6342163085938 235.7726287841797
642.7886962890625 237.19708251953125
658.4468383789062 238.47601318359375
673.4073486328125 239.640625
687.5843505859375 240.84568786621094
701.4135131835938 242.1512451171875
534.946533203125 251.71112060546875
555.0882568359375 252.7604522705078
574.314697265625 253.83920288085938
592.6622314453125 254.79161071777344
610.301025390625 255.77064514160156
627.202392578125 256.6637268066406
643.4009399414062 257.59613037109375
658.78369140625 258.5085144042969
673.723876953125 259.4024658203125
688.1287841796875 260.2418518066406
701.7025756835938 260.91650390625
535.6246948242188 275.17144775390625
555.6563720703125 275.6072692871094
574.8202514648438 276.2039489746094
593.281005859375 276.6304626464844
610.754150390625 277.2767028808594
627.57861328125 277.5887451171875
643.7251586914062 278.13714599609375
659.3646850585938 278.56304931640625
674.2606201171875 278.9696960449219
688.4971923828125 279.4534912109375
702.2039184570312 279.8227844238281
536.4093017578125 298.4272766113281
556.3807983398438 298.43060302734375
575.5048217773438 298.4556579589844
593.734130859375 298.4391174316406
611.4000244140625 298.4913330078125
628.21044921875 298.4980163574219
644.3125 298.5260925292969
659.6849365234375 298.547119140625
674.5967407226562 298.55841064453125
688.8173217773438 298.61260986328125
702.5272216796875 298.6174621582031
537.135009765625 321.5546569824219
557.0502319335938 321.1170959472656
576.23095703125 320.5782165527344
594.4161376953125 320.1605224609375
611.842041015625 319.6500244140625
628.6292114257812 319.3489685058594
644.7029418945312 318.7977294921875
660.2476196289062 318.50732421875
675.079345703125 318.1977844238281
689.3137817382812 317.75732421875
702.8845825195312 317.4759216308594
537.8023681640625 344.67388916015625
557.700439453125 343.6300048828125
576.737060546875 342.6361999511719
594.954833984375 341.69683837890625
612.4354248046875 340.80096435546875
629.2354736328125 340.0157470703125
645.27001953125 339.2481994628906
660.5999145507812 338.42303466796875
675.4517822265625 337.59478759765625
689.586181640625 336.8512268066406
703.286865234375 336.2724609375
538.6306762695312 367.6785583496094
558.4730834960938 366.2424011230469
577.493408203125 364.6620788574219
595.5823974609375 363.349365234375
612.9818725585938 361.9432373046875
629.6007690429688 360.61431884765625
645.6358642578125 359.4523010253906
661.0263061523438 358.279052734375
675.7137451171875 357.11126708984375
689.8484497070312 355.9497375488281
703.5093994140625 354.84515380859375