1 720 1333
551.8106079101562 242.14175415039062
569.0702514648438 240.72303771972656
586.5700073242188 239.50775146484375
604.3396606445312 238.2103729248047
622.3296508789062 236.7653045654297
640.4955444335938 235.47718811035156
658.9444580078125 234.17138671875
677.61669921875 232.7006072998047
696.5277709960938 231.4451904296875
715.6300048828125 230.00909423828125
735.0258178710938 228.57913208007812
556.6571044921875 257.4559631347656
573.6123046875 256.2923278808594
590.81591796875 255.1157684326172
608.3131713867188 253.84352111816406
625.9501342773438 252.63241577148438
643.8035888671875 251.46624755859375
661.9729614257812 250.27487182617188
680.3767700195312 249.0072479248047
698.8826293945312 247.79965209960938
717.6527709960938 246.54745483398438
736.6376953125 245.38963317871094
561.3745727539062 272.242919921875
578.0618896484375 271.2735290527344
594.931884765625 270.1629638671875
612.13720703125 269.1088562011719
629.5070190429688 267.9949035644531
647.1190185546875 266.8191223144531
664.905029296875 265.7461853027344
682.9251708984375 264.666015625
701.226806640625 263.5755310058594
719.609619140625 262.5312194824219
738.3209228515625 261.42071533203125
565.8568115234375 286.53271484375
582.33837890625 285.54888916015625
598.927734375 284.62408447265625
615.7714233398438 283.6954345703125
632.868408203125 282.6982421875
650.2405395507812 281.7764892578125
667.7039184570312 280.7411193847656
685.4534912109375 279.83795166015625
703.4046020507812 278.8247985839844
721.5206298828125 277.8518981933594
739.7659301757812 276.7949523925781
570.2964477539062 300.3855895996094
586.420166015625 299.49609375
602.7691040039062 298.67926025390625
619.4083251953125 297.83331298828125
636.2451171875 297.0743408203125
653.2244262695312 296.239501953125
670.4642333984375 295.38446044921875
687.8606567382812 294.5045166015625
705.5021362304688 293.570556640625
723.3173217773438 292.636962890625
741.3548583984375 291.7584533691406
574.5051879882812 313.6571350097656
590.4180297851562 313.0121154785156
606.5028076171875 312.35015869140625
622.8223266601562 311.5574645996094
639.39404296875 310.73980712890625
656.1453247070312 310.1434020996094
673.0916137695312 309.3831787109375
690.234375 308.572265625
707.53369140625 307.82049560546875
725.0479125976562 307.0687255859375
742.6695556640625 306.2762145996094
578.5810546875 326.61834716796875
594.2882690429688 326.02490234375
610.1622314453125 325.45025634765625
626.2174072265625 324.70703125
642.4882202148438 324.21795654296875
658.9404296875 323.4969482421875
675.5716552734375 322.7795104980469
692.4627075195312 322.24664306640625
709.5174560546875 321.5072021484375
726.6821899414062 320.7350158691406
744.1412353515625 320.17327880859375
582.5451049804688 339.24176025390625
598.0010986328125 338.622802734375
613.584716796875 338.19024658203125
629.4346313476562 337.5641174316406
645.4729614257812 337.10308837890625
661.6488647460938 336.49884033203125
678.0835571289062 335.8919372558594
694.6500244140625 335.3741149902344
711.399658203125 334.6462097167969
728.3629150390625 334.1366271972656
745.425537109375 333.4842834472656