1 720 1333
794.169921875 236.83712768554688
812.0543823242188 243.59632873535156
830.3370971679688 250.54776000976562
849.1533203125 257.6479187011719
868.3828125 264.94769287109375
888.1259765625 272.4365234375
908.3828125 280.14459228515625
929.2132568359375 287.908203125
950.5357055664062 295.9355773925781
972.4222412109375 304.3258972167969
994.8358154296875 312.8174133300781
784.6221923828125 249.174560546875
802.6061401367188 256.19207763671875
821.1292114257812 263.39093017578125
840.0570068359375 270.68817138671875
859.4623413085938 278.35101318359375
879.380126953125 286.1166076660156
899.7709350585938 294.0487365722656
920.7940063476562 302.2285461425781
942.4304809570312 310.55963134765625
964.4996948242188 319.26788330078125
987.2473754882812 328.1656799316406
774.8916015625 261.7330017089844
793.0435180664062 269.061279296875
811.6103515625 276.532470703125
830.6673583984375 284.2423400878906
850.3094482421875 292.09814453125
870.377685546875 300.1904602050781
891.0006713867188 308.43572998046875
912.2404174804688 316.8793640136719
933.9688720703125 325.6199645996094
956.3854370117188 334.6199951171875
979.34814453125 343.8931579589844
764.796142578125 274.7345886230469
783.1116333007812 282.35125732421875
801.8123779296875 290.0986633300781
821.0787963867188 298.1098937988281
840.794677734375 306.2757568359375
861.1036987304688 314.6229248046875
881.8538208007812 323.2841491699219
903.3203125 332.1215515136719
925.3191528320312 341.198974609375
947.847412109375 350.5512390136719
971.1572875976562 360.2256164550781
754.440185546875 288.1582946777344
772.8489379882812 295.948974609375
791.7243041992188 304.0641784667969
811.1753540039062 312.3631896972656
831.0814819335938 320.8254699707031
851.5172119140625 329.5866394042969
872.499755859375 338.54296875
894.1541137695312 347.72503662109375
916.3475341796875 357.2061462402344
939.188232421875 366.9953918457031
962.6134033203125 377.01214599609375
743.728271484375 301.8352355957031
762.3381958007812 310.0897216796875
781.3760986328125 318.4545593261719
800.8854370117188 327.0847473144531
821.0283203125 335.90399169921875
841.5748291015625 345.019287109375
862.7586059570312 354.3829345703125
884.5939331054688 363.8992004394531
907.0732421875 373.7690734863281
930.1541748046875 383.93603515625
953.8241577148438 394.42236328125
732.6808471679688 316.08837890625
751.450927734375 324.5297546386719
770.6065673828125 333.3084411621094
790.3529052734375 342.2843933105469
810.5909423828125 351.4889221191406
831.3915405273438 360.9533996582031
852.7420654296875 370.66632080078125
874.761474609375 380.64044189453125
897.4324340820312 390.915283203125
920.7048950195312 401.54705810546875
944.6942749023438 412.45721435546875
721.4002075195312 330.6354675292969
740.2234497070312 339.4960021972656
759.5718383789062 348.56671142578125
779.4570922851562 357.8915710449219
799.8339233398438 367.5419616699219
820.7669067382812 377.4178771972656
842.4176635742188 387.5369873046875
864.580810546875 397.9315490722656
887.474853515625 408.65423583984375
911.0289306640625 419.7268981933594
935.287109375 431.1720886230469