1 720 1333
399.21148681640625 125.55902099609375
421.1944885253906 121.98078918457031
443.06768798828125 118.50765991210938
464.8430480957031 115.08240509033203
486.5828857421875 111.63880157470703
508.23699951171875 108.32991027832031
529.7029418945312 104.96128845214844
551.189453125 101.6214370727539
572.5027465820312 98.38509368896484
593.6884155273438 95.21766662597656
614.7672729492188 92.00221252441406
403.06585693359375 146.86476135253906
425.0081787109375 143.3608856201172
446.93377685546875 139.771484375
468.71380615234375 136.29869079589844
490.4819030761719 132.76663208007812
512.1324462890625 129.41134643554688
533.6160888671875 125.96534729003906
555.0643920898438 122.60769653320312
576.4166870117188 119.290771484375
597.595947265625 115.99301147460938
618.661376953125 112.72557067871094
406.8578186035156 168.36119079589844
428.8514404296875 164.67630004882812
450.7583312988281 161.1177978515625
472.6142578125 157.5433807373047
494.3663024902344 154.00570678710938
516.0026245117188 150.51266479492188
537.5164184570312 147.05442810058594
558.9495239257812 143.60220336914062
580.315673828125 140.2191162109375
601.5198364257812 136.81947326660156
622.585693359375 133.5380096435547
410.7726135253906 189.75901794433594
432.7535400390625 186.16323852539062
454.70184326171875 182.48634338378906
476.4985656738281 178.84646606445312
498.29803466796875 175.2850799560547
519.8331298828125 171.68960571289062
541.4360961914062 168.171875
562.8402709960938 164.6116180419922
584.2388916015625 161.1625213623047
605.4401245117188 157.7289581298828
626.5231323242188 154.4029998779297
414.7161865234375 211.30950927734375
436.699462890625 207.55030822753906
458.5828552246094 203.82115173339844
480.4665832519531 200.22174072265625
502.1710510253906 196.50973510742188
523.7535400390625 192.8577880859375
545.3438110351562 189.31419372558594
566.7313232421875 185.6709442138672
588.14306640625 182.1808624267578
609.3672485351562 178.6315460205078
630.466552734375 175.28155517578125
418.6408996582031 232.75469970703125
440.6391296386719 229.03160095214844
462.5595397949219 225.3319854736328
484.3574523925781 221.54864501953125
506.1367492675781 217.79995727539062
527.6442260742188 214.1902313232422
549.2659301757812 210.46107482910156
570.6292724609375 206.79446411132812
592.0779418945312 203.23960876464844
613.28759765625 199.6241455078125
634.4537353515625 196.14927673339844
422.6308898925781 254.3839874267578
444.6064758300781 250.5490264892578
466.4711608886719 246.71011352539062
488.32025146484375 242.9020538330078
510.00439453125 239.17994689941406
531.6033935546875 235.4232177734375
553.1550903320312 231.68698120117188
574.6025390625 227.94967651367188
595.9203491210938 224.28933715820312
617.2647094726562 220.65969848632812
638.3621215820312 217.1160125732422
426.5981140136719 275.9046325683594
448.5475158691406 272.04327392578125
470.45111083984375 268.2181091308594
492.2709655761719 264.34912109375
513.9164428710938 260.5087890625
535.52783203125 256.69573974609375
557.076171875 252.88816833496094
578.528076171875 249.1905975341797
599.887451171875 245.4378662109375
621.1797485351562 241.7059783935547
642.33349609375 238.1237335205078