1 720 1333
318.19171142578125 92.78915405273438
334.1325988769531 93.55406951904297
350.2563781738281 94.4446029663086
366.5982666015625 95.32703399658203
383.1851806640625 96.21363830566406
399.9933776855469 97.12635040283203
417.0255432128906 98.05016326904297
434.34033203125 98.93030548095703
451.7478332519531 99.94281005859375
469.5406494140625 101.0016860961914
487.51824951171875 102.15525817871094
314.51947021484375 110.35231018066406
330.4148864746094 111.31197357177734
346.5653381347656 112.21063232421875
362.89825439453125 113.18407440185547
379.62298583984375 114.20125579833984
396.40570068359375 115.22142791748047
413.4831237792969 116.27301025390625
430.74578857421875 117.33206939697266
448.3287658691406 118.42121887207031
466.0860900878906 119.55928802490234
484.101318359375 120.7096176147461
310.75433349609375 127.99260711669922
326.7442932128906 128.90524291992188
342.8580017089844 130.06700134277344
359.3787841796875 131.174072265625
375.92047119140625 132.266357421875
392.8167724609375 133.3970947265625
409.83453369140625 134.5416717529297
427.29632568359375 135.68751525878906
444.7512512207031 136.890625
462.5874328613281 138.27978515625
480.6205139160156 139.509765625
307.11773681640625 145.6058349609375
323.0671691894531 146.78720092773438
339.3218078613281 148.04344177246094
355.6360168457031 149.25376892089844
372.3708801269531 150.44984436035156
389.223876953125 151.63400268554688
406.3659973144531 152.94412231445312
423.6232604980469 154.35926818847656
441.29327392578125 155.59848022460938
459.1312255859375 157.04049682617188
477.1912536621094 158.4712677001953
303.430908203125 163.5001983642578
319.4055480957031 164.7455291748047
335.5762023925781 166.0743865966797
352.0083923339844 167.40542602539062
368.653076171875 168.66542053222656
385.59124755859375 170.17173767089844
402.679931640625 171.51425170898438
420.15216064453125 172.9228515625
437.65496826171875 174.4718780517578
455.6036376953125 175.94113159179688
473.6488342285156 177.49105834960938
299.6534729003906 181.47520446777344
315.6827087402344 182.70045471191406
331.8614807128906 184.31536865234375
348.36627197265625 185.6178436279297
365.106201171875 187.1945343017578
381.961181640625 188.63320922851562
399.21514892578125 190.25161743164062
416.5190124511719 191.74087524414062
434.2372741699219 193.40513610839844
452.0871276855469 194.97512817382812
470.2468566894531 196.60638427734375
295.9985046386719 199.47779846191406
311.93621826171875 200.99501037597656
328.2557373046875 202.4713134765625
344.67681884765625 204.12539672851562
361.44549560546875 205.63900756835938
378.3940734863281 207.34893798828125
395.5851745605469 208.96376037597656
413.025146484375 210.6044921875
430.6417541503906 212.4298553466797
448.58087158203125 214.20228576660156
466.70318603515625 215.91445922851562
292.26776123046875 217.6197967529297
308.287109375 219.24758911132812
324.49871826171875 220.8568878173828
341.0721740722656 222.53407287597656
357.72503662109375 224.3323516845703
374.78448486328125 226.08901977539062
392.01513671875 227.79116821289062
409.5061950683594 229.63832092285156
427.2270202636719 231.53668212890625
445.13067626953125 233.45501708984375
463.3256530761719 235.36585998535156