1 720 1333
528.2601928710938 190.73199462890625
546.5389404296875 187.3730010986328
565.1715087890625 183.9515838623047
584.1690063476562 180.49935913085938
603.4053344726562 177.0659637451172
622.9856567382812 173.49334716796875
642.8671264648438 169.93043518066406
663.2437133789062 166.34481811523438
683.7697143554688 162.66001892089844
704.7793579101562 159.00845336914062
726.19287109375 155.31199645996094
529.53369140625 210.2445526123047
547.7747192382812 207.01197814941406
566.52880859375 203.71742248535156
585.5119018554688 200.4617462158203
604.8505249023438 197.14163208007812
624.5253295898438 193.73681640625
644.5682373046875 190.36480712890625
664.8786010742188 186.87008666992188
685.6392211914062 183.3972930908203
706.6674194335938 179.85818481445312
728.1845703125 176.33663940429688
530.7472534179688 229.7585906982422
549.2122802734375 226.73690795898438
567.8320922851562 223.63809204101562
586.9640502929688 220.4807586669922
606.4151611328125 217.34214782714844
626.2147216796875 214.1018524169922
646.2709350585938 210.83453369140625
666.6763916015625 207.55735778808594
687.4821166992188 204.2379913330078
708.6267700195312 200.83154296875
730.1637573242188 197.51535034179688
532.1066284179688 249.537353515625
550.4912719726562 246.59715270996094
569.336669921875 243.65109252929688
588.427734375 240.68460083007812
607.8969116210938 237.63072204589844
627.6749267578125 234.60919189453125
647.918212890625 231.51596069335938
668.4814453125 228.37913513183594
689.3722534179688 225.2225341796875
710.5396118164062 222.02467346191406
732.1881103515625 218.74281311035156
533.4041137695312 269.3360900878906
551.7845458984375 266.5947265625
570.6638793945312 263.786865234375
589.8236083984375 260.9755859375
609.4789428710938 258.14569091796875
629.3833618164062 255.25474548339844
649.5867919921875 252.34544372558594
670.30615234375 249.34957885742188
691.2522583007812 246.35049438476562
712.50927734375 243.3372802734375
734.2164306640625 240.30543518066406
534.5966796875 289.3463439941406
553.2376098632812 286.68695068359375
572.1652221679688 284.1570129394531
591.4141845703125 281.46905517578125
610.9483642578125 278.70587158203125
630.9296264648438 276.0751037597656
651.3843383789062 273.2908020019531
672.0366821289062 270.4478759765625
693.0926513671875 267.6249694824219
714.4583129882812 264.74749755859375
736.2542724609375 261.8404541015625
535.9456787109375 309.345458984375
554.5391235351562 306.9093017578125
573.530517578125 304.47967529296875
592.7896118164062 301.97198486328125
612.553955078125 299.51971435546875
632.55224609375 296.9231262207031
653.0442504882812 294.3697814941406
673.7678833007812 291.696044921875
694.9122314453125 289.0824890136719
716.4395751953125 286.3978576660156
738.2881469726562 283.6776123046875
537.3338623046875 329.5135803222656
555.9475708007812 327.2938537597656
574.909423828125 324.99078369140625
594.378173828125 322.6744689941406
614.1990966796875 320.3963928222656
634.2943725585938 317.97418212890625
654.706298828125 315.5822448730469
675.6082153320312 313.1387939453125
696.7982788085938 310.6278076171875
718.4384155273438 308.2174072265625
740.3515014648438 305.58917236328125