1 720 1333
341.56671142578125 134.33291625976562
350.4102783203125 131.2158966064453
359.47467041015625 127.89411163330078
368.7164306640625 124.65117645263672
378.38671875 121.26595306396484
388.1940002441406 117.76470947265625
398.3572082519531 114.2179946899414
408.66827392578125 110.5723648071289
419.3931884765625 106.75668334960938
430.42108154296875 102.9789810180664
441.7341613769531 99.02883911132812
345.3660583496094 149.5266571044922
354.1988525390625 146.54510498046875
363.2848205566406 143.5528106689453
372.53070068359375 140.47735595703125
382.153076171875 137.325927734375
391.9347839355469 134.07742309570312
402.0720520019531 130.71949768066406
412.4510498046875 127.32166290283203
423.0967712402344 123.80191802978516
434.1607360839844 120.23040008544922
445.4234313964844 116.555908203125
349.0907897949219 164.54579162597656
357.8821105957031 161.8457794189453
366.96038818359375 159.0580596923828
376.29644775390625 156.2267303466797
385.815673828125 153.2429656982422
395.6585998535156 150.25509643554688
405.73760986328125 147.15060424804688
416.1520690917969 143.9237518310547
426.7325439453125 140.67166137695312
437.7611389160156 137.39065551757812
449.1225280761719 133.8701171875
352.742431640625 179.5469512939453
361.5984802246094 176.98623657226562
370.6524353027344 174.4414520263672
379.9449462890625 171.7331085205078
389.52630615234375 169.0703125
399.3863525390625 166.26998901367188
409.4700012207031 163.41635131835938
419.7708435058594 160.44679260253906
430.46337890625 157.45046997070312
441.466552734375 154.3547821044922
452.70037841796875 151.21774291992188
356.48175048828125 194.38223266601562
365.3375244140625 192.03001403808594
374.36737060546875 189.61058044433594
383.6407470703125 187.25291442871094
393.24578857421875 184.64691162109375
403.0631103515625 182.16128540039062
413.1433410644531 179.47402954101562
423.45843505859375 176.75204467773438
434.1227111816406 174.02342224121094
445.0982666015625 171.19264221191406
456.38092041015625 168.25340270996094
360.1890869140625 209.09735107421875
368.9339599609375 206.88819885253906
378.0383605957031 204.71592712402344
387.3697814941406 202.47802734375
396.8603515625 200.265625
406.6431579589844 197.82200622558594
416.7618408203125 195.438232421875
427.1288757324219 192.93118286132812
437.7044372558594 190.43820190429688
448.6682434082031 187.8011016845703
459.94970703125 185.17449951171875
363.76708984375 223.62144470214844
372.5941467285156 221.68557739257812
381.6268310546875 219.69227600097656
390.9480285644531 217.63467407226562
400.51641845703125 215.58389282226562
410.3919982910156 213.45925903320312
420.44451904296875 211.2657012939453
430.72894287109375 208.99917602539062
441.3914794921875 206.64405822753906
452.3514099121094 204.32777404785156
463.5364990234375 201.8158721923828
367.446044921875 238.12298583984375
376.23602294921875 236.3381805419922
385.327392578125 234.53204345703125
394.5355529785156 232.67034912109375
404.2271728515625 230.7678985595703
413.8851623535156 228.83135986328125
424.064697265625 226.85708618164062
434.3993835449219 224.80345153808594
445.0299072265625 222.69461059570312
455.92657470703125 220.57846069335938
467.23187255859375 218.39666748046875