1 720 1333
630.5859375 477.9944152832031
647.8526611328125 479.4507751464844
665.2210693359375 480.8510437011719
682.5164184570312 482.3312683105469
699.7955322265625 483.65203857421875
717.2731323242188 485.1150817871094
734.5692749023438 486.44573974609375
751.97900390625 487.721435546875
769.4191284179688 489.1217346191406
786.7683715820312 490.4684753417969
804.252685546875 491.6983947753906
628.71337890625 493.756591796875
646.3252563476562 495.3496398925781
663.845458984375 496.70361328125
681.488525390625 498.26220703125
699.21923828125 499.5904541015625
716.7197875976562 501.0753173828125
734.458984375 502.45159912109375
752.1650390625 503.7553405761719
769.7744140625 505.23187255859375
787.5147094726562 506.5409851074219
805.2832641601562 507.9049987792969
626.7630004882812 510.2021179199219
644.6248168945312 511.6004333496094
662.518798828125 513.1690673828125
680.466552734375 514.6004028320312
698.4010620117188 516.1539916992188
716.3651733398438 517.55126953125
734.3353881835938 518.9899291992188
752.3146362304688 520.4281616210938
770.321044921875 521.7260131835938
788.325927734375 523.2698974609375
806.3245849609375 524.5797729492188
624.7638549804688 526.9821166992188
642.9520874023438 528.5322875976562
661.2124633789062 530.1397094726562
679.39501953125 531.5897216796875
697.5601196289062 533.1728515625
715.770751953125 534.6024780273438
734.1751708984375 536.1649169921875
752.4439086914062 537.5512084960938
770.6905517578125 539.0316772460938
789.072265625 540.4578247070312
807.4130859375 541.8523559570312
622.7281494140625 544.4407348632812
641.2628173828125 546.054443359375
659.6539306640625 547.5818481445312
678.2783813476562 549.2291870117188
696.728759765625 550.7046508789062
715.40283203125 552.3177490234375
733.9017333984375 553.755859375
752.5541381835938 555.3516845703125
771.2613525390625 556.7367553710938
789.826171875 558.35888671875
808.5025634765625 559.752685546875
620.5897216796875 562.5079345703125
639.4027709960938 564.2380981445312
658.2819213867188 565.746337890625
677.0904541015625 567.4482421875
695.9255981445312 569.012939453125
714.7719116210938 570.5758056640625
733.7281494140625 572.2406005859375
752.681884765625 573.6780395507812
771.6607666015625 575.313232421875
790.6435546875 576.76123046875
809.6614379882812 578.3939819335938
618.4080200195312 581.27880859375
637.50830078125 582.8702392578125
656.6312255859375 584.571533203125
675.8389282226562 586.3313598632812
695.155517578125 587.8755493164062
714.3637084960938 589.5570678710938
733.5572509765625 591.2532348632812
752.8521728515625 592.7532958984375
772.2885131835938 594.4141235351562
791.5462036132812 595.9798583984375
810.8095703125 597.5391845703125
616.1232299804688 600.595703125
635.56298828125 602.3977661132812
655.1080932617188 604.1492919921875
674.6178588867188 605.7562255859375
694.2461547851562 607.5626220703125
713.7421264648438 609.3186645507812
733.4708251953125 610.8909912109375
753.1251220703125 612.5797729492188
772.7002563476562 614.2804565429688
792.4609375 615.8262329101562
812.149658203125 617.513427734375