1 720 1333
779.2444458007812 120.68144226074219
805.7825317382812 117.2485122680664
831.8402709960938 113.80070495605469
857.3572387695312 110.48857879638672
882.33837890625 107.3194808959961
906.5172729492188 104.27388000488281
930.3526611328125 101.26229858398438
953.52294921875 98.3609390258789
976.2684326171875 95.48401641845703
998.2791748046875 92.772705078125
1019.8424072265625 90.23556518554688
782.922607421875 151.12997436523438
809.3668212890625 147.2975616455078
835.1065063476562 143.55780029296875
860.3560180664062 139.98049926757812
884.9334716796875 136.47413635253906
909.0720825195312 133.13006591796875
932.5617065429688 129.76243591308594
955.5838623046875 126.60535430908203
978.1016845703125 123.48838806152344
1000.0055541992188 120.5372543334961
1021.3569946289062 117.57366943359375
786.669677734375 180.8294219970703
812.7289428710938 176.75033569335938
838.2981567382812 172.78555297851562
863.2425537109375 168.9397735595703
887.5848999023438 165.20619201660156
911.4422607421875 161.49066162109375
934.732177734375 157.88941955566406
957.5841064453125 154.463134765625
979.9111328125 151.06700134277344
1001.5552978515625 147.7384796142578
1022.7406616210938 144.63763427734375
790.3861083984375 210.1485137939453
816.194091796875 205.7709197998047
841.3941040039062 201.5651092529297
866.0753784179688 197.46954345703125
890.2447509765625 193.417236328125
913.7572631835938 189.48834228515625
936.9031372070312 185.6283416748047
959.54150390625 181.82492065429688
981.6204833984375 178.2209014892578
1003.2465209960938 174.66636657714844
1024.2330322265625 171.26910400390625
793.9326171875 238.84698486328125
819.4685668945312 234.3062286376953
844.4034423828125 229.78341674804688
868.7904052734375 225.44065856933594
892.6926879882812 221.15817260742188
916.1538696289062 216.9223175048828
939.0159301757812 212.79136657714844
961.4434204101562 208.7854461669922
983.38330078125 204.85980224609375
1004.6284790039062 201.1221466064453
1025.4932861328125 197.43606567382812
797.4678344726562 267.1173400878906
822.7030639648438 262.30218505859375
847.4105834960938 257.5522155761719
871.5396118164062 252.9088592529297
895.2578125 248.4010772705078
918.3587646484375 243.9431915283203
941.0446166992188 239.58360290527344
963.3033447265625 235.3534698486328
984.9144897460938 231.23171997070312
1006.1168823242188 227.1634979248047
1026.685791015625 223.2127227783203
800.9237060546875 294.79547119140625
825.8697509765625 289.71307373046875
850.3245239257812 284.7507019042969
874.2412109375 279.8828125
897.5945434570312 275.15869140625
920.5157470703125 270.5052185058594
942.921142578125 265.8900146484375
964.8856811523438 261.4165344238281
986.4683837890625 257.02752685546875
1007.4138793945312 252.72938537597656
1027.871337890625 248.5741424560547
804.364990234375 322.08447265625
829.0310668945312 316.7315673828125
853.2083129882812 311.52728271484375
876.7490844726562 306.45623779296875
899.953125 301.4656677246094
922.5901489257812 296.5537414550781
944.762451171875 291.72698974609375
966.5557250976562 287.0412292480469
987.8013916015625 282.44573974609375
1008.5596313476562 277.9118347167969
1028.8238525390625 273.4986572265625