1 720 1333
650.4876098632812 171.9212188720703
667.457763671875 169.91455078125
683.6273803710938 168.09988403320312
699.3887329101562 166.3244171142578
714.3798828125 164.51148986816406
728.857421875 162.8197021484375
742.85498046875 161.3337860107422
756.4048461914062 159.71514892578125
769.4735107421875 158.2720947265625
782.0377197265625 156.8011016845703
794.15771484375 155.50926208496094
655.758056640625 193.44920349121094
672.4961547851562 191.02662658691406
688.6106567382812 188.7162628173828
704.1665649414062 186.53094482421875
719.0567016601562 184.44679260253906
733.4301147460938 182.4471435546875
747.3138427734375 180.4866180419922
760.6639404296875 178.60458374023438
773.57958984375 176.80628967285156
786.1337890625 175.1066436767578
798.0879516601562 173.44232177734375
661.0379638671875 214.65496826171875
677.611328125 211.8953094482422
693.5528564453125 209.2610321044922
708.8590698242188 206.6477813720703
723.6806640625 204.2484893798828
737.8829956054688 201.83221435546875
751.6544189453125 199.6082000732422
764.9022216796875 197.4374237060547
777.78564453125 195.2989959716797
790.0810546875 193.29188537597656
802.084716796875 191.32293701171875
666.2643432617188 235.82440185546875
682.6524047851562 232.63665771484375
698.4522094726562 229.59654235839844
713.6696166992188 226.6552276611328
728.3143920898438 223.8172149658203
742.4690551757812 221.21192932128906
756.0618286132812 218.546875
769.2716064453125 216.10020446777344
781.8856811523438 213.6396484375
794.1717529296875 211.34449768066406
805.8900146484375 209.08042907714844
671.44287109375 256.806640625
687.6801147460938 253.32398986816406
703.3807373046875 249.79071044921875
718.402099609375 246.52767944335938
732.9078369140625 243.41534423828125
746.869873046875 240.36837768554688
760.4335327148438 237.44664001464844
773.4136352539062 234.58993530273438
786.0026245117188 231.85545349121094
798.081787109375 229.28395080566406
809.7676391601562 226.7197723388672
676.5633544921875 277.6758728027344
692.7110595703125 273.69366455078125
708.2181396484375 269.8838195800781
723.1693725585938 266.30804443359375
737.48486328125 262.760498046875
751.372802734375 259.4296875
764.684326171875 256.23492431640625
777.5806884765625 253.0598907470703
790.05615234375 249.99578857421875
802.0621948242188 247.1325225830078
813.6023559570312 244.3061981201172
681.7057495117188 298.4561767578125
697.6797485351562 294.12286376953125
713.0631713867188 289.8791198730469
727.7505493164062 285.8663024902344
742.0736694335938 282.0942687988281
755.7091064453125 278.39739990234375
768.8805541992188 274.7639465332031
781.68701171875 271.3815612792969
794.056640625 268.02813720703125
805.8598022460938 264.7762145996094
817.377197265625 261.6739501953125
686.83251953125 319.0317687988281
702.6507568359375 314.3253479003906
717.8145751953125 309.74224853515625
732.4686889648438 305.4158020019531
746.5662841796875 301.2614440917969
760.1307983398438 297.2071838378906
773.20947265625 293.3166809082031
785.7428588867188 289.5306396484375
797.9371948242188 285.8797302246094
809.6812744140625 282.43310546875
821.1190185546875 279.0470886230469