1 720 1333
698.6505737304688 314.25360107421875
713.3231811523438 314.0626525878906
727.406982421875 313.842529296875
740.9246826171875 313.68975830078125
754.05859375 313.627197265625
766.603271484375 313.5346374511719
778.7659912109375 313.5102844238281
790.567138671875 313.4063415527344
801.9014892578125 313.3478088378906
812.8222045898438 313.2533874511719
823.46142578125 313.1766357421875
703.5643310546875 332.4659423828125
718.2735595703125 331.8775939941406
732.3045654296875 331.4730529785156
745.88232421875 331.0447998046875
758.9011840820312 330.5559997558594
771.55859375 330.2885437011719
783.6629028320312 329.7383117675781
795.4500732421875 329.45941162109375
806.7454833984375 329.0780944824219
817.6384887695312 328.6599426269531
828.26611328125 328.4114685058594
708.6021728515625 350.91961669921875
723.2572631835938 350.12835693359375
737.3951416015625 349.3326416015625
750.8491821289062 348.5145263671875
763.966064453125 347.7065734863281
776.5213623046875 347.0837097167969
788.64404296875 346.4102478027344
800.3876953125 345.63604736328125
811.6492919921875 345.0439758300781
822.5471801757812 344.4352111816406
833.0745239257812 343.7291564941406
713.6463623046875 369.64959716796875
728.3865356445312 368.4943542480469
742.4573364257812 367.3724365234375
756.0106201171875 366.2855224609375
769.0303344726562 365.1993713378906
781.5645751953125 364.1575927734375
793.6566162109375 363.1675109863281
805.3734741210938 362.1640625
816.6239013671875 361.2421569824219
827.4874267578125 360.3270263671875
837.951171875 359.4484558105469
718.8716430664062 388.70904541015625
733.5435791015625 387.1829833984375
747.5769653320312 385.607177734375
761.1742553710938 384.18365478515625
774.153564453125 382.6650390625
786.66064453125 381.41473388671875
798.7085571289062 380.04742431640625
810.4017333984375 378.68316650390625
821.6006469726562 377.5235900878906
832.4630126953125 376.3851623535156
842.8446655273438 375.2649841308594
724.2062377929688 407.9702453613281
738.7646484375 406.05902099609375
752.8051147460938 404.1729431152344
766.3679809570312 402.3035888671875
779.3546752929688 400.5306396484375
791.745849609375 398.7929382324219
803.8109130859375 397.2254943847656
815.4544677734375 395.56640625
826.6747436523438 394.08392333984375
837.4444580078125 392.5464172363281
847.886962890625 391.2340393066406
729.50244140625 427.5250549316406
744.1460571289062 425.1690673828125
758.1478881835938 422.8102111816406
771.5750732421875 420.6365661621094
784.5049438476562 418.5487976074219
796.9814453125 416.51043701171875
808.9473876953125 414.51641845703125
820.5651245117188 412.6064453125
831.6727905273438 410.72039794921875
842.51953125 409.02850341796875
852.8350219726562 407.3241882324219
734.9282836914062 447.3168640136719
749.5082397460938 444.4805603027344
763.4810180664062 441.7552795410156
776.865234375 439.2549133300781
789.7664184570312 436.7297058105469
802.2139892578125 434.3591613769531
814.1985473632812 432.0334167480469
825.66064453125 429.7944030761719
836.8092041015625 427.68072509765625
847.504150390625 425.60589599609375
857.8846435546875 423.6549987792969