1 720 1333
772.3492431640625 473.4431457519531
786.64599609375 467.5210876464844
800.4426879882812 461.7379150390625
813.9071655273438 456.2745666503906
826.8746948242188 450.7630310058594
839.542724609375 445.5583801269531
851.8056030273438 440.4634704589844
863.7296752929688 435.4668273925781
875.4102783203125 430.59381103515625
886.6004028320312 425.87689208984375
897.6000366210938 421.3993835449219
782.5432739257812 489.8038024902344
796.8118286132812 483.5764465332031
810.668212890625 477.559326171875
824.1340942382812 471.6446838378906
837.1875 465.9520263671875
849.756591796875 460.4544982910156
862.0610961914062 455.0882873535156
873.9489135742188 449.77752685546875
885.4984741210938 444.6833190917969
896.7657470703125 439.7823791503906
907.660888671875 435.0011901855469
792.992919921875 506.57086181640625
807.3982543945312 500.0144348144531
821.169921875 493.64117431640625
834.5819091796875 487.47662353515625
847.6068725585938 481.4942626953125
860.2393188476562 475.62841796875
872.5028686523438 470.01202392578125
884.4008178710938 464.49212646484375
895.9678955078125 459.16748046875
907.1837768554688 453.9311828613281
918.0362548828125 448.8674011230469
803.7530517578125 523.7959594726562
818.1203002929688 516.8424682617188
831.9150390625 510.2269592285156
845.36962890625 503.6484375
858.3675537109375 497.36138916015625
870.9557495117188 491.2711486816406
883.227294921875 485.30029296875
895.0718383789062 479.4986267089844
906.5720825195312 473.8270263671875
917.71533203125 468.4501037597656
928.60205078125 463.1637268066406
814.8050537109375 541.4166870117188
829.1475219726562 534.134033203125
842.9696044921875 527.095947265625
856.3703002929688 520.241455078125
869.3580932617188 513.5850219726562
881.8898315429688 507.191162109375
894.1475219726562 500.88116455078125
905.9360961914062 494.7864685058594
917.4619750976562 488.8880615234375
928.5914916992188 483.2277526855469
939.3944702148438 477.6317443847656
826.1674194335938 559.4853515625
840.4685668945312 551.779052734375
854.28955078125 544.4026489257812
867.6617431640625 537.249267578125
880.6047973632812 530.2627563476562
893.18994140625 523.4808959960938
905.3365478515625 516.8626098632812
917.1548461914062 510.5167541503906
928.5797119140625 504.3448486328125
939.6580200195312 498.3644104003906
950.4464111328125 492.4856872558594
837.772705078125 577.9656372070312
852.0645141601562 569.8755493164062
865.8571166992188 562.16796875
879.2393798828125 554.5513305664062
892.1868896484375 547.2938842773438
904.6310424804688 540.1953735351562
916.7307739257812 533.3056640625
928.5176391601562 526.5695190429688
939.9044189453125 520.1032104492188
950.9461669921875 513.76171875
961.6236572265625 507.6624450683594
849.7278442382812 597.0133666992188
864.0672607421875 588.5130004882812
877.7578125 580.35595703125
891.1262817382812 572.3831176757812
903.919921875 564.674072265625
916.4309692382812 557.279296875
928.4764404296875 549.9985961914062
940.1898193359375 542.9880981445312
951.4973754882812 536.2218627929688
962.43798828125 529.5736083984375
973.1205444335938 523.2114868164062