1 720 1333
603.8246459960938 136.93499755859375
630.0441284179688 133.94937133789062
656.6748046875 130.9432830810547
683.8973388671875 127.90306091308594
711.6060791015625 124.84701538085938
739.7750854492188 121.7750015258789
768.548828125 118.70232391357422
797.7388916015625 115.60029602050781
827.5402221679688 112.41619873046875
857.7410888671875 109.34043884277344
888.5318603515625 106.14022064208984
606.3626098632812 165.02430725097656
632.3955688476562 162.36898803710938
658.8560180664062 159.58970642089844
685.84765625 156.8588409423828
713.4285278320312 154.17056274414062
741.442626953125 151.39479064941406
769.8677978515625 148.54742431640625
798.9088134765625 145.70457458496094
828.45361328125 142.80311584472656
858.513427734375 140.03236389160156
888.9652099609375 137.18389892578125
608.7099609375 192.7211151123047
634.602783203125 190.34674072265625
660.9454345703125 187.7831268310547
687.7606811523438 185.43991088867188
715.2273559570312 182.90164184570312
742.9186401367188 180.47866821289062
771.3079833984375 177.95150756835938
800.065185546875 175.44033813476562
829.378662109375 172.82376098632812
859.1704711914062 170.36676025390625
889.4401245117188 167.64781188964844
611.1891479492188 220.1037139892578
636.7789916992188 217.8446807861328
663.0648803710938 215.65216064453125
689.672119140625 213.53384399414062
716.8017578125 211.40570068359375
744.5004272460938 209.1817626953125
772.5321044921875 206.88092041015625
801.1981201171875 204.6465606689453
830.25439453125 202.43759155273438
859.7003784179688 200.17694091796875
889.7307739257812 197.73226928710938
613.505859375 247.00048828125
639.0621948242188 245.1114044189453
665.1002197265625 243.21182250976562
691.5587158203125 241.2923126220703
718.5284423828125 239.36256408691406
745.9259033203125 237.422119140625
773.81103515625 235.47190856933594
802.2727661132812 233.48703002929688
831.0761108398438 231.5282440185547
860.3827514648438 229.48330688476562
890.204833984375 227.46685791015625
615.768310546875 273.546630859375
641.2603149414062 271.8587341308594
667.0955200195312 270.2833557128906
693.4240112304688 268.56744384765625
720.2872924804688 266.8591613769531
747.4575805664062 265.3003234863281
775.2232055664062 263.5460205078125
803.3156127929688 261.81280517578125
831.7877197265625 260.22442626953125
860.8853759765625 258.4413146972656
890.4743041992188 256.5926818847656
618.14892578125 299.7400207519531
643.37353515625 298.43408203125
669.0347900390625 296.9328308105469
695.2477416992188 295.516357421875
721.81396484375 294.1779479980469
748.8532104492188 292.62884521484375
776.4188232421875 291.3403015136719
804.3588256835938 289.75701904296875
832.6061401367188 288.4108581542969
861.4755859375 286.81072998046875
890.6887817382812 285.404296875
620.4092407226562 325.61895751953125
645.4412231445312 324.5199890136719
670.9579467773438 323.3888244628906
696.9237670898438 322.2286376953125
723.4468383789062 320.9820861816406
750.3433837890625 319.7322692871094
777.5830688476562 318.5537414550781
805.307861328125 317.408203125
833.411376953125 316.1693115234375
861.9217529296875 314.79144287109375
891.012451171875 313.5814514160156