1 720 1333
732.275146484375 455.4552001953125
750.8206176757812 456.984375
769.3021240234375 458.5008850097656
787.479248046875 460.0157775878906
805.4761962890625 461.5052185058594
823.3055419921875 462.9454345703125
840.795166015625 464.4277038574219
858.2738037109375 465.7725830078125
875.468505859375 467.2284851074219
892.4508056640625 468.54583740234375
909.2662353515625 469.89508056640625
733.1653442382812 473.5246887207031
752.0699462890625 475.0123291015625
770.6917724609375 476.48382568359375
789.2870483398438 477.8133239746094
807.521728515625 479.3677978515625
825.5416870117188 480.6405334472656
843.4547729492188 482.0821838378906
861.1124877929688 483.4095458984375
878.5238647460938 484.63360595703125
895.7344970703125 485.980224609375
912.778564453125 487.32037353515625
734.0384521484375 492.2638244628906
753.3209228515625 493.5670166015625
772.330078125 494.91790771484375
791.1046142578125 496.3910217285156
809.5905151367188 497.6025390625
827.9329223632812 498.9463806152344
846.1174926757812 500.2873229980469
864.0404663085938 501.4776306152344
881.7144775390625 502.6573486328125
899.2682495117188 503.91571044921875
916.5193481445312 505.2139587402344
735.015625 511.5176086425781
754.5396118164062 512.7523193359375
773.8624267578125 514.1781616210938
792.9266357421875 515.4048461914062
811.8136596679688 516.6006469726562
830.4370727539062 517.723876953125
848.8023071289062 519.0241088867188
867.0242919921875 520.25048828125
885.058349609375 521.3539428710938
902.7462158203125 522.4651489257812
920.330322265625 523.5322265625
736.0348510742188 531.4728393554688
755.8591918945312 532.6294555664062
775.5317993164062 533.7476806640625
794.8809204101562 535.0626831054688
814.1131591796875 536.23974609375
832.9923706054688 537.3524780273438
851.6593627929688 538.431884765625
870.1748046875 539.4782104492188
888.433349609375 540.517578125
906.4273681640625 541.5404663085938
924.2715454101562 542.5610961914062
737.1305541992188 552.1025390625
757.3272705078125 553.209228515625
777.2791748046875 554.3533935546875
796.9216918945312 555.3995361328125
816.402587890625 556.4207153320312
835.599853515625 557.4681396484375
854.5825805664062 558.4456787109375
873.4188232421875 559.44384765625
891.9169311523438 560.3887329101562
910.2437133789062 561.3886108398438
928.2967529296875 562.2809448242188
738.1959838867188 573.4238891601562
758.6717529296875 574.4279174804688
778.9769287109375 575.431640625
799.0303344726562 576.3836059570312
818.7694702148438 577.3688354492188
838.3504028320312 578.2796630859375
857.6390991210938 579.2085571289062
876.6575927734375 580.0452270507812
895.5150146484375 580.7947387695312
914.0580444335938 581.6392822265625
932.4041137695312 582.5205688476562
739.3247680664062 595.46484375
760.2467041015625 596.379638671875
780.7518920898438 597.3029174804688
801.2761840820312 598.1535034179688
821.319091796875 598.8778686523438
841.1799926757812 599.6744384765625
860.693603515625 600.5325317382812
880.1053466796875 601.3668212890625
899.2161254882812 602.0803833007812
917.9397583007812 602.6939697265625
936.5491943359375 603.4671630859375