1 720 1333
517.3384399414062 138.14085388183594
530.804931640625 136.30703735351562
545.3301391601562 134.31805419921875
560.4057006835938 132.3068084716797
576.435791015625 130.14825439453125
593.3616943359375 127.84686279296875
611.341064453125 125.46354675292969
630.300537109375 122.98017120361328
650.4265747070312 120.3133544921875
671.8181762695312 117.52644348144531
694.7049560546875 114.61099243164062
517.60302734375 162.51519775390625
531.24609375 161.33319091796875
545.4562377929688 159.97952270507812
560.4691162109375 158.6250762939453
576.39306640625 157.28573608398438
593.201904296875 155.70083618164062
610.8319702148438 154.23304748535156
629.6709594726562 152.51246643066406
649.5966186523438 150.72532653808594
670.9066772460938 149.0021514892578
693.5262451171875 147.12327575683594
518.039306640625 186.5536346435547
531.4750366210938 185.93348693847656
545.5825805664062 185.3454132080078
560.5050048828125 184.59774780273438
576.3212890625 183.88037109375
592.8231201171875 183.2461700439453
610.5101928710938 182.3917236328125
629.1776123046875 181.53916931152344
648.8357543945312 180.6630401611328
669.9894409179688 179.81573486328125
692.3971557617188 178.92291259765625
518.3837280273438 210.3980712890625
531.6600341796875 210.3485565185547
545.6661376953125 210.322265625
560.5162353515625 210.31008911132812
576.246337890625 210.26380920410156
592.6386108398438 210.24899291992188
610.1845092773438 210.26100158691406
628.5655517578125 210.22669982910156
648.1805419921875 210.25540161132812
669.0520629882812 210.30166625976562
691.274169921875 210.349609375
518.6320190429688 233.67605590820312
531.9122924804688 234.32244873046875
545.82421875 234.7940673828125
560.55126953125 235.48565673828125
576.1145629882812 236.18142700195312
592.4177856445312 236.74697875976562
609.641357421875 237.54290771484375
628.0365600585938 238.37832641601562
647.43115234375 239.26808166503906
668.1427001953125 240.12130737304688
690.1121826171875 241.1499786376953
519.0834350585938 256.8176574707031
532.2294921875 257.9966125488281
546.0689697265625 259.1746520996094
560.5693359375 260.4107360839844
575.9977416992188 261.6546630859375
592.227783203125 263.11920166015625
609.3897094726562 264.5113830566406
627.46923828125 266.0758972167969
646.654296875 267.6789245605469
667.251220703125 269.4871520996094
688.9103393554688 271.4289855957031
519.3773193359375 279.6369323730469
532.4219360351562 281.34710693359375
546.1757202148438 283.09698486328125
560.6044311523438 284.87176513671875
575.7901000976562 286.7990417480469
591.989013671875 288.846923828125
608.9434204101562 291.1051025390625
626.9691162109375 293.3771057128906
646.087158203125 295.7516784667969
666.3989868164062 298.4461975097656
687.8099365234375 301.2534484863281
519.6406860351562 302.17449951171875
532.5506591796875 304.4005432128906
546.35498046875 306.6546936035156
560.5609130859375 309.1592102050781
575.724609375 311.68365478515625
591.6529541015625 314.40240478515625
608.631591796875 317.25518798828125
626.4948120117188 320.3126220703125
645.4860229492188 323.4864196777344
665.5280151367188 326.860595703125
686.83203125 330.5058898925781