1 720 1333
597.3107299804688 439.3946838378906
609.3638916015625 447.54022216796875
621.7127685546875 455.93719482421875
634.5938720703125 464.6341247558594
647.83203125 473.5920104980469
661.5560302734375 482.8287353515625
675.7027587890625 492.42352294921875
690.4132080078125 502.29449462890625
705.5397338867188 512.4352416992188
721.3153686523438 523.0111083984375
737.5257568359375 533.8687133789062
585.5205688476562 452.7571105957031
597.4183959960938 461.2665100097656
609.7600708007812 469.9312438964844
622.5174560546875 478.949951171875
635.6761474609375 488.275146484375
649.3589477539062 497.78558349609375
663.450927734375 507.70867919921875
678.01708984375 517.942626953125
693.1322631835938 528.5169677734375
708.7046508789062 539.4689331054688
724.956298828125 550.7725830078125
573.431640625 466.4179382324219
585.3402099609375 475.1770324707031
597.5303955078125 484.2154846191406
610.259765625 493.49603271484375
623.327392578125 503.1558532714844
636.8074340820312 513.0994873046875
650.8151245117188 523.359130859375
665.4086303710938 533.9310913085938
680.4067993164062 544.8912963867188
695.9835815429688 556.3264770507812
712.1519775390625 568.1238403320312
561.2603759765625 480.28668212890625
572.9320068359375 489.3470153808594
585.172607421875 498.6434326171875
597.6412353515625 508.3420104980469
610.6689453125 518.3157348632812
624.1553955078125 528.5845947265625
638.0903930664062 539.2787475585938
652.4874877929688 550.263427734375
667.4351196289062 561.6002197265625
682.909912109375 573.4598999023438
699.0239868164062 585.6803588867188
548.7307739257812 494.35089111328125
560.4466552734375 503.6749572753906
572.4419555664062 513.3887329101562
584.9402465820312 523.414306640625
597.8045654296875 533.6885375976562
611.216796875 544.419677734375
624.986572265625 555.4351196289062
639.398681640625 566.8237915039062
654.232421875 578.6476440429688
669.6067504882812 590.9158935546875
685.6150512695312 603.6365356445312
536.1195068359375 508.6312255859375
547.6041870117188 518.3600463867188
559.557861328125 528.4116821289062
571.8909301757812 538.698974609375
584.7332763671875 549.4478759765625
597.9929809570312 560.4881591796875
611.7041015625 571.9202270507812
625.9235229492188 583.7567138671875
640.67431640625 596.0887451171875
656.0796508789062 608.7813110351562
671.953125 622.0503540039062
523.226318359375 523.243896484375
534.5885009765625 533.2791748046875
546.4832763671875 543.5921630859375
558.669189453125 554.3629760742188
571.4237060546875 565.4552001953125
584.54248046875 576.8731689453125
598.2179565429688 588.7935791015625
612.3486938476562 601.1245727539062
626.9467163085938 613.8072509765625
642.2384643554688 627.0726318359375
658.0748291015625 640.7020874023438
510.0379638671875 538.0455322265625
521.3986206054688 548.4354858398438
533.1048583984375 559.193603515625
545.260986328125 570.3175659179688
557.7568969726562 581.7146606445312
570.83056640625 593.6339111328125
584.4017944335938 605.9511108398438
598.4348754882812 618.712646484375
612.9580078125 631.924072265625
628.1127319335938 645.6318359375
643.7662963867188 659.8425903320312