1 720 1333
635.754638671875 346.71728515625
658.4075927734375 348.72357177734375
681.4827270507812 350.8032531738281
705.1865844726562 352.97235107421875
729.310546875 355.1940002441406
753.9051513671875 357.3837890625
779.175537109375 359.60406494140625
804.8675537109375 361.8708190917969
831.2000122070312 364.3370056152344
858.0840454101562 366.65399169921875
885.5048217773438 369.2003173828125
636.4862670898438 369.38726806640625
658.7188720703125 371.6133728027344
681.570556640625 373.91424560546875
704.90966796875 376.340576171875
728.7550659179688 378.67352294921875
753.16455078125 381.2242736816406
778.0435180664062 383.603515625
803.4077758789062 386.2525634765625
829.3661499023438 388.7329406738281
855.7786254882812 391.4305419921875
882.8530883789062 394.13153076171875
637.2147216796875 391.50140380859375
659.2203369140625 393.94683837890625
681.6815185546875 396.4768371582031
704.6891479492188 399.1163635253906
728.3753662109375 401.63568115234375
752.3934326171875 404.3656921386719
776.8635864257812 407.09417724609375
801.8870239257812 409.7723388671875
827.4917602539062 412.61865234375
853.5780639648438 415.48529052734375
880.384765625 418.41448974609375
637.7151489257812 413.08447265625
659.5438842773438 415.7328796386719
681.7509155273438 418.512451171875
704.5469970703125 421.31744384765625
727.728515625 424.1637268066406
751.5514526367188 426.9718933105469
775.6721801757812 429.8560791015625
800.4571533203125 432.8314208984375
825.6406860351562 435.86572265625
851.4730834960938 438.9308776855469
877.732421875 442.1153869628906
638.4415893554688 434.1455993652344
659.8970947265625 437.0405578613281
681.8413696289062 439.9220275878906
704.4054565429688 442.87982177734375
727.3890991210938 445.921875
750.6780395507812 449.065673828125
774.59130859375 452.1815490722656
799.0075073242188 455.3267822265625
823.8687133789062 458.52685546875
849.3860473632812 461.7769470214844
875.3419189453125 465.1593933105469
639.0889892578125 454.6493225097656
660.3519287109375 457.74267578125
682.0390625 460.8437805175781
704.252197265625 464.0667724609375
726.7559204101562 467.2704162597656
749.9280395507812 470.49969482421875
773.517578125 473.7735900878906
797.5723876953125 477.2071228027344
822.217041015625 480.56317138671875
847.3024291992188 484.0417175292969
872.8097534179688 487.54937744140625
639.6260986328125 474.68341064453125
660.6036376953125 477.9797668457031
682.1448364257812 481.3036804199219
703.9608764648438 484.5932312011719
726.4110717773438 487.9586486816406
749.2294311523438 491.41162109375
772.4591674804688 494.8276062011719
796.271240234375 498.4145812988281
820.4839477539062 502.0589904785156
845.2708740234375 505.66162109375
870.4806518554688 509.38909912109375
640.2841796875 494.315673828125
660.9315795898438 497.642822265625
682.2106323242188 501.17523193359375
703.7381591796875 504.63201904296875
725.8069458007812 508.2140808105469
748.4368896484375 511.7501220703125
771.4342041015625 515.4094848632812
794.8159790039062 519.146240234375
818.778076171875 522.8719482421875
843.2750244140625 526.6488037109375
868.1505126953125 530.5403442382812