1 720 1333
746.1478271484375 334.548583984375
770.3634033203125 331.7485656738281
794.1446533203125 329.1357116699219
817.6103515625 326.4322814941406
840.751708984375 323.7193908691406
863.6475830078125 321.1711730957031
886.3121337890625 318.5364685058594
908.5830078125 315.9230651855469
930.6103515625 313.4449157714844
952.4115600585938 310.8787536621094
973.696533203125 308.4405822753906
746.54736328125 358.041259765625
770.472900390625 355.15087890625
793.85205078125 352.363525390625
817.091552734375 349.51617431640625
839.9556884765625 346.71856689453125
862.4803466796875 344.0673522949219
884.7930297851562 341.3394470214844
906.7728881835938 338.6633605957031
928.586669921875 336.0922546386719
950.0119018554688 333.4144592285156
971.2011108398438 330.7573547363281
747.044921875 380.768798828125
770.5001831054688 377.8382873535156
793.6460571289062 374.85650634765625
816.514404296875 372.0841064453125
839.1200561523438 369.21832275390625
861.3912353515625 366.3345031738281
883.4122924804688 363.5238037109375
905.1463012695312 360.71075439453125
926.5840454101562 358.0416259765625
947.7097778320312 355.35986328125
968.5635375976562 352.6029357910156
747.4374389648438 402.98284912109375
770.5657348632812 399.8947448730469
793.4351196289062 396.8730163574219
815.9880981445312 393.8979797363281
838.2815551757812 390.94659423828125
860.310302734375 388.0664367675781
881.9163818359375 385.1990966796875
903.4508056640625 382.33721923828125
924.58837890625 379.4947814941406
945.5155029296875 376.5860900878906
966.1685791015625 373.8003845214844
747.7416381835938 424.51519775390625
770.6131591796875 421.42388916015625
793.2577514648438 418.29046630859375
815.4436645507812 415.23321533203125
837.454833984375 412.1828308105469
859.117431640625 409.1871337890625
880.5578002929688 406.1897277832031
901.70166015625 403.2490539550781
922.6673583984375 400.3253173828125
943.3197021484375 397.4312744140625
963.7109375 394.5016784667969
748.2647094726562 445.4502868652344
770.6520385742188 442.2471923828125
792.880859375 439.1192626953125
814.8699340820312 435.88525390625
836.5183715820312 432.75604248046875
858.0035400390625 429.6673278808594
879.2041015625 426.60650634765625
900.1364135742188 423.6224670410156
920.7113647460938 420.61309814453125
941.1824951171875 417.59735107421875
961.3154907226562 414.68414306640625
748.50927734375 465.7422790527344
770.6923217773438 462.5018310546875
792.6386108398438 459.289306640625
814.384521484375 456.0401916503906
835.6908569335938 452.81475830078125
856.8535766601562 449.6451721191406
877.7337036132812 446.538818359375
898.4441528320312 443.4520263671875
918.8604125976562 440.3798828125
939.0148315429688 437.3293762207031
958.9020385742188 434.30670166015625
748.8609619140625 485.4949035644531
770.7620239257812 482.1784362792969
792.434814453125 478.8545837402344
813.7616577148438 475.5958557128906
834.9572143554688 472.3640441894531
855.775390625 469.1660461425781
876.4288330078125 465.8782653808594
896.7711791992188 462.7080078125
916.9511108398438 459.5649719238281
936.8395385742188 456.4383544921875
956.5213012695312 453.35430908203125