1 720 1333
676.0049438476562 439.4028015136719
693.3568115234375 446.3097839355469
710.8419189453125 453.2847595214844
728.6306762695312 460.314208984375
746.5947875976562 467.4287109375
764.7798461914062 474.6103515625
783.2214965820312 481.85784912109375
801.7645874023438 489.2426452636719
820.6498413085938 496.62078857421875
839.6858520507812 504.2014465332031
859.061767578125 511.7596435546875
668.3034057617188 455.5247802734375
685.7863159179688 462.5811462402344
703.5474853515625 469.7356872558594
721.487060546875 476.9949035644531
739.642822265625 484.3664245605469
758.0838623046875 491.7102966308594
776.650634765625 499.2196350097656
795.5147094726562 506.740478515625
814.5857543945312 514.4213256835938
833.8483276367188 522.1884765625
853.4541015625 530.0003662109375
660.3606567382812 472.0703125
678.1211547851562 479.3765563964844
696.0241088867188 486.6792297363281
714.17041015625 494.20245361328125
732.549560546875 501.66497802734375
751.1434936523438 509.33843994140625
769.9356079101562 517.0010375976562
789.0756225585938 524.7540893554688
808.3796997070312 532.6302490234375
827.8594970703125 540.6005859375
847.6350708007812 548.677734375
652.271728515625 489.0357971191406
670.1505737304688 496.51495361328125
688.271484375 504.1399230957031
706.5921630859375 511.73907470703125
725.21484375 519.53173828125
743.96435546875 527.3719482421875
763.0693969726562 535.3230590820312
782.340576171875 543.34765625
801.8530883789062 551.4308471679688
821.6575927734375 559.6112670898438
841.68359375 567.9734497070312
643.8764038085938 506.40045166015625
661.9586181640625 514.1427001953125
680.2976684570312 521.9326782226562
698.8194580078125 529.8086547851562
717.5908203125 537.8076782226562
736.630859375 545.919189453125
755.9092407226562 554.1370849609375
775.476318359375 562.387451171875
795.2738647460938 570.716552734375
815.3096313476562 579.2617797851562
835.5834350585938 587.7571411132812
635.3511352539062 524.307861328125
653.554443359375 532.22998046875
672.091796875 540.294921875
690.8150024414062 548.4312744140625
709.8657836914062 556.6593017578125
729.1336059570312 565.02978515625
748.6163330078125 573.4778442382812
768.4024047851562 581.9462890625
788.4207153320312 590.6021118164062
808.6397705078125 599.351318359375
829.2841796875 608.2345581054688
626.5311279296875 542.5900268554688
644.9757080078125 550.7835693359375
663.6447143554688 559.1624755859375
682.6299438476562 567.5458374023438
701.8568725585938 576.062255859375
721.3693237304688 584.6514282226562
741.0819702148438 593.3538818359375
761.1083374023438 602.1961669921875
781.3656616210938 611.0703735351562
801.8786010742188 620.0777587890625
822.6640014648438 629.2008666992188
617.4962158203125 561.4583740234375
636.1522827148438 569.9122924804688
655.0255737304688 578.5159301757812
674.2320556640625 587.2191772460938
693.6470336914062 595.944091796875
713.3849487304688 604.7852783203125
733.3812866210938 613.81005859375
753.5882568359375 622.8640747070312
774.1045532226562 632.1182250976562
794.8306884765625 641.3968505859375
815.97802734375 650.750732421875