1 720 1333
636.1177978515625 200.86129760742188
645.1175537109375 184.76539611816406
653.7808837890625 169.21304321289062
662.348388671875 154.0063934326172
670.560302734375 139.2829132080078
678.5686645507812 124.92061614990234
686.4114990234375 111.00543975830078
693.9881591796875 97.44843292236328
701.3873291015625 84.26701354980469
708.5259399414062 71.46471405029297
715.505859375 58.97478103637695
655.1566772460938 213.26846313476562
663.7528076171875 197.0884552001953
672.2322387695312 181.42474365234375
680.3729858398438 166.24415588378906
688.3230590820312 151.3955078125
695.9751586914062 137.01966857910156
703.4855346679688 123.04791259765625
710.763427734375 109.40644073486328
717.9090576171875 96.17056274414062
724.76123046875 83.29998016357422
731.5231323242188 70.71119689941406
673.8758544921875 225.39419555664062
682.2335815429688 209.2209930419922
690.316162109375 193.474609375
698.1514282226562 178.23033142089844
705.7279663085938 163.35897827148438
713.189453125 148.9078369140625
720.4031372070312 134.84718322753906
727.4051513671875 121.23211669921875
734.2925415039062 107.83769989013672
740.840087890625 94.90233612060547
747.3582763671875 82.38345336914062
692.4313354492188 237.36888122558594
700.4058837890625 221.1590576171875
708.1593627929688 205.3892364501953
715.6483764648438 190.06158447265625
722.9649658203125 175.13023376464844
730.116455078125 160.6531524658203
737.04541015625 146.5205841064453
743.7476806640625 132.7763671875
750.3656616210938 119.45098876953125
756.6743774414062 106.46969604492188
762.885009765625 93.77790832519531
710.6146240234375 249.16439819335938
718.323486328125 232.85498046875
725.6674194335938 217.09268188476562
732.8963623046875 201.65525817871094
739.9342651367188 186.71853637695312
746.7139282226562 172.2310333251953
753.4258422851562 158.08432006835938
759.8507080078125 144.27804565429688
766.254638671875 130.8256378173828
772.350830078125 117.78395080566406
778.2930297851562 105.16315460205078
728.5798950195312 260.7433776855469
735.8739013671875 244.47080993652344
743.0263061523438 228.59738159179688
749.90185546875 213.25979614257812
756.6366577148438 198.22206115722656
763.2625122070312 183.64910888671875
769.537109375 169.44857788085938
775.7505493164062 155.6055145263672
781.8064575195312 142.11398315429688
787.6844482421875 129.06588745117188
793.4159545898438 116.3060073852539
746.2850952148438 272.3016662597656
753.3107299804688 255.8820343017578
760.0880126953125 240.0213165283203
766.6420288085938 224.51394653320312
773.1527099609375 209.5443572998047
779.384521484375 194.86810302734375
785.4833984375 180.6644744873047
791.4324340820312 166.75613403320312
797.2544555664062 153.3388214111328
802.7706909179688 140.15171813964844
808.3191528320312 127.3693618774414
763.6116333007812 283.48388671875
770.3551025390625 267.1968994140625
776.7774658203125 251.19439697265625
783.2423706054688 235.72332763671875
789.3527221679688 220.65528869628906
795.332763671875 206.03170776367188
801.1603393554688 191.71925354003906
806.7667846679688 177.80880737304688
812.3509521484375 164.3277130126953
817.6702880859375 151.19583129882812
822.9081420898438 138.300537109375