1 720 1333
543.3397827148438 339.9568786621094
558.4737548828125 343.83514404296875
574.3450927734375 348.00830078125
590.8023071289062 352.2591247558594
608.266845703125 356.7234802246094
626.2711791992188 361.37652587890625
645.1800537109375 366.2751159667969
664.7767333984375 371.3209228515625
685.5027465820312 376.5884704589844
707.1723022460938 382.16357421875
729.7384643554688 387.8707275390625
544.5952758789062 360.6025695800781
559.6314697265625 364.8941345214844
575.36083984375 369.3608093261719
591.654541015625 374.1252746582031
608.7716674804688 378.8915710449219
626.6627197265625 384.0142822265625
645.3955688476562 389.3414001464844
664.7765502929688 394.7978210449219
685.2276000976562 400.5968322753906
706.5093383789062 406.5644836425781
728.7401123046875 412.81597900390625
546.0191650390625 380.77862548828125
560.7655029296875 385.4518127441406
576.408447265625 390.3778991699219
592.541748046875 395.3661804199219
609.5166625976562 400.64508056640625
627.1741943359375 406.11859130859375
645.5638427734375 411.75030517578125
664.719970703125 417.7266845703125
684.7601318359375 423.9268798828125
705.7808837890625 430.4188537597656
727.7384033203125 437.09014892578125
547.2974243164062 400.5915222167969
562.0968017578125 405.6271057128906
577.4322509765625 410.7629089355469
593.4689331054688 416.27203369140625
610.2265625 421.8390808105469
627.5294189453125 427.65618896484375
645.6943359375 433.76165771484375
664.633544921875 440.1195983886719
684.4896850585938 446.66607666015625
705.2698974609375 453.5406799316406
726.7901000976562 460.6370849609375
548.5336303710938 419.9618225097656
563.174072265625 425.2750549316406
578.423828125 430.74224853515625
594.2880859375 436.52996826171875
610.7294311523438 442.4927062988281
627.95458984375 448.67572021484375
645.8966674804688 455.14239501953125
664.6014404296875 461.7936096191406
684.232177734375 468.79449462890625
704.546875 476.0047607421875
725.8247680664062 483.49554443359375
549.7136840820312 438.7903137207031
564.3416137695312 444.49481201171875
579.3875122070312 450.3118591308594
595.01708984375 456.3901062011719
611.4319458007812 462.65008544921875
628.4154052734375 469.1985168457031
646.2163696289062 475.9349670410156
664.5588989257812 482.94525146484375
683.7349243164062 490.3071594238281
703.9320678710938 497.8277282714844
724.915771484375 505.69110107421875
550.9630126953125 457.3811950683594
565.3855590820312 463.266357421875
580.33935546875 469.3834533691406
595.7457885742188 475.66387939453125
612.0142822265625 482.3198547363281
628.7346801757812 489.11834716796875
646.3825073242188 496.1681213378906
664.5480346679688 503.51531982421875
683.5267944335938 511.1577453613281
703.4242553710938 519.083984375
724.0799560546875 527.294189453125
552.2382202148438 475.4462890625
566.4219970703125 481.5793151855469
581.2684326171875 487.98358154296875
596.568603515625 494.5656433105469
612.5374145507812 501.4361572265625
629.28271484375 508.5400695800781
646.53076171875 515.8546142578125
664.532470703125 523.5098266601562
683.3480224609375 531.446044921875
702.8436889648438 539.6188354492188
723.3193359375 548.2512817382812