1 720 1333
242.64596557617188 272.51641845703125
264.72271728515625 266.2177734375
287.30511474609375 259.6927490234375
310.3941955566406 253.17893981933594
334.01287841796875 246.4544219970703
358.17364501953125 239.5897979736328
382.7674560546875 232.65240478515625
408.0585021972656 225.5829315185547
433.72747802734375 218.47740173339844
460.0955810546875 211.1951904296875
486.8114318847656 203.7047119140625
255.09808349609375 298.15716552734375
276.9032287597656 292.15252685546875
299.34930419921875 286.0172119140625
322.23284912109375 279.7282409667969
345.66943359375 273.4604187011719
369.5616760253906 266.99176025390625
394.0552673339844 260.4283752441406
418.9339904785156 253.69229125976562
444.4363708496094 246.90689086914062
470.4096374511719 239.986328125
496.83935546875 232.9075469970703
267.1920471191406 323.0821533203125
288.8841247558594 317.4295959472656
311.0693664550781 311.6080017089844
333.7655029296875 305.7106018066406
356.9698486328125 299.6849670410156
380.7055969238281 293.62225341796875
404.89642333984375 287.4333801269531
429.6216125488281 281.110107421875
454.711181640625 274.62152099609375
480.48382568359375 268.0779724121094
506.6546936035156 261.3857727050781
279.0616149902344 347.4564514160156
300.5365905761719 342.0621643066406
322.6222839355469 336.5828552246094
345.07586669921875 331.0429382324219
368.2142639160156 325.37872314453125
391.56103515625 319.6011657714844
415.5788879394531 313.6781005859375
439.9460754394531 307.67828369140625
464.8456726074219 301.594970703125
490.2996520996094 295.37091064453125
516.2130737304688 288.99200439453125
290.587890625 371.1710510253906
312.0306091308594 366.1181945800781
333.7623291015625 360.88592529296875
356.23529052734375 355.624755859375
378.93316650390625 350.3277282714844
402.29010009765625 344.7955017089844
425.92193603515625 339.3254699707031
450.1380310058594 333.5764465332031
474.64715576171875 327.82470703125
499.817626953125 321.8741455078125
525.429443359375 315.8607177734375
301.9720153808594 394.2558898925781
323.1755065917969 389.42071533203125
344.8652648925781 384.59320068359375
366.9264831542969 379.62103271484375
389.602783203125 374.5596008300781
412.5673522949219 369.4399108886719
436.12921142578125 364.1903076171875
459.9324035644531 358.772705078125
484.3565368652344 353.3772277832031
509.1864929199219 347.7271728515625
534.5217895507812 342.08465576171875
313.04522705078125 416.6615295410156
334.168212890625 412.2919921875
355.58306884765625 407.6251525878906
377.5517272949219 402.9757995605469
399.9156799316406 398.2172546386719
422.7490234375 393.3680419921875
445.9296569824219 388.3955383300781
469.6292724609375 383.32757568359375
493.72784423828125 378.2159729003906
518.3309326171875 372.8037109375
543.3424072265625 367.4635314941406
323.9168701171875 438.65283203125
344.7387390136719 434.41400146484375
366.12554931640625 430.1418151855469
387.8208923339844 425.6710205078125
410.08642578125 421.26031494140625
432.6103515625 416.6182861328125
455.5928649902344 411.865234375
479.13671875 407.1522521972656
502.88763427734375 402.2691345214844
527.2796630859375 397.2841796875
552.0211791992188 392.2304382324219