1 720 1333
517.4712524414062 126.41707611083984
546.1038818359375 141.33181762695312
572.3137817382812 154.95233154296875
596.3662719726562 167.5703125
618.4934692382812 179.0852508544922
638.934326171875 189.86904907226562
657.8814697265625 199.7135467529297
675.5382690429688 209.06048583984375
692.0725708007812 217.63246154785156
707.2145385742188 225.56057739257812
721.6089477539062 233.4170684814453
521.6150512695312 158.2971649169922
550.5844116210938 171.94386291503906
577.044677734375 184.5545654296875
601.2632446289062 196.00465393066406
623.5791015625 206.6895294189453
644.1849975585938 216.45718383789062
663.2391357421875 225.57833862304688
680.946533203125 234.05372619628906
697.3374633789062 241.6990966796875
712.689453125 249.3559112548828
726.9107666015625 256.1437683105469
526.0724487304688 191.33139038085938
555.3658447265625 203.7194061279297
581.9141845703125 215.09136962890625
606.4340209960938 225.54107666015625
628.8342895507812 235.1226348876953
649.5233764648438 243.87301635742188
668.697265625 252.1636505126953
686.412353515625 259.59857177734375
703.0621948242188 266.73492431640625
718.2572021484375 273.3642578125
732.5845947265625 279.6094970703125
530.6646728515625 225.63795471191406
560.239501953125 236.61004638671875
587.1721801757812 246.7393035888672
611.6951293945312 255.8934783935547
634.339599609375 264.3921813964844
655.1526489257812 272.2696228027344
674.326904296875 279.3880310058594
692.2252807617188 286.1932373046875
708.6509399414062 292.3581848144531
723.9911499023438 298.2413330078125
738.3059692382812 303.63995361328125
535.4249877929688 261.24176025390625
565.3468627929688 270.7607727050781
592.4683837890625 279.425537109375
617.2525024414062 287.3658447265625
640.0419311523438 294.6813659667969
660.8267211914062 301.410400390625
680.2525634765625 307.6165466308594
698.02685546875 313.3163757324219
714.5955810546875 318.6528625488281
729.86572265625 323.6725769042969
744.0965576171875 328.3322448730469
540.49853515625 298.33807373046875
570.6488647460938 306.220947265625
598.0001831054688 313.40380859375
623.0602416992188 319.9739685058594
645.8374633789062 325.9377746582031
666.8622436523438 331.53778076171875
686.2335815429688 336.61004638671875
704.0568237304688 341.36065673828125
720.6104125976562 345.6863708496094
735.8065795898438 349.76611328125
750.0913696289062 353.5963439941406
545.7210693359375 336.7689514160156
576.2638549804688 342.89459228515625
603.853271484375 348.5389709472656
629.0050048828125 353.6043395996094
652.0021362304688 358.3457336425781
673.01416015625 362.60009765625
692.3560791015625 366.5224609375
710.2203979492188 370.1764831542969
726.65673828125 373.4862976074219
741.9375 376.6282043457031
756.0547485351562 379.4902038574219
551.3636474609375 376.7528991699219
582.2031860351562 381.09857177734375
610.0076904296875 384.905517578125
635.2984008789062 388.4627990722656
658.3294067382812 391.6619873046875
679.352294921875 394.57373046875
698.6370849609375 397.3070373535156
716.4588623046875 399.6934509277344
732.87646484375 402.03436279296875
748.0142822265625 404.14544677734375
762.2138671875 406.1534423828125