1 720 1333
563.4304809570312 245.11524963378906
581.9556884765625 239.54364013671875
600.0755615234375 234.22219848632812
617.673828125 228.95753479003906
634.8403930664062 223.8636016845703
651.6109008789062 218.9475555419922
667.98193359375 214.18997192382812
683.920654296875 209.49644470214844
699.4857177734375 204.92779541015625
714.6112060546875 200.52955627441406
729.407470703125 196.2414093017578
568.8363647460938 264.88916015625
587.1841430664062 259.2239074707031
605.0106201171875 253.60072326660156
622.442138671875 248.2207489013672
639.3934936523438 242.8893280029297
655.8943481445312 237.7548370361328
672.0895385742188 232.76287841796875
687.801025390625 227.90695190429688
703.2394409179688 223.2616424560547
718.1769409179688 218.63412475585938
732.7173461914062 214.15756225585938
574.2452392578125 284.3641052246094
592.2785034179688 278.41314697265625
609.7855834960938 272.66558837890625
627.0901489257812 267.065673828125
643.7697143554688 261.58416748046875
660.1818237304688 256.3132019042969
676.1168823242188 251.16761779785156
691.6382446289062 246.09521484375
706.8114624023438 241.2079315185547
721.6184692382812 236.43170166015625
736.0353393554688 231.75697326660156
579.5016479492188 303.4012145996094
597.3320922851562 297.2981872558594
614.6270141601562 291.38653564453125
631.57763671875 285.5797119140625
648.208984375 279.9295959472656
664.3168334960938 274.46466064453125
680.0999145507812 269.16064453125
695.410888671875 263.9031982421875
710.4214477539062 258.8229064941406
724.9905395507812 253.90220642089844
739.3282470703125 249.1287841796875
584.6005859375 322.1102600097656
602.2479858398438 315.76629638671875
619.3494873046875 309.6824951171875
636.1089477539062 303.7152404785156
652.4180297851562 297.9755859375
668.4319458007812 292.3515930175781
683.8648071289062 286.7860107421875
699.1657104492188 281.4202575683594
713.9464721679688 276.244140625
728.4050903320312 271.102783203125
742.4772338867188 266.14434814453125
589.7261962890625 340.41351318359375
607.0911254882812 333.950927734375
623.9417114257812 327.691162109375
640.4685668945312 321.5926208496094
656.6177368164062 315.6316223144531
672.3411254882812 309.8147888183594
687.7465209960938 304.1715087890625
702.6984252929688 298.6421203613281
717.431640625 293.2631530761719
731.6304931640625 287.97650146484375
745.5952758789062 282.83367919921875
594.707275390625 358.3570556640625
611.7780151367188 351.7420349121094
628.5205078125 345.3727722167969
644.7908325195312 339.13482666015625
660.699951171875 332.97564697265625
676.3292846679688 326.9924011230469
691.4708862304688 321.2310485839844
706.3156127929688 315.5111083984375
720.7242431640625 309.98345947265625
734.8477172851562 304.5585632324219
748.6182250976562 299.3154296875
599.6036987304688 375.8955078125
616.5302124023438 369.2474670410156
632.954345703125 362.6567687988281
649.1585083007812 356.2698669433594
664.7675170898438 350.0489501953125
680.1689453125 343.89141845703125
695.1539306640625 337.9233093261719
709.7180786132812 332.1359558105469
724.072509765625 326.43511962890625
737.8876953125 320.8338623046875
751.59326171875 315.4667663574219