1 720 1333
241.6502685546875 121.3686294555664
258.3620300292969 115.61540985107422
275.4676818847656 109.81829833984375
292.775390625 103.97212982177734
310.500244140625 97.95347595214844
328.5132751464844 91.91940307617188
346.8087463378906 85.77213287353516
365.5080871582031 79.56500244140625
384.50054931640625 73.28697967529297
403.8642578125 66.84178924560547
423.5579528808594 60.42815399169922
248.95924377441406 142.68936157226562
265.67138671875 137.19140625
282.6180114746094 131.55422973632812
299.93975830078125 125.8326416015625
317.58905029296875 120.1751480102539
335.5198669433594 114.31037139892578
353.77142333984375 108.3960952758789
372.4136962890625 102.37215423583984
391.3097839355469 96.29034423828125
410.5882263183594 90.17918395996094
430.2503967285156 83.87873840332031
256.25732421875 163.69564819335938
272.8180847167969 158.41717529296875
289.7556457519531 152.9853515625
307.0702209472656 147.52880859375
324.5919189453125 141.9615020751953
342.48150634765625 136.40028381347656
360.6436767578125 130.65579223632812
379.2325744628906 124.87590026855469
398.05145263671875 119.0273208618164
417.30169677734375 113.15418243408203
436.75665283203125 107.16717529296875
263.43487548828125 184.5440673828125
280.0096435546875 179.41921997070312
296.8538513183594 174.27713012695312
314.0966796875 168.92442321777344
331.530517578125 163.62664794921875
349.38177490234375 158.25527954101562
367.4748840332031 152.728759765625
385.9620056152344 147.23277282714844
404.670166015625 141.5811309814453
423.82183837890625 135.87098693847656
443.3869934082031 130.15538024902344
270.55889892578125 205.12298583984375
287.0872497558594 200.21681213378906
303.8714904785156 195.22933959960938
321.0599670410156 190.1873779296875
338.4585266113281 185.00994873046875
356.2052307128906 179.77719116210938
374.28607177734375 174.52804565429688
392.651123046875 169.2878875732422
411.3762512207031 163.78427124023438
430.47796630859375 158.38706970214844
449.7860107421875 152.77919006347656
277.6139221191406 225.41632080078125
294.0645446777344 220.65289306640625
310.8175354003906 215.8856964111328
327.8828125 211.10963439941406
345.3504333496094 206.18385314941406
363.0101318359375 201.2203369140625
381.0193176269531 196.15687561035156
399.35919189453125 191.01499938964844
417.96844482421875 185.78778076171875
436.9573059082031 180.5347442626953
456.3481140136719 175.2636260986328
284.5936279296875 245.47354125976562
301.02850341796875 240.95448303222656
317.71478271484375 236.40682983398438
334.7105712890625 231.7313995361328
352.1191101074219 227.04171752929688
369.74029541015625 222.2886962890625
387.67803955078125 217.43942260742188
405.9557189941406 212.4935760498047
424.54693603515625 207.4843292236328
443.4754943847656 202.46946716308594
462.6556091308594 197.36900329589844
291.5703430175781 265.3316345214844
307.83990478515625 260.9812316894531
324.5770568847656 256.58099365234375
341.5369567871094 252.19444274902344
358.8415832519531 247.6280517578125
376.422119140625 243.06643676757812
394.3771057128906 238.39576721191406
412.52764892578125 233.65264892578125
431.0552978515625 228.863525390625
449.913330078125 224.09364318847656
469.0639343261719 219.1817626953125