1 720 1333
535.5763549804688 168.1821746826172
557.9262084960938 166.07888793945312
580.1735229492188 163.90635681152344
602.095458984375 161.85479736328125
623.8051147460938 159.83065795898438
645.4064331054688 157.83230590820312
666.65869140625 155.9273681640625
687.8201293945312 154.117431640625
708.7092895507812 152.23814392089844
729.4583129882812 150.40005493164062
749.8734130859375 148.5708465576172
538.9413452148438 190.90147399902344
561.02294921875 188.6960906982422
582.9301147460938 186.5435791015625
604.6010131835938 184.41986083984375
626.1734008789062 182.35232543945312
647.4610595703125 180.29290771484375
668.5374755859375 178.27642822265625
689.4248657226562 176.27899169921875
710.1546020507812 174.29275512695312
730.5439453125 172.38818359375
750.7539672851562 170.49790954589844
542.2655639648438 213.22866821289062
564.022216796875 210.8865509033203
585.6207885742188 208.6090545654297
607.1632690429688 206.42965698242188
628.4029541015625 204.27215576171875
649.45166015625 202.13197326660156
670.3330078125 199.9505157470703
690.9721069335938 197.8509063720703
711.4442138671875 195.83731079101562
731.613525390625 193.82308959960938
751.644287109375 191.85739135742188
545.4342651367188 234.98980712890625
566.93408203125 232.58670043945312
588.3926391601562 230.298583984375
609.5277099609375 227.9568328857422
630.5740356445312 225.6564178466797
651.4244384765625 223.48292541503906
672.067626953125 221.309814453125
692.4893798828125 219.1486053466797
712.6895751953125 217.02174377441406
732.6644897460938 214.94390869140625
752.5174560546875 212.86549377441406
548.5576171875 256.3265380859375
569.86181640625 253.78598022460938
590.940673828125 251.4351348876953
611.9398193359375 249.07144165039062
632.6732177734375 246.64080810546875
653.3580322265625 244.404296875
673.7142333984375 242.13856506347656
693.95849609375 239.82418823242188
713.9591674804688 237.67710876464844
733.7244262695312 235.54347229003906
753.3993530273438 233.45018005371094
551.6436157226562 277.1863708496094
572.656494140625 274.5834045410156
593.5750732421875 272.2148742675781
614.2974853515625 269.64532470703125
634.8444213867188 267.32025146484375
655.2466430664062 264.8934020996094
675.4360961914062 262.5246276855469
695.4390258789062 260.26715087890625
715.2761840820312 257.99713134765625
734.7310180664062 255.724365234375
754.27490234375 253.5767364501953
554.6366577148438 297.5276794433594
575.4830932617188 294.93304443359375
596.121826171875 292.4046630859375
616.5682983398438 289.83074951171875
636.8670043945312 287.41265869140625
657.0865478515625 284.9411315917969
677.0523681640625 282.54083251953125
696.783935546875 280.2535400390625
716.4265747070312 277.8139953613281
735.7202758789062 275.5418701171875
754.9462890625 273.3137512207031
557.6152954101562 317.4883117675781
578.201171875 314.81219482421875
598.5780029296875 312.307373046875
618.7896728515625 309.6650390625
638.9218139648438 307.1816101074219
658.7980346679688 304.6189270019531
678.5936889648438 302.18255615234375
698.238037109375 299.6676940917969
717.5813598632812 297.3568115234375
736.6703491210938 294.8916320800781
755.667724609375 292.5584716796875