1 720 1333
632.2611083984375 184.53286743164062
647.27880859375 189.99615478515625
661.4656982421875 195.31434631347656
674.76708984375 200.23243713378906
687.569580078125 204.94558715820312
699.5784301757812 209.39955139160156
711.1234130859375 213.63278198242188
721.911865234375 217.65982055664062
732.3489990234375 221.55165100097656
742.144287109375 225.26646423339844
751.4518432617188 228.69305419921875
632.6600341796875 207.75379943847656
647.734130859375 212.6470184326172
662.0222778320312 217.2907257080078
675.4813232421875 221.6532440185547
688.2530517578125 225.76251220703125
700.3062744140625 229.71949768066406
711.637939453125 233.4358367919922
722.5375366210938 236.98060607910156
732.9454956054688 240.39413452148438
742.7040405273438 243.62728881835938
752.2129516601562 246.72613525390625
633.325927734375 231.28843688964844
648.4085693359375 235.4247589111328
662.59033203125 239.406982421875
676.1173706054688 243.19699096679688
688.7811279296875 246.69537353515625
700.8477783203125 250.16543579101562
712.3782348632812 253.37591552734375
723.3201293945312 256.41741943359375
733.589599609375 259.3365783691406
743.4876098632812 262.1485290527344
752.7537231445312 264.7575988769531
633.8056640625 254.7498779296875
648.9194946289062 258.33551025390625
663.3178100585938 261.6197814941406
676.6891479492188 264.7683410644531
689.517578125 267.7549743652344
701.5445556640625 270.6123962402344
713.0911254882812 273.3709411621094
723.8914184570312 275.8585205078125
734.3861083984375 278.3822937011719
744.2032470703125 280.6656799316406
753.5567626953125 282.98236083984375
634.4238891601562 278.46942138671875
649.5421752929688 281.3065185546875
663.8131103515625 283.9478454589844
677.4160766601562 286.50921630859375
690.1898193359375 288.9272155761719
702.30517578125 291.2652893066406
713.6533203125 293.4166564941406
724.6210327148438 295.4971923828125
735.0267333984375 297.4288635253906
744.80615234375 299.38189697265625
754.2206420898438 301.12957763671875
635.02978515625 302.290771484375
650.2681884765625 304.4158630371094
664.5038452148438 306.46234130859375
678.030517578125 308.3993225097656
690.7420043945312 310.2301025390625
702.8173217773438 311.8934631347656
714.4522094726562 313.6051025390625
725.3240356445312 315.1957092285156
735.6831665039062 316.6515808105469
745.4822387695312 318.0738220214844
754.8479614257812 319.4887390136719
635.6041870117188 326.2304992675781
650.7833251953125 327.6128845214844
665.1771240234375 328.97540283203125
678.674560546875 330.368896484375
691.4222412109375 331.5250244140625
703.5855102539062 332.69744873046875
715.0321655273438 333.7646789550781
725.927490234375 334.8636169433594
736.3157958984375 335.8602294921875
746.2387084960938 336.8643493652344
755.4284057617188 337.7536315917969
636.3358764648438 350.2428283691406
651.47802734375 350.8890380859375
665.77294921875 351.63470458984375
679.4124145507812 352.35357666015625
692.1671142578125 352.9683532714844
704.267333984375 353.55584716796875
715.6373291015625 354.21209716796875
726.5048217773438 354.6002502441406
736.8707275390625 355.28076171875
746.60693359375 355.6474914550781
756.0679321289062 356.2347412109375