1 720 1333
546.6018676757812 212.90594482421875
564.1270751953125 224.9628143310547
580.9443359375 236.6031036376953
597.3643188476562 247.84153747558594
613.2554321289062 258.74285888671875
628.50634765625 269.3409423828125
643.45068359375 279.55841064453125
657.83056640625 289.4999084472656
671.8442993164062 299.21337890625
685.4384765625 308.5329284667969
698.5879516601562 317.5990295410156
534.365966796875 230.0499725341797
551.8753051757812 241.71578979492188
568.8080444335938 252.96612548828125
585.3198852539062 263.9150695800781
601.2421875 274.5177307128906
616.6400756835938 284.7362365722656
631.6027221679688 294.6714172363281
646.2154541015625 304.4033508300781
660.314453125 313.7438049316406
673.9719848632812 322.82275390625
687.2568969726562 331.6519470214844
522.321044921875 246.92205810546875
539.8329467773438 258.26611328125
556.876953125 269.2105712890625
573.4481811523438 279.77044677734375
589.4465942382812 290.0783386230469
604.9105224609375 300.0341491699219
620.0420532226562 309.66229248046875
634.6062622070312 319.12420654296875
648.782958984375 328.2420959472656
662.576904296875 337.025390625
675.9546508789062 345.5794677734375
510.3747253417969 263.59832763671875
528.0549926757812 274.5921630859375
545.1392822265625 285.2244567871094
561.6882934570312 295.49615478515625
577.7821044921875 305.461181640625
593.3895263671875 315.1542663574219
608.5354614257812 324.5127258300781
623.28173828125 333.6197814941406
637.5157470703125 342.481689453125
651.3854370117188 351.0747985839844
664.7796630859375 359.3755187988281
498.6067199707031 280.06072998046875
516.37744140625 290.6520080566406
533.5612182617188 300.9768981933594
550.2222290039062 310.9500732421875
566.3634643554688 320.620361328125
582.0032348632812 330.0037841796875
597.2412719726562 339.1722412109375
612.0549926757812 347.9501037597656
626.3960571289062 356.5691833496094
640.3211669921875 364.85614013671875
653.8043823242188 372.9273681640625
487.1129455566406 296.2841796875
504.8639221191406 306.5592956542969
522.204345703125 316.5502014160156
538.8121948242188 326.25616455078125
555.0454711914062 335.5968017578125
570.7421875 344.6959533691406
586.0935668945312 353.55657958984375
600.8984985351562 362.1920471191406
615.3787231445312 370.4930725097656
629.369384765625 378.550537109375
642.9224853515625 386.38775634765625
475.7138977050781 312.2625427246094
493.57379150390625 322.27325439453125
510.9042663574219 331.854736328125
527.6512451171875 341.319580078125
543.9346923828125 350.4339599609375
559.6889038085938 359.2596740722656
575.1094360351562 367.7685241699219
589.9742431640625 376.14105224609375
604.4791870117188 384.2384338378906
618.535400390625 392.0289306640625
632.26806640625 399.5940856933594
464.5693054199219 327.9886779785156
482.5118408203125 337.6402893066406
499.8011474609375 347.0755920410156
516.654052734375 356.1883544921875
533.0158081054688 365.0174255371094
548.7847900390625 373.5333251953125
564.29296875 381.819580078125
579.2374877929688 389.8697814941406
593.735595703125 397.6663818359375
607.8438110351562 405.30950927734375
621.6039428710938 412.61541748046875