1 720 1333
320.6630554199219 73.00901794433594
350.52276611328125 78.32386779785156
379.84014892578125 83.55139923095703
408.6927490234375 88.74807739257812
437.08349609375 93.921875
464.8735656738281 99.09546661376953
492.2677917480469 104.15264129638672
519.077880859375 109.16194152832031
545.3750610351562 114.03710174560547
571.18994140625 118.89559173583984
596.4071044921875 123.68050384521484
315.70526123046875 96.76921081542969
345.9749450683594 101.8515625
375.7111511230469 107.0239028930664
404.9212646484375 112.05924224853516
433.66143798828125 117.05113220214844
461.865478515625 121.99786376953125
489.5439758300781 126.92444610595703
516.6636962890625 131.69671630859375
543.3631591796875 136.4710693359375
569.4064331054688 141.19041442871094
594.8927001953125 145.74803161621094
310.6617736816406 121.21055603027344
341.3680114746094 126.08562469482422
371.5061340332031 131.0079345703125
401.1835021972656 135.88656616210938
430.2828369140625 140.6941680908203
458.76953125 145.5026092529297
486.7744140625 150.24395751953125
514.35205078125 154.8227996826172
541.276611328125 159.37135314941406
567.581787109375 163.8716583251953
593.4498291015625 168.34146118164062
305.55718994140625 146.1616668701172
336.6260986328125 150.88255310058594
367.24822998046875 155.64749145507812
397.26190185546875 160.36422729492188
426.71942138671875 164.9427032470703
455.64483642578125 169.54248046875
484.07373046875 174.09130859375
511.8137512207031 178.4816436767578
539.1798095703125 182.78973388671875
565.7284545898438 187.14158630371094
591.910400390625 191.36276245117188
300.3533020019531 171.7375946044922
331.8570251464844 176.35122680664062
362.84100341796875 180.79722595214844
393.3169250488281 185.36959838867188
423.2376403808594 189.734375
452.4861755371094 194.20199584960938
481.29632568359375 198.47811889648438
509.41925048828125 202.66226196289062
536.9519653320312 206.7479248046875
563.898193359375 210.89170837402344
590.4135131835938 214.8526611328125
295.0537109375 198.03070068359375
326.9830322265625 202.40042114257812
358.4510803222656 206.7034912109375
389.31707763671875 210.957275390625
419.5706787109375 215.26808166503906
449.2869567871094 219.4063262939453
478.4029846191406 223.48294067382812
506.8016052246094 227.42152404785156
534.7197265625 231.35479736328125
562.0381469726562 235.2599334716797
588.753173828125 239.02740478515625
289.6473388671875 224.8893585205078
322.11944580078125 229.1019744873047
353.8836669921875 233.24551391601562
385.2623291015625 237.29627990722656
415.89617919921875 241.3059844970703
445.9820556640625 245.24032592773438
475.4375915527344 249.0753631591797
504.34375 252.80221557617188
532.5022583007812 256.4795227050781
560.1738891601562 260.1473083496094
587.2374877929688 263.6451721191406
284.25360107421875 252.54052734375
317.1098937988281 256.4777526855469
349.4154052734375 260.3482360839844
381.1123962402344 264.2022705078125
412.2640380859375 267.909423828125
442.6405944824219 271.5608215332031
472.4774169921875 275.26715087890625
501.6427307128906 278.7148132324219
530.2604370117188 282.275634765625
558.2009887695312 285.595458984375
585.5355224609375 288.9253845214844