1 720 1333
613.3616943359375 98.91056060791016
634.1231079101562 96.45431518554688
653.9432983398438 94.11688995361328
672.8886108398438 91.87142944335938
691.1646118164062 89.7471923828125
708.4688110351562 87.78631591796875
725.2430419921875 85.82424926757812
741.2466430664062 84.05351257324219
756.5862426757812 82.30758666992188
771.3552856445312 80.601806640625
785.4925537109375 79.05207824707031
615.8082275390625 126.3958740234375
636.2941284179688 123.33790588378906
655.662353515625 120.47052001953125
674.3821411132812 117.6790542602539
692.2968139648438 115.11719512939453
709.369384765625 112.54814910888672
725.689697265625 110.23114776611328
741.5101928710938 107.8607406616211
756.6434936523438 105.67512512207031
771.2713012695312 103.6003646850586
785.2642211914062 101.58016204833984
618.3952026367188 152.841796875
638.40869140625 149.3280792236328
657.4686889648438 145.9069366455078
675.7323608398438 142.6172332763672
693.3590698242188 139.5727996826172
710.2031860351562 136.5776824951172
726.3757934570312 133.75918579101562
741.8153686523438 131.07638549804688
756.7379150390625 128.47140502929688
771.189453125 125.95073699951172
784.877685546875 123.56281280517578
620.7484741210938 178.50045776367188
640.3948974609375 174.43704223632812
659.2404174804688 170.55807495117188
677.1982421875 166.82354736328125
694.4632568359375 163.33306884765625
710.934814453125 159.93247985839844
726.8194580078125 156.6654052734375
742.2662963867188 153.54429626464844
756.9004516601562 150.58961486816406
771.094482421875 147.698486328125
784.6045532226562 144.9588623046875
623.2086181640625 203.28799438476562
642.4025268554688 198.68319702148438
660.753173828125 194.4134521484375
678.5033569335938 190.31344604492188
695.4895629882812 186.34877014160156
711.731201171875 182.54310607910156
727.4411010742188 178.8833770751953
742.5216064453125 175.4302978515625
757.1022338867188 172.12110900878906
770.9368286132812 168.79721069335938
784.409423828125 165.7402801513672
625.4781494140625 227.25482177734375
644.3834228515625 222.29986572265625
662.4606323242188 217.54156494140625
679.740966796875 213.021484375
696.5311889648438 208.63111877441406
712.5059814453125 204.5031280517578
727.9989624023438 200.48776245117188
742.7427978515625 196.65234375
757.2313232421875 192.95069885253906
770.8396606445312 189.4625244140625
784.1818237304688 185.97549438476562
627.5792846679688 250.46473693847656
646.2918701171875 245.06088256835938
663.9567260742188 239.90167236328125
681.1566162109375 235.0599365234375
697.51171875 230.32691955566406
713.3612670898438 225.7778778076172
728.4572143554688 221.49685668945312
743.2442016601562 217.31787109375
757.265380859375 213.33477783203125
770.7222290039062 209.4263458251953
783.7125244140625 205.69451904296875
629.746826171875 272.9023132324219
648.1005249023438 267.21343994140625
665.5159301757812 261.6745300292969
682.4042358398438 256.4170837402344
698.528564453125 251.40525817871094
714.0537719726562 246.5135040283203
728.9813232421875 241.82101440429688
743.4202270507812 237.3890380859375
757.3447265625 233.0202178955078
770.504150390625 228.89039611816406
783.5147094726562 224.8218994140625