1 720 1333
532.7130126953125 218.71510314941406
551.3276977539062 227.60635375976562
569.5344848632812 236.32936096191406
587.4631958007812 244.7939910888672
605.0735473632812 253.2346954345703
622.3477783203125 261.3729248046875
639.3600463867188 269.4226989746094
656.0145263671875 277.3314208984375
672.4464721679688 285.14312744140625
688.5252685546875 292.66131591796875
704.309326171875 300.219482421875
526.3739013671875 232.1796417236328
544.6026611328125 240.68472290039062
562.4976196289062 249.1460723876953
580.0997314453125 257.3670959472656
597.3761596679688 265.4476013183594
614.3695678710938 273.386474609375
631.0707397460938 281.21185302734375
647.5232543945312 288.81719970703125
663.6171875 296.4180908203125
679.5185546875 303.74639892578125
695.0780639648438 311.0694885253906
520.3082885742188 244.97909545898438
538.18505859375 253.30316162109375
555.7066040039062 261.4044494628906
572.9876098632812 269.39117431640625
589.970947265625 277.26092529296875
606.6688232421875 284.8780212402344
623.16357421875 292.485107421875
639.3547973632812 299.91497802734375
655.2407836914062 307.3011169433594
670.7860717773438 314.4257507324219
686.1976928710938 321.4990539550781
514.435546875 257.34063720703125
531.9786376953125 265.3560791015625
549.2646484375 273.2599182128906
566.2343139648438 280.9410095214844
582.9133911132812 288.54595947265625
599.3651733398438 296.0706787109375
615.4893188476562 303.3797607421875
631.4466552734375 310.60540771484375
647.0888671875 317.6881408691406
662.4951171875 324.67205810546875
677.6033935546875 331.53369140625
508.8173828125 269.1915283203125
526.1365356445312 276.87646484375
543.0828857421875 284.5498352050781
559.686279296875 292.05633544921875
576.1685791015625 299.453857421875
592.3038330078125 306.6752624511719
608.2196655273438 313.82171630859375
623.8615112304688 320.8127746582031
639.3086547851562 327.7707214355469
654.4317626953125 334.5287170410156
669.3587646484375 341.2547302246094
503.4898376464844 280.48468017578125
520.4257202148438 288.0570373535156
537.0877685546875 295.4588623046875
553.4771118164062 302.7286071777344
569.5962524414062 309.8974609375
585.513427734375 316.9789733886719
601.1969604492188 323.9048767089844
616.5913696289062 330.7279968261719
631.7208251953125 337.46588134765625
646.6666870117188 344.0597229003906
661.4073486328125 350.50286865234375
498.38275146484375 291.4299621582031
514.9660034179688 298.6971740722656
531.3760986328125 305.93878173828125
547.4686279296875 313.0321044921875
563.3724975585938 320.01611328125
578.9544677734375 326.8138427734375
594.4189453125 333.5769958496094
609.54248046875 340.2550964355469
624.5321044921875 346.7486877441406
639.2637939453125 353.1903381347656
653.744873046875 359.4441833496094
493.4559020996094 301.8822937011719
509.7104187011719 309.07958984375
525.8118286132812 316.0572204589844
541.6663208007812 322.91119384765625
557.3236694335938 329.67486572265625
572.6693115234375 336.3753967285156
587.8431396484375 342.8604736328125
602.7848510742188 349.3764953613281
617.5775146484375 355.65301513671875
632.1201171875 361.8962097167969
646.3916625976562 368.06622314453125