1 720 1333
392.2919921875 51.58797836303711
409.5116271972656 53.30753707885742
426.9737243652344 54.98583221435547
444.71649169921875 56.69963455200195
462.7626037597656 58.5657958984375
481.0691223144531 60.517791748046875
499.60272216796875 62.40497589111328
518.4507446289062 64.37422180175781
537.5200805664062 66.35546875
556.9232177734375 68.43248748779297
576.5960693359375 70.49717712402344
385.17864990234375 67.68009185791016
402.4375915527344 69.51494598388672
420.0018005371094 71.42425537109375
437.8275146484375 73.3358383178711
456.0194396972656 75.29911804199219
474.411865234375 77.2888412475586
493.0957946777344 79.34160614013672
512.0440063476562 81.3967514038086
531.2571411132812 83.47830963134766
550.7451171875 85.66925811767578
570.561767578125 87.96749114990234
377.8064270019531 84.19635009765625
395.27215576171875 86.0912094116211
412.88250732421875 88.12396240234375
430.8402404785156 90.1423110961914
449.10699462890625 92.2657241821289
467.59161376953125 94.35151672363281
486.4429016113281 96.528564453125
505.4878234863281 98.72613525390625
524.778564453125 101.00092315673828
544.4649658203125 103.39115905761719
564.4048461914062 105.7140884399414
370.44775390625 100.80164337158203
387.9061584472656 102.86731719970703
405.6485290527344 105.08787536621094
423.6943054199219 107.30154418945312
442.11444091796875 109.48542022705078
460.6893005371094 111.71061706542969
479.6044921875 114.12095642089844
498.7897033691406 116.46461486816406
518.3290405273438 118.80513000488281
538.0858764648438 121.3801040649414
558.1714477539062 123.89472198486328
362.8880920410156 117.83316802978516
380.4920959472656 120.07376861572266
398.366455078125 122.3807601928711
416.5234680175781 124.64842987060547
434.9674072265625 127.1030044555664
453.68951416015625 129.4859619140625
472.71209716796875 131.894775390625
492.0328674316406 134.49673461914062
511.62982177734375 137.02566528320312
531.576416015625 139.65269470214844
551.737548828125 142.3901824951172
355.2957763671875 135.22738647460938
372.9246826171875 137.5426788330078
390.8971252441406 139.96389770507812
409.2047424316406 142.44427490234375
427.70391845703125 144.9559783935547
446.58038330078125 147.53443908691406
465.70452880859375 150.2436981201172
485.2084045410156 152.80841064453125
504.892333984375 155.54466247558594
524.9177856445312 158.39781188964844
545.31494140625 161.24546813964844
347.51336669921875 152.78610229492188
365.3107604980469 155.3393096923828
383.3753967285156 157.8767852783203
401.7442626953125 160.52809143066406
420.4260559082031 163.27484130859375
439.3982238769531 165.959228515625
458.63995361328125 168.728515625
478.25946044921875 171.60665893554688
498.0764465332031 174.48239135742188
518.2537231445312 177.4740447998047
538.6936645507812 180.44041442871094
339.63946533203125 170.70120239257812
357.4645690917969 173.44557189941406
375.670166015625 176.15011596679688
394.1828308105469 178.9237823486328
412.9699401855469 181.76719665527344
432.02752685546875 184.6707763671875
451.4476623535156 187.6706085205078
471.1625061035156 190.6959228515625
491.180908203125 193.7432098388672
511.45880126953125 196.88348388671875
532.0620727539062 200.11326599121094