1 720 1333
608.5382080078125 194.723388671875
618.216064453125 214.24508666992188
627.2778930664062 232.669921875
635.8849487304688 250.3499298095703
644.1779174804688 267.13079833984375
652.0233154296875 283.14556884765625
659.51513671875 298.4164123535156
666.6602783203125 313.07952880859375
673.5655517578125 327.07330322265625
680.1643676757812 340.3988037109375
686.398193359375 353.2403259277344
587.8306884765625 207.32119750976562
597.996826171875 226.53103637695312
607.5979614257812 244.7627410888672
616.75732421875 262.2050476074219
625.5119018554688 278.7065734863281
633.8156127929688 294.52471923828125
641.7567749023438 309.609375
649.4171142578125 324.0851135253906
656.650634765625 337.8520812988281
663.60791015625 351.093017578125
670.2973022460938 363.64117431640625
566.9700927734375 219.96902465820312
577.6752319335938 238.9156494140625
587.847412109375 256.9672546386719
597.5567626953125 274.132080078125
606.745849609375 290.4912109375
615.5685424804688 306.08062744140625
623.9576416015625 320.92205810546875
632.062255859375 335.205322265625
639.6665649414062 348.7638244628906
647.0399169921875 361.7389831542969
654.09814453125 374.25579833984375
546.00732421875 232.758056640625
557.3251953125 251.49472045898438
568.0419921875 269.3228454589844
578.2733764648438 286.22314453125
587.9387817382812 302.3349304199219
597.2200317382812 317.6367492675781
606.0853881835938 332.3723449707031
614.5313720703125 346.3930969238281
622.6309814453125 359.7598571777344
630.3841552734375 372.56634521484375
637.7232666015625 384.78118896484375
524.8494262695312 245.70188903808594
536.75 264.2171936035156
548.06396484375 281.65936279296875
558.7569580078125 298.4205627441406
569.0079956054688 314.2859191894531
578.707763671875 329.4126892089844
588.0572509765625 343.80133056640625
596.9420776367188 357.63433837890625
605.4769897460938 370.8092956542969
613.6067504882812 383.42071533203125
621.4086303710938 395.4691467285156
503.6366271972656 258.7264099121094
516.1679077148438 276.94635009765625
527.9756469726562 294.25732421875
539.2657470703125 310.6322326660156
549.9605102539062 326.3114318847656
560.22021484375 341.198486328125
569.9356689453125 355.403076171875
579.3217163085938 368.9752502441406
588.2528686523438 381.9298400878906
596.7201538085938 394.3566589355469
604.916015625 406.1787109375
482.3296203613281 271.8276062011719
495.4189758300781 289.79412841796875
507.757080078125 306.7944641113281
519.6023559570312 322.9926452636719
530.817626953125 338.4044494628906
541.5455932617188 353.0386657714844
551.7410278320312 366.99847412109375
561.5621948242188 380.36859130859375
570.89208984375 393.11920166015625
579.8156127929688 405.2751159667969
588.4088745117188 416.8414306640625
460.81561279296875 285.1915588378906
474.52838134765625 302.7755432128906
487.5404052734375 319.545166015625
499.8737487792969 335.4441223144531
511.62457275390625 350.54376220703125
522.8023681640625 364.9233703613281
533.540771484375 378.637451171875
543.696533203125 391.7019348144531
553.509765625 404.26800537109375
562.804931640625 416.1956481933594
571.7498168945312 427.5657043457031