1 720 1333
377.467529296875 264.54962158203125
402.3244323730469 276.4378967285156
426.8095703125 288.128662109375
451.2250061035156 299.6450500488281
475.2464904785156 311.0892333984375
498.9194030761719 322.30218505859375
522.3941040039062 333.40869140625
545.5538940429688 344.3783874511719
568.4382934570312 355.2262268066406
591.1865234375 365.798095703125
613.5064697265625 376.35479736328125
375.3991394042969 282.0470275878906
399.4759216308594 293.4180603027344
423.4130554199219 304.6991271972656
447.0341491699219 315.86279296875
470.4295959472656 326.83074951171875
493.47039794921875 337.6950988769531
516.334716796875 348.44744873046875
538.8323974609375 359.0396728515625
561.1924438476562 369.5370788574219
583.32421875 379.80499267578125
605.1409912109375 390.010498046875
373.3604431152344 298.5020446777344
396.7724914550781 309.52850341796875
420.0844421386719 320.43634033203125
443.0660095214844 331.23370361328125
465.81610107421875 341.8021240234375
488.3121643066406 352.3690185546875
510.54974365234375 362.6906433105469
532.5311279296875 372.9374694824219
554.2908325195312 383.1844482421875
575.7702026367188 393.107177734375
597.1588745117188 402.9749755859375
371.45208740234375 314.16815185546875
394.3199768066406 324.78680419921875
416.8923034667969 335.3695373535156
439.3820495605469 345.7410583496094
461.4862060546875 356.0756530761719
483.4119873046875 366.2602233886719
505.0899658203125 376.29998779296875
526.5194702148438 386.2543029785156
547.6859741210938 396.0716552734375
568.7493896484375 405.696044921875
589.5267944335938 415.28936767578125
369.6398620605469 328.9295959472656
391.8535461425781 339.29669189453125
413.9468078613281 349.463134765625
435.77020263671875 359.53369140625
457.4305419921875 369.52392578125
478.7062072753906 379.3785095214844
499.89044189453125 389.1368103027344
520.8287353515625 398.7099914550781
541.535888671875 408.32305908203125
562.1193237304688 417.63140869140625
582.4139404296875 426.87286376953125
368.0011291503906 342.9678649902344
389.63458251953125 352.9901428222656
411.20111083984375 362.8265380859375
432.46051025390625 372.6437683105469
453.5108947753906 382.34722900390625
474.4084777832031 391.8268737792969
495.0076904296875 401.3390808105469
515.4912109375 410.63543701171875
535.6689453125 419.8548889160156
555.7073364257812 428.9801330566406
575.5545654296875 437.9425354003906
366.4005126953125 356.36358642578125
387.5006103515625 366.0498962402344
408.5265197753906 375.59228515625
429.2738952636719 385.15887451171875
449.8260803222656 394.4681396484375
470.26995849609375 403.7057800292969
490.427978515625 412.90777587890625
510.3670349121094 421.9774475097656
530.183349609375 430.9280090332031
549.6857299804688 439.7162170410156
569.1264038085938 448.4551086425781
364.81072998046875 369.05462646484375
385.5008239746094 378.48822021484375
405.979736328125 387.7447814941406
426.28436279296875 396.9877014160156
446.36328125 406.05712890625
466.2799377441406 415.0628967285156
485.9327392578125 423.9179992675781
505.499267578125 432.70367431640625
524.8118286132812 441.3892822265625
543.9945068359375 449.912353515625
562.8912353515625 458.4010009765625