1 720 1333
513.6410522460938 100.81415557861328
530.4909057617188 111.68209838867188
547.2904663085938 122.55155944824219
564.10107421875 133.43637084960938
580.8125610351562 144.2999267578125
597.6190185546875 155.17657470703125
614.4171142578125 165.9453125
631.2191772460938 176.849365234375
647.9122314453125 187.6298828125
664.6693115234375 198.54342651367188
681.3779907226562 209.3771209716797
503.1300354003906 117.87133026123047
519.8247680664062 128.6736297607422
536.6373291015625 139.5363311767578
553.4312744140625 150.37265014648438
570.2384033203125 161.25840759277344
586.9337768554688 172.01161193847656
603.7164306640625 182.8399658203125
620.47607421875 193.63870239257812
637.2500610351562 204.51939392089844
653.8955688476562 215.32244873046875
670.6237182617188 226.109619140625
492.5135192871094 134.8156280517578
509.3217468261719 145.65904235839844
526.055908203125 156.4818878173828
542.794677734375 167.314208984375
559.5470581054688 178.12429809570312
576.3556518554688 188.9230499267578
593.0720825195312 199.6559600830078
609.7528686523438 210.5006103515625
626.4995727539062 221.29603576660156
643.2490844726562 232.0731658935547
659.8885498046875 242.8119354248047
481.9460754394531 151.82244873046875
498.6652526855469 162.60137939453125
515.4669189453125 173.4229278564453
532.2266845703125 184.23463439941406
548.9336547851562 194.99461364746094
565.6463623046875 205.7068634033203
582.4033813476562 216.537841796875
599.1361694335938 227.31863403320312
615.76416015625 238.06712341308594
632.5060424804688 248.78057861328125
649.2415771484375 259.556884765625
471.4544677734375 168.7196807861328
488.2236022949219 179.52281188964844
504.848876953125 190.30740356445312
521.6395263671875 201.07763671875
538.38720703125 211.81362915039062
555.0738525390625 222.5867156982422
571.7390747070312 233.35336303710938
588.45654296875 244.10140991210938
605.194580078125 254.78834533691406
621.7767944335938 265.51806640625
638.5239868164062 276.3378601074219
460.98883056640625 185.64520263671875
477.6654357910156 196.41075134277344
494.41278076171875 207.19009399414062
511.12646484375 217.89700317382812
527.7799072265625 228.63792419433594
544.4955444335938 239.4022979736328
561.1974487304688 250.18215942382812
577.8284301757812 260.7993469238281
594.4917602539062 271.53643798828125
611.1959228515625 282.3280029296875
627.8071899414062 292.9710998535156
450.5586242675781 202.5108184814453
467.2480773925781 213.30126953125
483.8908386230469 223.98129272460938
500.59918212890625 234.6625213623047
517.3242797851562 245.47650146484375
533.924072265625 256.2032470703125
550.614990234375 266.8440856933594
567.29150390625 277.5761413574219
583.8856811523438 288.2993469238281
600.5382080078125 298.9347229003906
617.24365234375 309.6744079589844
440.17779541015625 219.37142944335938
456.7994384765625 230.08856201171875
473.4842224121094 240.74269104003906
490.1972351074219 251.5165252685547
506.76092529296875 262.23248291015625
523.4800415039062 272.8687438964844
540.13916015625 283.588134765625
556.6943969726562 294.2980041503906
573.3823852539062 304.9676513671875
589.9899291992188 315.6159362792969
606.6064453125 326.3501892089844