1 720 1333
412.3013000488281 27.364980697631836
424.1246337890625 29.63140296936035
436.07366943359375 32.05415725708008
448.4228820800781 34.51131057739258
461.0325622558594 37.128780364990234
473.9869384765625 39.692893981933594
487.2062683105469 42.44615936279297
500.7606201171875 45.217681884765625
514.5906372070312 48.06013870239258
528.937744140625 50.99543380737305
543.5406494140625 53.99694061279297
409.08197021484375 45.11447525024414
420.6610107421875 47.573917388916016
432.6265563964844 50.216651916503906
444.7466125488281 52.861717224121094
457.3758239746094 55.606685638427734
470.1311340332031 58.490089416503906
483.29278564453125 61.40053176879883
496.59417724609375 64.37555694580078
510.4113464355469 67.4515609741211
524.4932861328125 70.55912780761719
539.0664672851562 73.82374572753906
405.8395690917969 62.60976791381836
417.38092041015625 65.3858642578125
429.1930847167969 68.17315673828125
441.3439636230469 71.0494155883789
453.626220703125 73.95223999023438
466.3794860839844 77.00592041015625
479.3455505371094 80.15516662597656
492.5921936035156 83.27806854248047
506.2165222167969 86.59264373779297
520.2554321289062 89.91370391845703
534.4912109375 93.42945861816406
402.63372802734375 80.11283874511719
414.18890380859375 82.85417175292969
425.79388427734375 85.92147064208984
437.76556396484375 88.98686218261719
450.0448303222656 92.13761138916016
462.59466552734375 95.3724365234375
475.4714050292969 98.6163330078125
488.5736999511719 102.05550384521484
502.0635681152344 105.47373962402344
515.9013061523438 109.1365737915039
530.1277465820312 112.73810577392578
399.5999755859375 97.27142333984375
410.82464599609375 100.3624267578125
422.52325439453125 103.47564697265625
434.3442687988281 106.70028686523438
446.53814697265625 110.07723999023438
458.8660583496094 113.46012115478516
471.7034606933594 116.92445373535156
484.6411437988281 120.49964904785156
498.0284118652344 124.24742889404297
511.699462890625 127.97762298583984
525.787841796875 131.8331756591797
396.4705810546875 114.34261322021484
407.76116943359375 117.52556610107422
419.2204895019531 120.8349380493164
431.0212707519531 124.31179809570312
442.99993896484375 127.73574829101562
455.3957214355469 131.42181396484375
467.8695983886719 135.09336853027344
480.85565185546875 138.7947235107422
494.03765869140625 142.65933227539062
507.61199951171875 146.64993286132812
521.5115356445312 150.73037719726562
393.47320556640625 131.16900634765625
404.5606689453125 134.55860900878906
416.0264587402344 138.05723571777344
427.6144714355469 141.6138458251953
439.57867431640625 145.36521911621094
451.7291259765625 149.1288604736328
464.31976318359375 152.9530487060547
477.09222412109375 156.86563110351562
490.2147216796875 160.9667510986328
503.5503234863281 165.16354370117188
517.3619995117188 169.40554809570312
390.4717712402344 147.75502014160156
401.5194396972656 151.358642578125
412.73486328125 155.01498413085938
424.401611328125 158.78012084960938
436.2090148925781 162.65020751953125
448.38037109375 166.6139373779297
460.69464111328125 170.6488800048828
473.423828125 174.7739715576172
486.3773193359375 179.04360961914062
499.6528625488281 183.3720703125
513.313232421875 187.7854766845703