1 720 1333
491.3019714355469 175.8985137939453
507.13299560546875 180.1903839111328
523.2665405273438 184.51063537597656
539.529052734375 188.8758544921875
555.9862060546875 193.33261108398438
572.6507568359375 197.71090698242188
589.5095825195312 202.2704315185547
606.5482788085938 206.76126098632812
623.705810546875 211.41812133789062
641.2769165039062 216.0430450439453
658.7499389648438 220.7176971435547
494.62384033203125 190.25900268554688
510.275390625 194.51217651367188
525.9662475585938 198.82565307617188
541.85595703125 203.2517852783203
558.0313110351562 207.6304168701172
574.3055419921875 212.1028289794922
590.6822509765625 216.5554656982422
607.4166870117188 221.14869689941406
624.2546997070312 225.68702697753906
641.2742919921875 230.35499572753906
658.431396484375 235.0266571044922
497.94580078125 204.06204223632812
513.2046508789062 208.3221893310547
528.5771484375 212.59967041015625
544.1953735351562 216.95938110351562
559.8823852539062 221.39927673339844
575.7874755859375 225.768798828125
591.860595703125 230.29063415527344
608.2361450195312 234.74197387695312
624.5504760742188 239.408203125
641.2948608398438 243.9503936767578
658.0810546875 248.638671875
501.1003112792969 217.2113494873047
516.009521484375 221.4783477783203
531.1605224609375 225.71682739257812
546.3346557617188 230.11705017089844
561.720458984375 234.5141143798828
577.3215942382812 238.90359497070312
593.003173828125 243.36083984375
608.8870849609375 247.85220336914062
624.9594116210938 252.49166870117188
641.3355102539062 257.04339599609375
657.6376953125 261.66827392578125
504.2133483886719 229.80831909179688
518.683349609375 234.09136962890625
533.4869384765625 238.3733367919922
548.4169921875 242.64785766601562
563.4742431640625 247.09820556640625
578.6425170898438 251.48036193847656
594.1407470703125 255.8778076171875
609.5927734375 260.4085388183594
625.439453125 264.9642028808594
641.3450927734375 269.51806640625
657.391357421875 274.19805908203125
507.1156005859375 241.93739318847656
521.3384399414062 246.2459259033203
535.7603149414062 250.48367309570312
550.4210205078125 254.73826599121094
565.1439208984375 259.134521484375
580.0823974609375 263.49993896484375
595.1860961914062 267.9209289550781
610.375732421875 272.4136047363281
625.6854248046875 276.871337890625
641.3796997070312 281.48358154296875
657.0601806640625 286.1091003417969
509.7936706542969 253.6009979248047
523.7988891601562 257.80218505859375
537.9898681640625 262.096923828125
552.3034057617188 266.373046875
566.7289428710938 270.6905212402344
581.36328125 275.03662109375
596.210693359375 279.46246337890625
611.1002807617188 283.88250732421875
626.19677734375 288.39422607421875
641.42724609375 292.84564208984375
656.7156982421875 297.43951416015625
512.5206298828125 264.7624206542969
526.2442626953125 269.02801513671875
540.0880737304688 273.2646789550781
554.1398315429688 277.5318298339844
568.3560180664062 281.76300048828125
582.6010131835938 286.18408203125
597.1487426757812 290.49139404296875
611.6795043945312 294.858642578125
626.5046997070312 299.3919677734375
641.4788208007812 303.8064270019531
656.5134887695312 308.3663330078125