1 720 1333
529.7945556640625 408.3512878417969
556.515869140625 396.18408203125
581.264404296875 384.798095703125
604.1858520507812 374.39129638671875
625.4808959960938 364.5680847167969
645.2813110351562 355.59515380859375
663.6784057617188 347.16009521484375
680.9961547851562 339.273193359375
697.2482299804688 331.8204040527344
712.3599243164062 324.94207763671875
726.5060424804688 318.4450988769531
534.1367797851562 440.67633056640625
560.2650146484375 427.48272705078125
584.342041015625 415.2760925292969
606.65380859375 403.8251647949219
627.5370483398438 393.3038635253906
646.9202880859375 383.3759765625
665.126708984375 374.19793701171875
682.174072265625 365.5121765136719
698.0587158203125 357.4465637207031
712.894775390625 349.7633056640625
726.8825073242188 342.6759948730469
538.4013061523438 471.72015380859375
563.751220703125 457.6178894042969
587.3453979492188 444.4935607910156
609.280029296875 432.33746337890625
629.59228515625 420.92327880859375
648.6232299804688 410.3240661621094
666.511474609375 400.3313293457031
683.2554321289062 391.02386474609375
698.882568359375 382.2656555175781
713.5125732421875 374.0277404785156
727.4260864257812 366.25103759765625
542.5281372070312 501.55743408203125
567.3497924804688 486.5777893066406
590.3181762695312 472.67462158203125
611.648193359375 459.7227478027344
631.6314697265625 447.6556701660156
650.3817749023438 436.3494873046875
667.76416015625 425.69708251953125
684.3153076171875 415.7064208984375
699.645751953125 406.3847351074219
714.227294921875 397.4950256347656
727.7139892578125 389.23211669921875
546.51611328125 530.2451171875
570.6478881835938 514.4765014648438
593.1890258789062 499.7988586425781
614.158447265625 486.21270751953125
633.62060546875 473.4466552734375
651.9232177734375 461.5074462890625
669.2335815429688 450.267333984375
685.3567504882812 439.6624755859375
700.4871826171875 429.7294616699219
714.6382446289062 420.37603759765625
728.205322265625 411.47967529296875
550.3660278320312 557.7124633789062
573.982177734375 541.336669921875
595.8959350585938 525.97802734375
616.45751953125 511.68695068359375
635.582275390625 498.3685607910156
653.5517578125 485.76702880859375
670.4451293945312 474.01611328125
686.3360595703125 462.8495178222656
701.2885131835938 452.4676208496094
715.2920532226562 442.5348205566406
728.4693603515625 433.2274475097656
554.1319580078125 584.23583984375
577.223876953125 567.1459350585938
598.6099243164062 551.2247924804688
618.6588745117188 536.3567504882812
637.4837036132812 522.3956298828125
655.1019287109375 509.3293762207031
671.5802001953125 497.0001220703125
687.27099609375 485.4143981933594
701.8388061523438 474.4596252441406
715.6561889648438 464.08782958984375
728.6793823242188 454.27459716796875
557.6746215820312 609.6793212890625
580.340576171875 592.06591796875
601.3250732421875 575.5569458007812
620.8856201171875 560.1654052734375
639.3572387695312 545.6151123046875
656.5533447265625 532.0651245117188
672.72021484375 519.2899169921875
688.1498413085938 507.1477966308594
702.4775390625 495.75146484375
716.1314697265625 484.8971862792969
728.86572265625 474.690673828125