1 720 1333
575.8778076171875 222.13645935058594
595.3889770507812 220.82785034179688
615.2015380859375 219.66505432128906
635.2400512695312 218.5208282470703
655.51953125 217.37826538085938
676.1212768554688 216.20252990722656
696.8627319335938 214.8701171875
717.9586181640625 213.66159057617188
739.34716796875 212.52664184570312
760.8397216796875 211.35733032226562
782.6475219726562 210.1185760498047
580.353271484375 240.41297912597656
599.49951171875 239.40225219726562
618.8670654296875 238.37921142578125
638.5592651367188 237.33871459960938
658.5272827148438 236.2779541015625
678.6636962890625 235.2542724609375
699.157470703125 234.12716674804688
719.7670288085938 233.11329650878906
740.66650390625 232.07948303222656
761.79345703125 230.9384307861328
783.31005859375 229.90719604492188
584.5296630859375 258.0907287597656
603.4019165039062 257.2126159667969
622.4742431640625 256.25567626953125
641.8029174804688 255.3831787109375
661.41650390625 254.44415283203125
681.2560424804688 253.48406982421875
701.3472900390625 252.57383728027344
721.5584106445312 251.65463256835938
742.145751953125 250.7541046142578
762.8200073242188 249.8767852783203
783.74609375 248.96524047851562
588.643310546875 275.126220703125
607.2208251953125 274.34686279296875
625.906494140625 273.51617431640625
644.9102172851562 272.6781921386719
664.1787109375 271.9436340332031
683.5985717773438 271.29022216796875
703.3645629882812 270.43927001953125
723.3190307617188 269.6228332519531
743.4405517578125 268.8863220214844
763.698486328125 268.18719482421875
784.401611328125 267.4004211425781
592.604248046875 291.5078430175781
610.7799072265625 290.809326171875
629.2673950195312 290.25830078125
647.8966064453125 289.5472717285156
666.8236694335938 288.866455078125
685.9528198242188 288.3479309082031
705.3786010742188 287.6021728515625
724.87158203125 286.9533386230469
744.6474609375 286.4005432128906
764.6336059570312 285.6260986328125
784.822021484375 284.99603271484375
596.4456176757812 307.40545654296875
614.3544921875 306.7954406738281
632.484619140625 306.41070556640625
650.8187255859375 305.7583312988281
669.4418334960938 305.3623352050781
688.2648315429688 304.6532897949219
707.2857055664062 304.2685852050781
726.4771728515625 303.6136779785156
745.8495483398438 303.2122497558594
765.5490112304688 302.5426025390625
785.3631591796875 302.0158996582031
600.139892578125 322.65374755859375
617.7232055664062 322.394775390625
635.5633544921875 321.86859130859375
653.6063232421875 321.511962890625
671.8945922851562 321.0968933105469
690.4008178710938 320.5741271972656
709.128662109375 320.2481384277344
728.0028076171875 319.6673889160156
747.0965576171875 319.38641357421875
766.3867797851562 318.7847595214844
785.7285766601562 318.4239196777344
603.70458984375 337.56658935546875
621.05322265625 337.3432312011719
638.5780639648438 336.9573059082031
656.3671264648438 336.5809020996094
674.3410034179688 336.36334228515625
692.5010986328125 335.9452209472656
710.7896118164062 335.5825500488281
729.4606323242188 335.32568359375
748.2410888671875 334.8595886230469
767.1770629882812 334.4965515136719
786.292236328125 334.193359375