1 720 1333
727.2626342773438 94.50531768798828
735.4950561523438 115.7538070678711
743.3853759765625 136.1227264404297
750.8187866210938 155.4873504638672
757.9862670898438 173.9897003173828
764.7288208007812 191.72854614257812
771.3558959960938 208.6060028076172
777.5148315429688 224.9422149658203
783.5142211914062 240.44984436035156
789.1895141601562 255.4822235107422
794.5455322265625 269.72088623046875
711.6287231445312 108.48866271972656
720.4149169921875 129.65443420410156
728.67626953125 149.81027221679688
736.6342163085938 169.1337432861328
744.2398681640625 187.53468322753906
751.4234008789062 205.04885864257812
758.290283203125 221.97482299804688
764.8443603515625 238.01693725585938
771.2129516601562 253.5393829345703
777.1876831054688 268.30816650390625
782.8875122070312 282.46697998046875
695.7105712890625 122.7855224609375
705.0060424804688 143.86387634277344
713.7456665039062 163.88381958007812
722.187744140625 183.05856323242188
730.2050170898438 201.28485107421875
737.6997680664062 218.7731170654297
745.0343627929688 235.43389892578125
751.966064453125 251.47830200195312
758.6371459960938 266.71826171875
764.9494018554688 281.403076171875
771.0013427734375 295.5164794921875
679.5216064453125 137.479736328125
689.3310546875 158.36936950683594
698.546630859375 178.3241424560547
707.4230346679688 197.25064086914062
715.7606811523438 215.448974609375
723.8222045898438 232.64906311035156
731.49853515625 249.29713439941406
738.8208618164062 265.06988525390625
745.8408813476562 280.3100280761719
752.5042724609375 294.77691650390625
758.8876342773438 308.660888671875
662.9334106445312 152.43902587890625
673.265869140625 173.22341918945312
683.002197265625 192.90846252441406
692.3281860351562 211.75160217285156
701.2593383789062 229.6932830810547
709.5964965820312 246.89865112304688
717.7169799804688 263.31732177734375
725.4743041992188 279.0036315917969
732.8169555664062 294.0818176269531
739.8353271484375 308.3792724609375
746.5367431640625 322.27191162109375
645.9489135742188 167.76393127441406
656.8057861328125 188.40988159179688
667.1289672851562 207.95889282226562
676.9102172851562 226.57838439941406
686.292724609375 244.439208984375
695.2063598632812 261.417236328125
703.6319580078125 277.65972900390625
711.7682495117188 293.2750549316406
719.5388793945312 308.05535888671875
726.8628540039062 322.3866271972656
733.9247436523438 335.9310607910156
628.636962890625 183.46876525878906
640.1030883789062 203.84124755859375
650.889404296875 223.31761169433594
661.2435302734375 241.77638244628906
671.0367431640625 259.41259765625
680.367431640625 276.2618713378906
689.318603515625 292.37615966796875
697.760498046875 307.6903076171875
705.9197387695312 322.4631042480469
713.6477661132812 336.46923828125
721.150146484375 349.97119140625
610.939697265625 199.53240966796875
622.9519653320312 219.74310302734375
634.3756103515625 239.00210571289062
645.2161865234375 257.3258972167969
655.464111328125 274.7596435546875
665.2871704101562 291.4280700683594
674.591796875 307.31640625
683.5239868164062 322.5234069824219
692.1029052734375 336.99810791015625
700.1986083984375 350.8932189941406
707.9120483398438 364.2135009765625