1 720 1333
676.2977294921875 230.46351623535156
694.8362426757812 228.62295532226562
712.992919921875 226.82766723632812
730.6262817382812 225.247802734375
747.8477783203125 223.55613708496094
764.5929565429688 221.90045166015625
780.89501953125 220.41033935546875
796.8089599609375 218.8118438720703
812.4273071289062 217.41867065429688
827.4846801757812 215.9872283935547
842.287841796875 214.5784912109375
679.0514526367188 251.40255737304688
697.5635986328125 249.29483032226562
715.57275390625 247.29270935058594
733.2493286132812 245.30335998535156
750.3033447265625 243.39703369140625
766.93994140625 241.55201721191406
783.2410278320312 239.7262725830078
799.0715942382812 238.09449768066406
814.5054931640625 236.3980255126953
829.5037231445312 234.6919708251953
844.22509765625 233.14654541015625
681.793701171875 272.14990234375
700.3023071289062 269.7018127441406
718.2503051757812 267.4879150390625
735.6615600585938 265.3221130371094
752.7147827148438 263.1788635253906
769.3418579101562 261.088623046875
785.4718017578125 259.07440185546875
801.2892456054688 257.1227722167969
816.603515625 255.19631958007812
831.524658203125 253.35614013671875
846.1771850585938 251.48745727539062
684.5844116210938 292.7426452636719
702.9287109375 290.1949462890625
720.765380859375 287.60943603515625
738.240966796875 285.21588134765625
755.1519165039062 282.7523193359375
771.5975952148438 280.4737548828125
787.6912231445312 278.2593078613281
803.415771484375 276.044921875
818.6401977539062 273.85565185546875
833.5433959960938 271.7724914550781
848.102294921875 269.73828125
687.3910522460938 313.2772216796875
705.5970458984375 310.4219970703125
723.3779907226562 307.59759521484375
740.6498413085938 304.931884765625
757.5352172851562 302.3064270019531
773.9107666015625 299.7093811035156
789.9352416992188 297.29205322265625
805.5243530273438 294.8072509765625
820.70751953125 292.4808654785156
835.542236328125 290.209716796875
849.9776000976562 287.8727111816406
690.1403198242188 333.6217956542969
708.2699584960938 330.53643798828125
725.8943481445312 327.5097961425781
743.1454467773438 324.5457763671875
759.845703125 321.68011474609375
776.2652587890625 318.89990234375
792.1654663085938 316.215576171875
807.610595703125 313.5174560546875
822.7574462890625 310.9219055175781
837.5025024414062 308.4361572265625
851.8710327148438 305.9515075683594
692.7617797851562 353.8531799316406
710.8269653320312 350.50494384765625
728.4293212890625 347.26513671875
745.5315551757812 344.08819580078125
762.2455444335938 340.93170166015625
778.4789428710938 337.90399169921875
794.30126953125 334.97430419921875
809.6956176757812 332.1184387207031
824.706787109375 329.30291748046875
839.4365234375 326.5625305175781
853.642333984375 323.8814697265625
695.4969482421875 373.9441833496094
713.4413452148438 370.36981201171875
730.9078979492188 366.802734375
747.9097290039062 363.4163513183594
764.5428466796875 360.0944519042969
780.630859375 356.7737731933594
796.4356079101562 353.6213073730469
811.6881103515625 350.53924560546875
826.7042846679688 347.53155517578125
841.3043212890625 344.57720947265625
855.490478515625 341.6894226074219