1 720 1333
528.2301635742188 237.51820373535156
544.8247680664062 235.63656616210938
561.850830078125 233.78530883789062
579.324951171875 231.87933349609375
597.1079711914062 229.96163940429688
615.3429565429688 228.01829528808594
633.8903198242188 225.99630737304688
652.94384765625 223.98265075683594
672.4126586914062 221.91098022460938
692.3338623046875 219.78419494628906
712.5973510742188 217.70542907714844
532.0279541015625 256.48956298828125
548.5305786132812 254.8546142578125
565.475341796875 253.3082275390625
582.6880493164062 251.5557403564453
600.4357299804688 249.79393005371094
618.4878540039062 248.126953125
636.999267578125 246.3798065185547
655.7982177734375 244.5332794189453
675.1904907226562 242.69937133789062
694.8412475585938 240.87408447265625
715.0908203125 239.0833740234375
535.7139282226562 275.2298278808594
552.212158203125 273.7106018066406
568.92431640625 272.3702087402344
586.1436767578125 270.8248291015625
603.6326904296875 269.4082336425781
621.6254272460938 267.82513427734375
639.9053955078125 266.3701171875
658.6966552734375 264.72119140625
677.7960205078125 263.2785949707031
697.4622192382812 261.5816650390625
717.4309692382812 260.0044250488281
539.4168090820312 293.5351257324219
555.675048828125 292.3656311035156
572.4281616210938 291.16607666015625
589.40771484375 289.8019104003906
606.8587036132812 288.5856018066406
624.633544921875 287.3620300292969
642.85205078125 285.9638671875
661.4918212890625 284.6185302734375
680.5022583007812 283.38739013671875
699.8746948242188 281.9293518066406
719.75390625 280.55859375
543.004638671875 311.5643005371094
559.2439575195312 310.5880126953125
575.75146484375 309.5553894042969
592.689208984375 308.5491943359375
609.9803466796875 307.4840087890625
627.6729736328125 306.46539306640625
645.7134399414062 305.3603820800781
664.2465209960938 304.26043701171875
683.1113891601562 303.1579895019531
702.4024047851562 301.8639831542969
722.0686645507812 300.7070617675781
546.5487670898438 329.4084167480469
562.6293334960938 328.55767822265625
579.1232299804688 327.7054748535156
595.87890625 326.8365173339844
613.1192626953125 326.1128845214844
630.640380859375 325.2333068847656
648.5671997070312 324.3587341308594
666.8682861328125 323.43951416015625
685.6005859375 322.5137023925781
704.7050170898438 321.5573425292969
724.323486328125 320.58734130859375
550.078857421875 346.77423095703125
565.9953002929688 346.29901123046875
582.3798828125 345.5581359863281
599.05078125 344.9681396484375
616.2030029296875 344.34771728515625
633.5861206054688 343.6038513183594
651.4149780273438 342.9080505371094
669.5631713867188 342.3283386230469
688.207275390625 341.5506591796875
707.1676025390625 340.741943359375
726.5072021484375 340.1424865722656
553.5 363.9969787597656
569.34912109375 363.5834655761719
585.5745849609375 363.2278747558594
602.1939086914062 362.64044189453125
619.1713256835938 362.3382263183594
636.4703979492188 361.67498779296875
654.1181640625 361.3192138671875
672.276123046875 360.6896057128906
690.6083984375 360.3168029785156
709.4899291992188 359.64990234375
728.6278076171875 359.246826171875