1 720 1333
567.2736206054688 447.1212463378906
573.9486083984375 435.0563659667969
580.94775390625 422.5289306640625
588.198974609375 409.6571044921875
595.538330078125 396.3916931152344
603.296142578125 382.6681823730469
611.2374877929688 368.5645446777344
619.410400390625 353.9176940917969
627.8052978515625 338.8648681640625
636.6060180664062 323.3106384277344
645.6881713867188 307.3116455078125
578.6298828125 459.6127014160156
585.5787353515625 447.5746765136719
592.78125 435.24017333984375
600.2828369140625 422.4022216796875
607.94970703125 409.2380676269531
615.8698120117188 395.5272521972656
624.1642456054688 381.4859619140625
632.5928955078125 366.91571044921875
641.3983764648438 351.8738098144531
650.4964599609375 336.4010009765625
659.8505249023438 320.3417053222656
590.2698974609375 472.3576354980469
597.4771118164062 460.4671325683594
604.8788452148438 448.0936279296875
612.6109008789062 435.4030456542969
620.5557861328125 422.22808837890625
628.8060302734375 408.6892395019531
637.3684692382812 394.6546936035156
646.1239624023438 380.21685791015625
655.2532348632812 365.2594909667969
664.6028442382812 349.70111083984375
674.4361572265625 333.7403259277344
602.0834350585938 485.3733825683594
609.521240234375 473.48529052734375
617.3012084960938 461.3064270019531
625.2847290039062 448.6072692871094
633.5087280273438 435.59002685546875
642.0191040039062 422.0778503417969
650.763671875 408.2032165527344
659.9251098632812 393.6881103515625
669.3679809570312 378.8130187988281
679.172607421875 363.44378662109375
689.265380859375 347.4637145996094
614.1396484375 498.5388488769531
621.8053588867188 486.7518005371094
629.7835083007812 474.6200866699219
638.1428833007812 462.1466064453125
646.60498046875 449.1680603027344
655.4872436523438 435.77178955078125
664.5851440429688 421.8852233886719
674.0714111328125 407.60601806640625
683.7567138671875 392.72100830078125
693.9218139648438 377.3946228027344
704.4385986328125 361.5291442871094
626.4073486328125 511.9959411621094
634.4003295898438 500.3753356933594
642.6400756835938 488.3412170410156
651.257568359375 475.8298034667969
660.1087036132812 463.0147399902344
669.2463989257812 449.70513916015625
678.6459350585938 435.9793395996094
688.461181640625 421.6976623535156
698.5533447265625 406.98431396484375
709.102294921875 391.66571044921875
719.9500732421875 375.83001708984375
638.857177734375 525.6456909179688
647.2061767578125 514.1897583007812
655.6760864257812 502.24591064453125
664.5778198242188 489.85723876953125
673.7304077148438 477.1559753417969
683.2979736328125 463.9281005859375
693.0335083007812 450.2992858886719
703.219482421875 436.1461181640625
713.6148681640625 421.4598083496094
724.5489501953125 406.3152770996094
735.7691650390625 390.53662109375
651.6000366210938 539.6262817382812
660.1983032226562 528.235595703125
669.0822143554688 516.4066772460938
678.251953125 504.1890563964844
687.7098388671875 491.50262451171875
697.5260620117188 478.4333190917969
707.6590576171875 464.82928466796875
718.2369995117188 450.774169921875
729.1209716796875 436.2861022949219
740.3895263671875 421.18023681640625
752.0521240234375 405.5148620605469