1 720 1333
712.7628784179688 237.04502868652344
730.7099609375 232.26144409179688
747.9620971679688 227.5889434814453
764.670166015625 223.1528778076172
780.7254028320312 218.79440307617188
796.3368530273438 214.62281799316406
811.3903198242188 210.59861755371094
825.8976440429688 206.69703674316406
840.0454711914062 202.90650939941406
853.5946655273438 199.31777954101562
866.7446899414062 195.7451171875
716.2921142578125 259.76751708984375
733.9386596679688 254.66183471679688
750.972900390625 249.71099853515625
767.4719848632812 244.90187072753906
783.4286499023438 240.30892944335938
798.6589965820312 235.80332946777344
813.5743408203125 231.4956817626953
827.9627075195312 227.3462371826172
841.9451293945312 223.27442932128906
855.4017944335938 219.3481903076172
868.4317016601562 215.5098114013672
719.70556640625 282.2066650390625
737.2157592773438 276.65802001953125
753.9898681640625 271.431640625
770.3120727539062 266.3315124511719
785.9126586914062 261.4149169921875
801.1396484375 256.576416015625
815.71435546875 251.96896362304688
830.0388793945312 247.49203491210938
843.7698974609375 243.1962432861328
857.1690673828125 238.92575073242188
869.9532470703125 234.89559936523438
723.1583251953125 304.1439514160156
740.3489379882812 298.3401794433594
756.8814697265625 292.6872253417969
772.9525146484375 287.31378173828125
788.4865112304688 282.07598876953125
803.4382934570312 277.0065612792969
817.9537963867188 272.14508056640625
832.017822265625 267.380859375
845.6173706054688 262.7337951660156
858.7471923828125 258.3313293457031
871.5178833007812 253.94613647460938
726.40234375 325.6050109863281
743.4385986328125 319.48004150390625
759.740478515625 313.5740966796875
775.6143798828125 307.8451232910156
790.892333984375 302.3769226074219
805.7197875976562 297.0429382324219
820.052490234375 291.84844970703125
833.9784545898438 286.8185119628906
847.4338989257812 281.97564697265625
860.476806640625 277.2794494628906
873.0579833984375 272.677490234375
729.6578979492188 346.6315612792969
746.4423217773438 340.2699279785156
762.6094970703125 334.07257080078125
778.2628173828125 328.0937805175781
793.4189453125 322.28466796875
807.9133911132812 316.6635437011719
822.2196044921875 311.2732849121094
835.7664794921875 306.0028991699219
849.2633056640625 300.8260498046875
862.0278930664062 295.9336242675781
874.5277099609375 291.10601806640625
732.8046875 367.310546875
749.4029541015625 360.534423828125
765.3750610351562 354.1324157714844
780.7274169921875 347.8384094238281
795.644775390625 341.7816162109375
810.17431640625 335.9184265136719
824.1949462890625 330.234375
837.6532592773438 324.71063232421875
850.8059692382812 319.42791748046875
863.5988159179688 314.22021484375
875.8425903320312 309.2411193847656
735.9473876953125 387.4454650878906
752.3047485351562 380.5099182128906
768.0404052734375 373.715087890625
783.3517456054688 367.2705993652344
798.018798828125 360.9596252441406
812.2734375 354.80322265625
826.10595703125 348.8834533691406
839.4636840820312 343.18701171875
852.48388671875 337.5809020996094
865.0307006835938 332.2210693359375
877.2974853515625 326.8885192871094