1 720 1333
579.810546875 271.7455139160156
603.666748046875 267.7368469238281
627.3748168945312 263.7549743652344
650.8917236328125 259.830078125
674.3316650390625 255.97984313964844
697.5111083984375 252.24851989746094
720.5189819335938 248.4340057373047
743.3660888671875 244.71861267089844
765.9029541015625 241.08639526367188
788.3402099609375 237.4462432861328
810.4627685546875 233.83328247070312
584.1731567382812 295.29248046875
607.6680297851562 291.2519226074219
631.1942749023438 287.23199462890625
654.4566650390625 283.3031005859375
677.5860595703125 279.39202880859375
700.5245971679688 275.51263427734375
723.344482421875 271.68267822265625
745.8245239257812 267.9462890625
768.28955078125 264.2699890136719
790.3993530273438 260.5405578613281
812.3382568359375 256.8790283203125
588.3460693359375 318.3547668457031
611.6445922851562 314.3080139160156
634.8053588867188 310.2718505859375
657.8916015625 306.2727355957031
680.7562255859375 302.3132019042969
703.5029907226562 298.40167236328125
726.0711669921875 294.5333557128906
748.4078979492188 290.68011474609375
770.500244140625 286.9454345703125
792.4320678710938 283.23175048828125
814.1201782226562 279.5107727050781
592.502685546875 340.9879150390625
615.5299682617188 336.862548828125
638.4931640625 332.7608642578125
661.3165893554688 328.7703857421875
683.9722900390625 324.7689514160156
706.4286499023438 320.84674072265625
728.7232666015625 316.9259948730469
750.7896118164062 313.0909729003906
772.7290649414062 309.2747497558594
794.3929443359375 305.46673583984375
815.8157958984375 301.6556091308594
596.5432739257812 363.1527404785156
619.4036254882812 358.99468994140625
642.095703125 354.92913818359375
664.631591796875 350.8780822753906
687.0665283203125 346.84783935546875
709.3565063476562 342.8405456542969
731.3790283203125 338.8761291503906
753.298583984375 334.9715576171875
774.8310546875 331.1399841308594
796.3605346679688 327.26397705078125
817.53271484375 323.43524169921875
600.5825805664062 384.8097229003906
623.1571044921875 380.7168273925781
645.6061401367188 376.6139831542969
667.8655395507812 372.54937744140625
690.15234375 368.4702453613281
712.11865234375 364.45758056640625
733.9100952148438 360.4383544921875
755.5161743164062 356.46441650390625
776.9497680664062 352.5357971191406
798.2214965820312 348.6011657714844
819.2400512695312 344.6927185058594
604.5328369140625 406.1179504394531
626.8297119140625 401.95135498046875
649.0931396484375 397.8208923339844
671.1572875976562 393.7018737792969
693.0762329101562 389.6482238769531
714.7835693359375 385.5958557128906
736.3941650390625 381.50341796875
757.7471923828125 377.51593017578125
778.94921875 373.50238037109375
799.97314453125 369.5204162597656
820.6881713867188 365.5875549316406
608.4267578125 426.8814392089844
630.509033203125 422.7322082519531
652.4407958984375 418.59039306640625
674.3201293945312 414.478759765625
695.948486328125 410.3803405761719
717.4793090820312 406.2600402832031
738.7483520507812 402.1955261230469
759.9364624023438 398.0752868652344
780.8773193359375 394.0483093261719
801.6510009765625 389.9908142089844
822.3146362304688 385.9801330566406