1 720 1333
562.5923461914062 435.171875
576.6533203125 437.6007385253906
591.243896484375 440.23333740234375
605.9134521484375 442.79278564453125
621.1578369140625 445.4690856933594
636.4990844726562 448.2208251953125
652.3718872070312 450.92779541015625
668.449462890625 453.745849609375
684.9115600585938 456.6372375488281
701.7202758789062 459.5304870605469
719.0230712890625 462.5533752441406
562.349365234375 450.902587890625
576.4616088867188 453.60614013671875
590.7152099609375 456.35675048828125
605.5242919921875 459.1573791503906
620.5331420898438 461.9208679199219
635.91650390625 464.7952880859375
651.5617065429688 467.7094421386719
667.6289672851562 470.6929626464844
683.9741821289062 473.7562255859375
700.7277221679688 476.8305358886719
717.821044921875 479.978271484375
562.1845703125 466.6494445800781
576.1416015625 469.4606018066406
590.4464721679688 472.3567810058594
605.0823974609375 475.277587890625
620.0545654296875 478.2539367675781
635.342529296875 481.291015625
650.8652954101562 484.3505554199219
666.7440185546875 487.4745788574219
683.1986083984375 490.65728759765625
699.7213745117188 493.90618896484375
716.7683715820312 497.2462463378906
561.7490234375 482.2242736816406
575.7354736328125 485.2000427246094
590.0355834960938 488.1728210449219
604.5681762695312 491.2726135253906
619.4733276367188 494.375732421875
634.622802734375 497.5403137207031
650.2468872070312 500.7594299316406
666.0696411132812 504.09869384765625
682.2848510742188 507.4384765625
698.7584838867188 510.82147216796875
715.6575927734375 514.342529296875
561.572265625 497.58392333984375
575.49609375 500.66912841796875
589.627685546875 503.8254699707031
604.2113037109375 507.0718688964844
618.9216918945312 510.3614501953125
634.1189575195312 513.637939453125
649.4981689453125 517.0335083007812
665.3069458007812 520.4884643554688
681.3955688476562 524.0120239257812
697.7646484375 527.533447265625
714.6057739257812 531.2097778320312
561.3993530273438 512.8296508789062
575.2158203125 516.1319580078125
589.3214111328125 519.3779907226562
603.6697998046875 522.7039794921875
618.4376831054688 526.1505126953125
633.460693359375 529.5897216796875
648.7251586914062 533.1620483398438
664.5065307617188 536.7164306640625
680.50341796875 540.4295043945312
696.8052368164062 544.1312866210938
713.5675048828125 547.8633422851562
561.1296997070312 527.9808349609375
574.73974609375 531.3556518554688
588.8309936523438 534.7031860351562
603.2984008789062 538.2661743164062
617.868896484375 541.7741088867188
632.7825317382812 545.3925170898438
648.1802368164062 549.07861328125
663.6843872070312 552.7671508789062
679.6339721679688 556.595703125
695.840576171875 560.4569702148438
712.5394897460938 564.409423828125
560.733154296875 542.95654296875
574.5027465820312 546.469970703125
588.4776611328125 549.9995727539062
602.7364501953125 553.602294921875
617.4041137695312 557.3204956054688
632.329345703125 560.9932861328125
647.494384765625 564.758056640625
663.0184326171875 568.642578125
678.7518920898438 572.58935546875
695.05908203125 576.6103515625
711.53466796875 580.6611328125