1 720 1333
696.7113647460938 403.72509765625
714.58056640625 399.92822265625
731.9323120117188 396.2225036621094
748.7529296875 392.57403564453125
765.260009765625 389.0751037597656
781.0988159179688 385.6029357910156
796.5133666992188 382.322509765625
811.5538940429688 379.072998046875
826.2891845703125 375.82940673828125
840.4185180664062 372.79779052734375
854.257568359375 369.77728271484375
697.4860229492188 423.43414306640625
715.2695922851562 419.36968994140625
732.3943481445312 415.39654541015625
749.1320190429688 411.5322265625
765.3137817382812 407.7257080078125
781.1505126953125 404.1597900390625
796.43017578125 400.5492858886719
811.3785400390625 397.1297912597656
825.7772216796875 393.7530517578125
839.9512329101562 390.4186706542969
853.6643676757812 387.2735595703125
698.2476196289062 442.68988037109375
715.6754150390625 438.45892333984375
732.7110595703125 434.2655029296875
749.3595581054688 430.204345703125
765.495361328125 426.21014404296875
781.1535034179688 422.3518371582031
796.36328125 418.5483093261719
811.1311645507812 414.8659973144531
825.5888061523438 411.31756591796875
839.5338745117188 407.7862548828125
853.2685546875 404.40771484375
698.8099975585938 461.7015380859375
716.3634643554688 457.2165832519531
733.2052612304688 452.7576904296875
749.5836181640625 448.4917297363281
765.5481567382812 444.3423767089844
781.1746826171875 440.27105712890625
796.2786254882812 436.2763977050781
810.9306640625 432.4097900390625
825.2691040039062 428.6091613769531
839.2232666015625 424.89080810546875
852.675048828125 421.3866271972656
699.5969848632812 480.3441162109375
716.7385864257812 475.6048278808594
733.5498657226562 470.9801025390625
749.7542724609375 466.52288818359375
765.6625366210938 462.1413879394531
781.1264038085938 457.8080749511719
796.1491088867188 453.6474914550781
810.6395263671875 449.5939636230469
824.9383544921875 445.6216735839844
838.6820068359375 441.7348937988281
852.3360595703125 437.9232177734375
700.3333740234375 498.6034851074219
717.37255859375 493.6856994628906
733.854248046875 488.9017333984375
750.1527099609375 484.2464904785156
765.7020874023438 479.6456604003906
781.1647338867188 475.2154846191406
795.9067993164062 470.7883605957031
810.4837646484375 466.5663757324219
824.5558471679688 462.4298095703125
838.420654296875 458.3521728515625
851.6697387695312 454.4154357910156
700.9747924804688 516.587158203125
717.8285522460938 511.5141296386719
734.4024047851562 506.4949645996094
750.3831787109375 501.5951843261719
765.834228515625 496.83477783203125
781.1270751953125 492.248779296875
795.7561645507812 487.6546630859375
810.3060302734375 483.2506408691406
824.3294677734375 478.8623962402344
837.7965698242188 474.6571960449219
851.2344970703125 470.5528259277344
701.6390380859375 534.3064575195312
718.464599609375 528.9720458984375
734.6484985351562 523.7750244140625
750.5369873046875 518.7162475585938
766.0106201171875 513.7705078125
781.1227416992188 508.9508056640625
795.6822509765625 504.2524108886719
809.9481201171875 499.60089111328125
823.8131713867188 495.16168212890625
837.4551391601562 490.6872253417969
850.5819702148438 486.4604797363281