1 720 1333
431.7344665527344 177.57823181152344
451.2535095214844 177.61415100097656
471.0827941894531 177.661376953125
491.34765625 177.72816467285156
511.9973449707031 177.84747314453125
533.111328125 177.9851837158203
554.5772094726562 178.1635284423828
576.5259399414062 178.28016662597656
598.8140258789062 178.397705078125
621.7366333007812 178.5147705078125
645.1669311523438 178.66200256347656
435.0823974609375 200.37423706054688
454.3382568359375 200.5803985595703
473.9223937988281 200.84774780273438
493.94696044921875 201.27084350585938
514.4210205078125 201.49024963378906
535.2299194335938 201.76235961914062
556.4384765625 202.21212768554688
578.1064453125 202.50982666015625
600.2156372070312 202.81031799316406
622.6912231445312 203.34754943847656
645.7193603515625 203.61322021484375
438.322509765625 222.53268432617188
457.36065673828125 222.9900360107422
476.67376708984375 223.5008087158203
496.50750732421875 224.031005859375
516.6172485351562 224.5370330810547
537.2667846679688 225.09767150878906
558.2597045898438 225.5857696533203
579.5563354492188 226.22348022460938
601.4207763671875 226.68035888671875
623.6314086914062 227.40911865234375
646.4254150390625 228.00064086914062
441.48272705078125 244.2860107421875
460.2904968261719 244.8265838623047
479.4319152832031 245.55503845214844
498.9434814453125 246.33950805664062
518.8970947265625 247.0194854736328
539.2606201171875 247.6696014404297
559.9332275390625 248.51559448242188
581.039306640625 249.35194396972656
602.5628662109375 250.1279296875
624.5516967773438 250.7838592529297
647.0477905273438 251.68521118164062
444.52899169921875 265.4337463378906
463.1965026855469 266.29290771484375
482.10833740234375 267.204833984375
501.42327880859375 268.02166748046875
521.07470703125 268.87115478515625
541.2227783203125 269.82159423828125
561.5458374023438 270.704833984375
582.490478515625 271.7291259765625
603.6454467773438 272.6947021484375
625.50146484375 273.7320556640625
647.5650634765625 274.73089599609375
447.5650329589844 286.0954895019531
465.9006652832031 287.1407165527344
484.6740417480469 288.2419128417969
503.7250671386719 289.29931640625
523.2885131835938 290.35894775390625
543.0487670898438 291.4413146972656
563.3170166015625 292.5480651855469
583.7924194335938 293.6622619628906
604.8168334960938 294.8560791015625
626.4071044921875 296.152587890625
648.298828125 297.4128723144531
450.50152587890625 306.3155822753906
468.68402099609375 307.47650146484375
487.2354736328125 308.6113586425781
506.13116455078125 309.8643493652344
525.353515625 311.2625732421875
544.887451171875 312.4861145019531
564.8206176757812 313.730224609375
585.3170776367188 315.14703369140625
606.0618286132812 316.4998474121094
627.3074951171875 317.8461608886719
648.7677001953125 319.35650634765625
453.3904724121094 325.8662109375
471.3872375488281 327.34002685546875
489.6708984375 328.6642150878906
508.3951110839844 330.1636047363281
527.3856811523438 331.5400390625
546.6954956054688 332.9674072265625
566.4931640625 334.4671630859375
586.6096801757812 335.9703369140625
607.2242431640625 337.50811767578125
628.19189453125 339.11578369140625
649.4550170898438 340.6481628417969