1 720 1333
541.52978515625 416.2815246582031
559.3968505859375 420.52386474609375
577.5413208007812 424.8138427734375
596.2490844726562 429.29644775390625
615.3867797851562 433.7895812988281
634.7910766601562 438.4205017089844
654.8300170898438 443.1087951660156
675.3372192382812 447.8813171386719
696.23486328125 452.72625732421875
717.5296630859375 457.6759948730469
739.3670654296875 462.71295166015625
540.7542724609375 435.23260498046875
558.4766845703125 439.60089111328125
576.481201171875 444.15631103515625
594.9777221679688 448.7204284667969
613.82373046875 453.4165954589844
633.2598266601562 458.24542236328125
652.933349609375 463.0537109375
673.2266235351562 468.033935546875
693.7549438476562 473.07037353515625
714.9409790039062 478.1919860839844
736.4807739257812 483.36798095703125
540.1964721679688 453.7852783203125
557.53076171875 458.4027404785156
575.4874267578125 463.0647277832031
593.68701171875 467.7738342285156
612.4786376953125 472.66265869140625
631.5502319335938 477.5999450683594
651.194091796875 482.6170349121094
671.1487426757812 487.7261657714844
691.5418701171875 492.9379577636719
712.3789672851562 498.24951171875
733.6782836914062 503.5737609863281
539.4229736328125 472.1351013183594
556.6981201171875 476.8063659667969
574.4371337890625 481.6137390136719
592.5499267578125 486.5533142089844
611.0885009765625 491.55303955078125
629.9627685546875 496.63604736328125
649.351318359375 501.79730224609375
669.12841796875 507.09783935546875
689.2901000976562 512.4861450195312
709.8801879882812 517.8557739257812
730.9185180664062 523.4310913085938
538.6944580078125 490.0616149902344
555.8159790039062 494.8753967285156
573.45947265625 499.8441162109375
591.40869140625 504.9024658203125
609.6593627929688 510.1207580566406
628.3801879882812 515.3212890625
647.5569458007812 520.6110229492188
667.1239013671875 526.08056640625
687.0726318359375 531.55810546875
707.4380493164062 537.1868286132812
728.29296875 542.7957153320312
538.0805053710938 507.67718505859375
555.05859375 512.66162109375
572.4639282226562 517.7579956054688
590.2383422851562 522.9719848632812
608.3692016601562 528.2813720703125
626.8162231445312 533.6301879882812
645.7306518554688 539.1304321289062
665.1630859375 544.6495971679688
684.8125 550.3377685546875
705.0474243164062 556.0592041015625
725.625732421875 561.8543090820312
537.428466796875 525.0615234375
554.2653198242188 530.1898803710938
571.4653930664062 535.4006958007812
589.0545654296875 540.6522827148438
607.0040283203125 546.110595703125
625.3789672851562 551.5739135742188
644.1282958984375 557.2406616210938
663.2913818359375 562.839599609375
682.72265625 568.6559448242188
702.697998046875 574.54833984375
723.1039428710938 580.5309448242188
536.6578369140625 542.0969848632812
553.4291381835938 547.3661499023438
570.4741821289062 552.637451171875
587.8726196289062 558.0892944335938
605.65673828125 563.5891723632812
623.8250122070312 569.2481079101562
642.4501342773438 574.9231567382812
661.4068603515625 580.6964111328125
680.6650390625 586.6318969726562
700.4591674804688 592.6134033203125
720.5904541015625 598.7265625