1 720 1333
512.46728515625 449.48333740234375
524.5714111328125 446.00714111328125
537.1705322265625 442.38629150390625
550.025390625 438.6332702636719
563.3385009765625 434.8053894042969
577.0665283203125 430.8481140136719
591.1980590820312 426.7606506347656
605.7221069335938 422.60723876953125
620.7921142578125 418.2945556640625
636.400390625 413.7396240234375
652.4561767578125 409.12744140625
520.7182006835938 463.7940673828125
532.980712890625 460.56744384765625
545.54931640625 457.2580871582031
558.4631958007812 453.69775390625
571.7733154296875 450.1910095214844
585.5364990234375 446.4764099121094
599.671630859375 442.65020751953125
614.3240356445312 438.7091064453125
629.3724365234375 434.66998291015625
644.9856567382812 430.48077392578125
661.0619506835938 426.1545104980469
528.9686889648438 477.9844970703125
541.2315673828125 474.9282531738281
553.7774047851562 471.7997741699219
566.7453002929688 468.5978088378906
580.226318359375 465.2953796386719
593.8930053710938 461.8212890625
608.1299438476562 458.3199768066406
622.6758422851562 454.6219787597656
637.7581787109375 450.8323669433594
653.3986206054688 446.9219055175781
669.4844360351562 442.8392333984375
537.1207275390625 492.0053405761719
549.412109375 489.20465087890625
562.0208740234375 486.2901306152344
575.0215454101562 483.2954406738281
588.4044189453125 480.2067565917969
602.1953125 476.9391174316406
616.39111328125 473.6661682128906
631.0573120117188 470.3366394042969
646.1390380859375 466.7654113769531
661.6959228515625 463.1685485839844
677.7559814453125 459.397216796875
545.1245727539062 505.7775573730469
557.3936767578125 503.21844482421875
570.0820922851562 500.4969787597656
583.0994873046875 497.68048095703125
596.4985961914062 494.82501220703125
610.3474731445312 491.8707275390625
624.5386352539062 488.8155212402344
639.2235717773438 485.68701171875
654.3308715820312 482.4851989746094
669.8753662109375 479.1007385253906
685.9780883789062 475.5638732910156
553.0078125 519.4491577148438
565.3606567382812 517.0422973632812
578.0554809570312 514.5439453125
591.1181030273438 511.9484558105469
604.5266723632812 509.36724853515625
618.3737182617188 506.59832763671875
632.5734252929688 503.7693176269531
647.2899169921875 500.8477783203125
662.3909301757812 497.8808898925781
677.9653930664062 494.7219543457031
694.0659790039062 491.5230712890625
560.765380859375 532.8594360351562
573.2146606445312 530.6824340820312
585.884033203125 528.4152221679688
598.9371948242188 526.0570678710938
612.45166015625 523.579833984375
626.3067626953125 521.1257934570312
640.5469970703125 518.47900390625
655.2529907226562 515.7744140625
670.3773803710938 513.07080078125
685.9138793945312 510.1911315917969
702.0089721679688 507.20452880859375
568.5086669921875 546.249755859375
580.8734741210938 544.1892700195312
593.6083984375 542.10009765625
606.6983642578125 539.8696899414062
620.2569580078125 537.6264038085938
634.1336669921875 535.3543090820312
648.3816528320312 532.9367065429688
663.0968627929688 530.4823608398438
678.2215576171875 527.93212890625
693.7730712890625 525.3055419921875
709.8173217773438 522.5338745117188