1 720 1333
470.3724060058594 147.7596435546875
485.0517883300781 145.75596618652344
500.3222351074219 143.75460815429688
516.1002807617188 141.67916870117188
532.4732666015625 139.53018188476562
549.4253540039062 137.3522491455078
566.9909057617188 135.02317810058594
585.3197021484375 132.63270568847656
604.2759399414062 130.26217651367188
623.9776000976562 127.67473602294922
644.5239868164062 125.14590454101562
471.8135681152344 169.19671630859375
486.50860595703125 167.52804565429688
501.6263732910156 165.85235595703125
517.43994140625 164.2002410888672
533.590087890625 162.46044921875
550.538818359375 160.59080505371094
568.05908203125 158.72720336914062
586.2485961914062 156.80909729003906
604.9990844726562 154.79559326171875
624.6033325195312 152.80746459960938
645.0761108398438 150.68106079101562
473.4067077636719 190.2630157470703
487.9129943847656 188.96966552734375
503.03424072265625 187.65338134765625
518.6018676757812 186.44325256347656
534.8062744140625 185.0516357421875
551.5999755859375 183.6298828125
569.0335083007812 182.26686096191406
587.0346069335938 180.66966247558594
605.7523193359375 179.22183227539062
625.3468017578125 177.58563232421875
645.561767578125 176.0373992919922
474.7913513183594 211.1367645263672
489.3792724609375 210.25900268554688
504.3723449707031 209.3802490234375
519.8585815429688 208.40354919433594
536.0066528320312 207.44407653808594
552.6376953125 206.43289184570312
569.989990234375 205.43875122070312
587.9004516601562 204.3817596435547
606.5465087890625 203.33160400390625
625.9541625976562 202.2228546142578
646.1551513671875 201.0055389404297
476.3516845703125 231.67201232910156
490.7169189453125 231.26795959472656
505.6119689941406 230.59942626953125
521.15234375 230.1473388671875
537.1929321289062 229.49908447265625
553.6626586914062 228.84303283691406
570.8948364257812 228.31973266601562
588.7403564453125 227.59478759765625
607.3513793945312 226.99081420898438
626.5575561523438 226.37515258789062
646.5953369140625 225.62106323242188
477.7076721191406 252.17868041992188
492.1724853515625 251.9417266845703
506.95068359375 251.70115661621094
522.3768310546875 251.53082275390625
538.3194580078125 251.41090393066406
554.7271728515625 251.19107055664062
571.86474609375 250.85366821289062
589.5833129882812 250.6430206298828
608.1080932617188 250.5029296875
627.2793579101562 250.32177734375
647.2138061523438 250.08152770996094
479.2358093261719 272.39398193359375
493.49664306640625 272.4913635253906
508.3008728027344 272.58868408203125
523.5562133789062 272.7022705078125
539.4559326171875 272.8812255859375
555.7728881835938 273.1544494628906
572.8175048828125 273.3330993652344
590.518310546875 273.4664611816406
608.7691040039062 273.6073913574219
627.8589477539062 273.8067321777344
647.634033203125 274.12225341796875
480.5971374511719 292.3411865234375
494.7406921386719 292.6766357421875
509.51861572265625 293.2903137207031
524.7003173828125 293.6617126464844
540.5289306640625 294.3050537109375
556.7999267578125 294.690673828125
573.7742919921875 295.38128662109375
591.403564453125 295.8960266113281
609.6004638671875 296.5260314941406
628.581787109375 297.2205810546875
648.3267822265625 297.7852478027344