1 720 1333
589.3914794921875 417.6201171875
610.568115234375 416.88800048828125
631.7214965820312 416.1889343261719
652.9299926757812 415.4219665527344
674.19921875 414.5459289550781
695.255615234375 413.7021484375
716.2968139648438 412.9884033203125
737.1978759765625 412.2650451660156
757.9906616210938 411.4000549316406
778.687255859375 410.4966125488281
799.4049682617188 409.624755859375
590.5088500976562 437.4520263671875
611.5440673828125 436.6579895019531
632.5702514648438 435.86029052734375
653.5560302734375 435.16717529296875
674.5112915039062 434.4013366699219
695.4338989257812 433.537109375
716.294677734375 432.62567138671875
737.0172119140625 431.77337646484375
757.6245727539062 431.06103515625
778.2785034179688 430.2290344238281
798.5870971679688 429.343994140625
591.6767578125 456.82177734375
612.5217895507812 456.1671142578125
633.4161376953125 455.3500061035156
654.1988525390625 454.5223693847656
674.8880615234375 453.6464538574219
695.58349609375 452.8444519042969
716.3412475585938 452.0616760253906
736.7294311523438 451.2298889160156
757.3247680664062 450.3832092285156
777.6192626953125 449.47100830078125
797.885498046875 448.50604248046875
592.84765625 475.8872375488281
613.5286865234375 475.2022705078125
634.197021484375 474.40478515625
654.7060546875 473.56304931640625
675.35302734375 472.7156982421875
695.7724609375 471.84637451171875
716.3117065429688 471.06341552734375
736.577880859375 470.25103759765625
756.9132690429688 469.33917236328125
777.177978515625 468.404052734375
797.2518310546875 467.4956970214844
594.0962524414062 494.602783203125
614.49169921875 493.7722473144531
634.8492431640625 493.0865783691406
655.3489379882812 492.3155517578125
675.6724243164062 491.4398498535156
695.9807739257812 490.52764892578125
716.328857421875 489.6238708496094
736.4573974609375 488.7637023925781
756.544921875 487.8335876464844
776.5296020507812 486.9539794921875
796.5238647460938 486.0237121582031
595.2183837890625 513.0232543945312
615.4649658203125 512.29248046875
635.6194458007812 511.4489440917969
655.84765625 510.56365966796875
676.1157836914062 509.6822509765625
696.2521362304688 508.80462646484375
716.3338623046875 507.94970703125
736.3475341796875 507.0979309082031
756.2666015625 506.2507629394531
776.1044311523438 505.2586975097656
795.7373657226562 504.332275390625
596.330810546875 531.0667114257812
616.383056640625 530.2927856445312
636.4467163085938 529.4690551757812
656.4656372070312 528.5650634765625
676.4818115234375 527.6761474609375
696.4089965820312 526.7696533203125
716.3426513671875 525.8843383789062
736.1342163085938 524.97705078125
755.7913208007812 524.125732421875
775.53466796875 523.1198120117188
795.1878662109375 522.2035522460938
597.41748046875 548.7377319335938
617.3466796875 547.9561767578125
637.2223510742188 547.164306640625
657.0210571289062 546.33154296875
676.757080078125 545.4273681640625
696.5491943359375 544.4727783203125
716.3222045898438 543.546630859375
735.8731079101562 542.5620727539062
755.5034790039062 541.595703125
775.0181884765625 540.6151733398438
794.4434204101562 539.6154174804688