1 720 1333
480.58343505859375 294.1366271972656
499.6642761230469 293.5297546386719
519.2669067382812 292.9266357421875
539.379150390625 292.40283203125
560.1260375976562 291.69659423828125
581.405517578125 291.1946716308594
603.3549194335938 290.5222473144531
625.855712890625 289.8052673339844
649.1461181640625 289.3213195800781
673.0753784179688 288.57220458984375
697.6078491210938 287.9359436035156
484.0472717285156 316.4084777832031
502.88653564453125 316.1568603515625
522.4017333984375 315.78564453125
542.3655395507812 315.5538024902344
562.8960571289062 315.357666015625
584.0191040039062 315.0210876464844
605.7622680664062 314.64703369140625
628.220458984375 314.4526062011719
651.2489624023438 314.1933898925781
674.8805541992188 313.7962646484375
699.3374633789062 313.556884765625
487.3476257324219 338.3102722167969
506.1781311035156 338.3504943847656
525.4144897460938 338.3827209472656
545.306884765625 338.39593505859375
565.6171875 338.4468078613281
586.6013793945312 338.4554748535156
608.2550048828125 338.4965515136719
630.416259765625 338.52423095703125
653.283447265625 338.57720947265625
676.7235717773438 338.61639404296875
700.8804321289062 338.65631103515625
490.62359619140625 359.7525939941406
509.2904052734375 360.15057373046875
528.4569702148438 360.4523620605469
548.129150390625 360.6861267089844
568.4011840820312 361.1827087402344
589.2080688476562 361.4940490722656
610.56640625 361.73809814453125
632.5856323242188 362.2792053222656
655.32373046875 362.5749816894531
678.5178833007812 362.9833679199219
702.5115356445312 363.40380859375
493.82257080078125 380.85186767578125
512.4165649414062 381.5289306640625
531.419189453125 382.177978515625
550.9491577148438 382.6924743652344
571.0663452148438 383.44683837890625
591.6827392578125 384.1026611328125
612.9129028320312 384.67950439453125
634.7604370117188 385.4724426269531
657.286376953125 386.1792297363281
680.384765625 386.7689208984375
704.0389404296875 387.5328369140625
497.1197204589844 401.66583251953125
515.462646484375 402.5433044433594
534.3946533203125 403.4837646484375
553.73681640625 404.4190673828125
573.678955078125 405.32171630859375
594.2387084960938 406.33343505859375
615.312744140625 407.22998046875
636.90673828125 408.2707824707031
659.2327270507812 409.2514343261719
682.0872802734375 410.2497863769531
705.546630859375 411.2374572753906
500.272705078125 422.1368408203125
518.4935913085938 423.3063049316406
537.3028564453125 424.40655517578125
556.5218505859375 425.53375244140625
576.3677368164062 426.6969909667969
596.5999755859375 427.8979187011719
617.5650024414062 429.2399597167969
639.0774536132812 430.4809875488281
661.13427734375 431.66131591796875
683.7352294921875 433.0015563964844
707.0977783203125 434.358642578125
503.32342529296875 442.19122314453125
521.4915161132812 443.5128173828125
540.099609375 444.8755798339844
559.3178100585938 446.37408447265625
578.876708984375 447.7250671386719
599.1473999023438 449.2949523925781
619.7957763671875 450.6811218261719
641.2074584960938 452.3287353515625
663.009521484375 453.7381286621094
685.477783203125 455.3170471191406
708.4805908203125 456.8222961425781