1 720 1333
550.0362548828125 435.8746643066406
557.1687622070312 444.62548828125
564.5608520507812 453.7313232421875
572.3195190429688 463.24249267578125
580.3530883789062 473.04473876953125
588.6416625976562 483.2787170410156
597.4049682617188 493.8245849609375
606.4213256835938 504.8683776855469
615.8190307617188 516.3739013671875
625.701171875 528.3995971679688
636.0233154296875 540.890869140625
538.1383056640625 447.64093017578125
545.0914306640625 456.66094970703125
552.2974853515625 466.0267639160156
559.7021484375 475.7200012207031
567.5292358398438 485.80303955078125
575.6627197265625 496.33905029296875
584.14306640625 507.2653503417969
592.88525390625 518.560302734375
602.0863647460938 530.434814453125
611.6478881835938 542.739501953125
621.6671142578125 555.609619140625
526.186767578125 459.50555419921875
532.8229370117188 468.7239685058594
539.8624267578125 478.3774108886719
547.1644897460938 488.3421630859375
554.6891479492188 498.66943359375
562.5591430664062 509.4787902832031
570.7517700195312 520.660400390625
579.3372192382812 532.3663330078125
588.2481689453125 544.5010986328125
597.505859375 557.2113037109375
607.2933349609375 570.4979858398438
514.1537475585938 471.3907775878906
520.6011962890625 480.8565673828125
527.42333984375 490.70001220703125
534.4676513671875 500.9396057128906
541.73388671875 511.60198974609375
549.4099731445312 522.6572875976562
557.3713989257812 534.2283325195312
565.6184692382812 546.2164306640625
574.2671508789062 558.6370239257812
583.3307495117188 571.7167358398438
592.6935424804688 585.407470703125
501.99951171875 483.31695556640625
508.3504943847656 493.05767822265625
514.8591918945312 503.19091796875
521.6756591796875 513.6502685546875
528.75341796875 524.5909423828125
536.2025756835938 535.9252319335938
543.8301391601562 547.76904296875
551.8373413085938 560.130126953125
560.27197265625 572.933837890625
568.9988403320312 586.3860473632812
578.1968994140625 600.395751953125
489.8395080566406 495.3019714355469
495.96807861328125 505.2707214355469
502.3160705566406 515.6065063476562
508.8293762207031 526.4452514648438
515.7031860351562 537.6484985351562
522.851806640625 549.3201293945312
530.3414916992188 561.440185546875
538.0991821289062 574.1266479492188
546.1610107421875 587.3018188476562
554.6126098632812 601.0753784179688
563.4713745117188 615.4901733398438
477.61041259765625 507.2987976074219
483.5093688964844 517.5293579101562
489.611083984375 528.188720703125
496.00396728515625 539.2775268554688
502.6029968261719 550.7371826171875
509.5166931152344 562.7197875976562
516.6708374023438 575.2425537109375
524.2435913085938 588.1923217773438
532.0245971679688 601.6980590820312
540.2440185546875 615.8377685546875
548.7210083007812 630.6156616210938
465.35650634765625 519.3580322265625
470.954345703125 529.8368530273438
476.8621520996094 540.7717895507812
483.0362548828125 552.1747436523438
489.44256591796875 563.9380493164062
496.1475830078125 576.2420043945312
503.071533203125 588.9951782226562
510.3245544433594 602.3460083007812
517.8007202148438 616.2548828125
525.7153930664062 630.7051391601562
534.0264892578125 645.8811645507812