1 720 1333
361.8627014160156 73.34957122802734
375.4271240234375 69.86572265625
389.4325256347656 66.49148559570312
403.938232421875 62.97352981567383
419.1716613769531 59.42150115966797
435.0121154785156 55.54233932495117
451.46124267578125 51.63037109375
468.6903076171875 47.514625549316406
486.6460266113281 43.30295181274414
505.58978271484375 38.84357833862305
525.3516235351562 34.33281707763672
360.62603759765625 95.73515319824219
374.03033447265625 92.89022827148438
388.0099792480469 89.9407958984375
402.4328308105469 86.92327880859375
417.58056640625 83.70632934570312
433.37152099609375 80.51652526855469
449.782958984375 77.0442886352539
466.94561767578125 73.50768280029297
484.8135986328125 69.77946472167969
503.6235046386719 66.04734802246094
523.3732299804688 62.063629150390625
359.4136657714844 118.26461029052734
372.61383056640625 115.83699798583984
386.5625915527344 113.39216613769531
401.00811767578125 110.7132797241211
416.1025695800781 108.13642883300781
431.7099609375 105.3169937133789
448.21014404296875 102.46929168701172
465.30755615234375 99.42340087890625
483.08984375 96.33423614501953
501.7549743652344 93.16911315917969
521.3670043945312 89.7616195678711
358.05474853515625 140.72442626953125
371.3889465332031 138.73170471191406
385.2015686035156 136.6734161376953
399.54913330078125 134.61744689941406
414.5433349609375 132.41961669921875
430.2775573730469 130.160400390625
446.5159606933594 127.75291442871094
463.501953125 125.35403442382812
481.3602600097656 122.72850799560547
499.8779296875 120.22394561767578
519.4482421875 117.45475769042969
356.8048400878906 163.13076782226562
369.9907531738281 161.5587158203125
383.7456970214844 160.0388946533203
398.14471435546875 158.38153076171875
413.1507873535156 156.62144470214844
428.6043395996094 154.85769653320312
444.909423828125 153.04969787597656
461.8196105957031 151.20184326171875
479.5342102050781 149.2004852294922
498.18157958984375 147.1975555419922
517.4873046875 145.0983428955078
355.4970397949219 185.5134735107422
368.7301330566406 184.3778533935547
382.4385986328125 183.2926025390625
396.7030334472656 182.07711791992188
411.5931091308594 180.75775146484375
427.2311706542969 179.570556640625
443.36614990234375 178.3434600830078
460.31011962890625 176.7947540283203
477.74676513671875 175.52381896972656
496.3763122558594 174.06199645996094
515.599609375 172.53623962402344
354.4042053222656 207.67837524414062
367.4377136230469 207.12054443359375
381.2303161621094 206.3851318359375
395.399658203125 205.61697387695312
410.3055114746094 204.89161682128906
425.619140625 204.2280731201172
441.78814697265625 203.39251708984375
458.59002685546875 202.5496826171875
476.27484130859375 201.61962890625
494.5597229003906 200.74290466308594
513.7891235351562 199.8555450439453
353.1575622558594 229.92787170410156
366.27227783203125 229.64498901367188
379.7453918457031 229.45211791992188
394.0540466308594 229.239501953125
408.7955627441406 228.87918090820312
424.32379150390625 228.59852600097656
440.3681640625 228.4409942626953
457.14788818359375 228.12918090820312
474.5957336425781 227.74612426757812
492.9239501953125 227.50038146972656
512.0711669921875 227.2930450439453