1 720 1333
631.68359375 499.5704040527344
643.447265625 502.8694152832031
655.36376953125 506.3794860839844
667.5681762695312 509.7839050292969
679.9859008789062 513.402587890625
692.6651611328125 517.061767578125
705.622314453125 520.7545776367188
718.8994750976562 524.5498046875
732.4244995117188 528.4657592773438
746.2366943359375 532.4929809570312
760.342529296875 536.55810546875
624.3773193359375 506.5376281738281
636.15087890625 510.0508117675781
648.2671508789062 513.5641479492188
660.5387573242188 517.275390625
673.2161865234375 520.9366455078125
686.063232421875 524.6998901367188
699.175537109375 528.58740234375
712.5709838867188 532.5441284179688
726.3158569335938 536.5753784179688
740.316162109375 540.7432250976562
754.5614013671875 545.0159912109375
616.7131958007812 513.7062377929688
628.6190185546875 517.3847045898438
640.8034057617188 521.1210327148438
653.35986328125 524.8081665039062
666.080322265625 528.6746826171875
679.116455078125 532.6431274414062
692.4037475585938 536.680908203125
706.0206298828125 540.788818359375
719.8961181640625 544.9970092773438
734.1038818359375 549.4154052734375
748.647705078125 553.765380859375
608.7442016601562 521.2426147460938
620.8359985351562 524.9518432617188
633.2449951171875 528.7901611328125
645.7805786132812 532.7127075195312
658.712646484375 536.758056640625
671.8363647460938 540.8704223632812
685.4077758789062 545.141357421875
699.1925048828125 549.4169311523438
713.3129272460938 553.7418212890625
727.660888671875 558.3441162109375
742.4589233398438 563.009033203125
600.5850219726562 528.868896484375
612.7645263671875 532.7918090820312
625.2743530273438 536.8043823242188
638.0538940429688 540.9236450195312
651.0433959960938 545.1858520507812
664.454345703125 549.4178466796875
678.0831298828125 553.7667236328125
692.093994140625 558.3245849609375
706.3919067382812 562.8402099609375
721.0162353515625 567.5986328125
735.9945678710938 572.4816284179688
592.0811157226562 536.8731079101562
604.418701171875 540.9682006835938
616.9588012695312 545.2103271484375
629.8924560546875 549.4287109375
643.1951293945312 553.7717895507812
656.5990600585938 558.3226928710938
670.5377197265625 562.8046875
684.627197265625 567.55419921875
699.2130126953125 572.3876342773438
714.0629272460938 577.3397827148438
729.2889404296875 582.4386596679688
583.2789916992188 545.2138061523438
595.6863403320312 549.444580078125
608.4855346679688 553.720703125
621.514892578125 558.2966918945312
634.866943359375 562.7964477539062
648.5794067382812 567.5241088867188
662.569091796875 572.341796875
676.9930419921875 577.2313232421875
691.67333984375 582.2853393554688
706.7551879882812 587.4505004882812
722.3269653320312 592.7291259765625
574.0783081054688 553.7051391601562
586.6392211914062 558.1943969726562
599.5857543945312 562.6968994140625
612.7630004882812 567.4107666015625
626.338134765625 572.2342529296875
640.1924438476562 577.13818359375
654.4326171875 582.1705322265625
668.90771484375 587.3436889648438
683.9059448242188 592.5584106445312
699.2648315429688 598.0737915039062
714.889404296875 603.593017578125