1 720 1333
647.16455078125 457.64715576171875
664.4227294921875 457.5513000488281
681.4589233398438 457.4278564453125
698.31005859375 457.24249267578125
714.82666015625 457.037353515625
731.2521362304688 456.7960205078125
747.3473510742188 456.58172607421875
763.3001708984375 456.4468688964844
778.9154052734375 456.2320556640625
794.4444580078125 455.9569091796875
809.6046142578125 455.676025390625
648.8927612304688 474.10699462890625
666.4539794921875 473.7140808105469
683.708740234375 473.51629638671875
700.7271728515625 473.2625732421875
717.5948486328125 472.8939514160156
734.1497192382812 472.5801086425781
750.4859008789062 472.37359619140625
766.5792236328125 471.941650390625
782.519775390625 471.619384765625
798.1541137695312 471.36480712890625
813.5773315429688 470.9967346191406
650.7297973632812 490.83721923828125
668.5440063476562 490.4791259765625
686.07958984375 490.1486511230469
703.3798217773438 489.6123352050781
720.4002075195312 489.3031921386719
737.19873046875 488.7949523925781
753.6864624023438 488.4171447753906
770.0720825195312 487.9312744140625
786.1693115234375 487.5091857910156
802.00634765625 487.1119689941406
817.5938720703125 486.61346435546875
652.6805419921875 508.2752685546875
670.679443359375 507.61895751953125
688.4877319335938 507.2090759277344
705.9722290039062 506.5937805175781
723.2984008789062 506.1517028808594
740.3096313476562 505.5328674316406
757.04736328125 504.9743957519531
773.577880859375 504.4090576171875
789.8768920898438 503.7744140625
805.9284057617188 503.3658142089844
821.714111328125 502.7111511230469
654.6461181640625 526.0922241210938
672.9636840820312 525.4418334960938
691.0011596679688 524.6904907226562
708.7171020507812 524.1432495117188
726.2662963867188 523.4325561523438
743.4963989257812 522.67919921875
760.5007934570312 522.0567016601562
777.29345703125 521.3981323242188
793.7400512695312 520.6239624023438
810.0113525390625 520.0292358398438
826.0704345703125 519.385986328125
656.6964721679688 544.4899291992188
675.3109741210938 543.6248168945312
693.5657348632812 542.82177734375
711.5543823242188 542.087890625
729.3328857421875 541.3057861328125
746.7488403320312 540.4666137695312
764.027587890625 539.6217651367188
781.003173828125 538.7861328125
797.7020263671875 537.9627075195312
814.25439453125 537.2437133789062
830.4285278320312 536.43017578125
658.8016357421875 563.4729614257812
677.6633911132812 562.5101928710938
696.2387084960938 561.5271606445312
714.4772338867188 560.5802001953125
732.4764404296875 559.6224365234375
750.2227172851562 558.667724609375
767.6174926757812 557.71142578125
784.8438110351562 556.756591796875
801.7676391601562 555.808349609375
818.495849609375 554.8748168945312
834.9414672851562 554.03271484375
661.084716796875 583.0756225585938
680.2114868164062 581.8988647460938
698.9577026367188 580.820068359375
717.51123046875 579.6647338867188
735.7368774414062 578.630615234375
753.68115234375 577.5502319335938
771.4202880859375 576.4625854492188
788.8075561523438 575.3933715820312
806.0265502929688 574.3431396484375
822.8868408203125 573.2888793945312
839.5410766601562 572.2080688476562