1 720 1333
553.7904052734375 255.3648681640625
561.4082641601562 241.71937561035156
569.287841796875 227.62698364257812
577.38818359375 213.08242797851562
585.7406005859375 198.01243591308594
594.4878540039062 182.42698669433594
603.5146484375 166.3336639404297
612.8450317382812 149.53396606445312
622.5719604492188 132.28005981445312
632.6672973632812 114.25778198242188
643.2142333984375 95.57112121582031
568.4520263671875 266.2746276855469
576.2994384765625 252.79354858398438
584.379638671875 238.92527770996094
592.6717529296875 224.55372619628906
601.4086303710938 209.67845153808594
610.3949584960938 194.4014892578125
619.6454467773438 178.44061279296875
629.3458251953125 162.00511169433594
639.3405151367188 144.8780059814453
649.6822509765625 127.21910095214844
660.5165405273438 108.76507568359375
583.028076171875 277.1212463378906
591.1024169921875 263.8543701171875
599.4006958007812 250.2147979736328
608.0719604492188 236.04762268066406
616.91943359375 221.4311065673828
626.2353515625 206.3127899169922
635.7677612304688 190.6078338623047
645.67041015625 174.40283203125
656.0239868164062 157.5803680419922
666.6511840820312 140.12200927734375
677.7725219726562 121.99079132080078
597.5728759765625 287.97027587890625
605.84716796875 274.8927307128906
614.4662475585938 261.48040771484375
623.339599609375 247.50547790527344
632.5133056640625 233.16552734375
642.0262451171875 218.25750732421875
651.8289794921875 202.74964904785156
662.1209716796875 186.7959442138672
672.6280517578125 170.27023315429688
683.6411743164062 153.08604431152344
695.0926513671875 135.24658203125
612.1931762695312 298.8258056640625
620.6469116210938 285.9831237792969
629.4797973632812 272.6927185058594
638.5899047851562 259.01141357421875
648.0818481445312 244.74298095703125
657.7593994140625 230.1768798828125
667.9435424804688 214.90525817871094
678.4154052734375 199.2194366455078
689.3239135742188 182.8833465576172
700.5708618164062 165.93858337402344
712.32666015625 148.4197540283203
626.671630859375 309.6888732910156
635.45166015625 297.0520935058594
644.48828125 283.964599609375
653.8160400390625 270.45111083984375
663.5474243164062 256.4737243652344
673.5943603515625 241.99667358398438
683.9322509765625 227.0751190185547
694.70068359375 211.55934143066406
705.8753662109375 195.49688720703125
717.4805908203125 178.8408203125
729.486328125 161.55601501464844
641.2076416015625 320.57623291015625
650.1806640625 308.16119384765625
659.4595947265625 295.2667236328125
669.122802734375 281.8918762207031
679.0606079101562 268.150390625
689.3462524414062 253.89682006835938
699.95947265625 239.20094299316406
711.0728149414062 223.88906860351562
722.4518432617188 208.1356201171875
734.3599243164062 191.6854248046875
746.6187744140625 174.69065856933594
655.6363525390625 331.4587707519531
664.813232421875 319.1962585449219
674.4140014648438 306.4784851074219
684.29150390625 293.36138916015625
694.4963989257812 279.7870788574219
705.0394287109375 265.7333679199219
715.8951416015625 251.29608154296875
727.282470703125 236.24337768554688
738.9963989257812 220.64215087890625
751.1402587890625 204.54029846191406
763.689697265625 187.72763061523438