1 720 1333
670.1647338867188 479.856201171875
679.5218505859375 484.27044677734375
689.074462890625 488.6277160644531
698.8358154296875 493.2215270996094
709.0088500976562 497.79534912109375
719.3817749023438 502.60052490234375
730.1751098632812 507.51922607421875
741.2164306640625 512.52978515625
752.620361328125 517.6436767578125
764.40234375 523.0277099609375
776.5370483398438 528.55224609375
660.8516845703125 485.1114501953125
670.0614013671875 489.5224914550781
679.6531982421875 494.1024475097656
689.466064453125 498.67730712890625
699.5661010742188 503.5020446777344
709.9786987304688 508.4507751464844
720.7271118164062 513.4873046875
731.8131103515625 518.6228637695312
743.2847900390625 523.9422607421875
755.0515747070312 529.4921875
767.2771606445312 535.239501953125
651.0697631835938 490.4047546386719
660.4514770507812 494.88897705078125
669.938720703125 499.584228515625
679.8052978515625 504.43060302734375
689.9022827148438 509.373779296875
700.340576171875 514.4285278320312
711.1067504882812 519.5836791992188
722.1883544921875 524.9175415039062
733.5924682617188 530.4495849609375
745.4685668945312 536.2014770507812
757.6682739257812 542.0546264648438
641.2994384765625 495.7602844238281
650.4381713867188 500.5162658691406
660.0281982421875 505.35150146484375
669.791259765625 510.2955322265625
679.9525146484375 515.3773803710938
690.3719482421875 520.5382690429688
701.1532592773438 525.8690185546875
712.227294921875 531.4419555664062
723.6807250976562 537.1187744140625
735.5275268554688 542.9949951171875
747.73046875 549.1168823242188
631.057373046875 501.4130554199219
640.311767578125 506.2281799316406
649.7251586914062 511.2046813964844
659.5975341796875 516.283203125
669.6580200195312 521.4790649414062
680.09912109375 526.8192138671875
690.8052368164062 532.4325561523438
701.931640625 538.1356201171875
713.4471435546875 543.9053955078125
725.3131103515625 550.0632934570312
737.5611572265625 556.3613891601562
620.59033203125 507.08343505859375
629.7737426757812 512.0992431640625
639.2847900390625 517.1978149414062
649.0128173828125 522.445068359375
659.1427001953125 527.7782592773438
669.4732666015625 533.3834838867188
680.28857421875 539.1334228515625
691.3591918945312 544.9730834960938
702.80517578125 551.0016479492188
714.6693115234375 557.3570556640625
727.0404052734375 563.8055419921875
609.880615234375 512.914306640625
618.9887084960938 518.0269775390625
628.4024658203125 523.3671875
638.2017822265625 528.710205078125
648.2008056640625 534.3681640625
658.6024169921875 540.114501953125
669.3177490234375 545.9954223632812
680.4557495117188 552.1227416992188
691.8606567382812 558.3812255859375
703.7813720703125 564.815185546875
716.1024780273438 571.5948486328125
598.7788696289062 518.8606567382812
607.9441528320312 524.2425537109375
617.3417358398438 529.6104125976562
626.9982299804688 535.2771606445312
637.0454711914062 541.0248413085938
647.3778686523438 546.9639892578125
658.0684814453125 553.1337890625
669.1348876953125 559.4288330078125
680.6231689453125 565.8776245117188
692.48193359375 572.6534423828125
704.781005859375 579.628173828125