1 720 1333
624.66357421875 360.4764099121094
625.3836059570312 343.8064880371094
625.8400268554688 326.6352844238281
626.5400390625 309.0354919433594
627.2318115234375 290.87109375
627.7975463867188 272.3382873535156
628.549560546875 253.26539611816406
629.3488159179688 233.540283203125
630.0923461914062 213.37786865234375
630.8058471679688 192.5050811767578
631.6748046875 171.12802124023438
639.6502075195312 366.1956481933594
640.445556640625 349.32354736328125
641.3366088867188 331.9621276855469
642.0772705078125 314.1688232421875
642.9772338867188 295.78302001953125
643.8326416015625 277.05133056640625
644.7366333007812 257.65289306640625
645.773681640625 237.74560546875
646.6754150390625 217.3173828125
647.8084106445312 196.24949645996094
648.92626953125 174.4946746826172
655.0184936523438 371.9546813964844
656.0029907226562 354.9549865722656
657.0729370117188 337.4644775390625
658.16064453125 319.471923828125
659.3163452148438 300.8977355957031
660.4188232421875 281.8826904296875
661.559326171875 262.34613037109375
662.7315063476562 242.19041442871094
664.0974731445312 221.4334716796875
665.4190063476562 200.0271453857422
666.7550048828125 178.000244140625
670.75927734375 377.9959716796875
672.0654296875 360.7864685058594
673.356201171875 343.1783142089844
674.5950317382812 324.85467529296875
675.9874267578125 306.24591064453125
677.4512939453125 286.8770751953125
678.8167724609375 267.1194152832031
680.4403076171875 246.6691436767578
681.8360595703125 225.6619110107422
683.5458374023438 203.98764038085938
685.2904052734375 181.6320343017578
687.079345703125 384.21636962890625
688.58349609375 366.81591796875
690.1188354492188 348.9502868652344
691.65185546875 330.5762023925781
693.3673706054688 311.5994567871094
694.995849609375 292.1884460449219
696.6747436523438 272.0467834472656
698.4933471679688 251.4156494140625
700.4153442382812 230.14242553710938
702.3352661132812 208.16050720214844
704.3885498046875 185.4705810546875
703.7359619140625 390.5506896972656
705.525146484375 373.074462890625
707.4281005859375 355.0523986816406
709.25439453125 336.4190979003906
711.2083129882812 317.2703552246094
713.2051391601562 297.5235900878906
715.2417602539062 277.2534484863281
717.351318359375 256.3221130371094
719.4755249023438 234.65887451171875
721.68505859375 212.40744018554688
724.1171264648438 189.45010375976562
720.9395141601562 397.1642761230469
723.0230712890625 379.4600524902344
725.1566162109375 361.2749328613281
727.3971557617188 342.46435546875
729.5430908203125 323.0840759277344
731.8881225585938 303.1293029785156
734.2943115234375 282.53900146484375
736.6505126953125 261.3271179199219
739.278564453125 239.47634887695312
741.7697143554688 216.82070922851562
744.5374145507812 193.4992218017578
738.6649780273438 403.88067626953125
740.9939575195312 386.0899963378906
743.4671630859375 367.6487731933594
745.9489135742188 348.6252746582031
748.5606079101562 329.081787109375
751.2643432617188 308.8695068359375
753.927001953125 288.04931640625
756.7395629882812 266.5491027832031
759.599609375 244.36561584472656
762.6551513671875 221.4521026611328
765.7193603515625 197.71778869628906