1 720 1333
587.9766845703125 488.1954345703125
605.59814453125 489.9469909667969
623.2992553710938 491.7099609375
641.1276245117188 493.5263977050781
659.0379028320312 495.3820495605469
677.0917358398438 497.19384765625
695.2581176757812 498.8935852050781
713.4678955078125 500.66534423828125
731.7220458984375 502.43011474609375
750.251708984375 504.20989990234375
768.6133422851562 505.8677978515625
584.6724853515625 505.1041259765625
602.5301513671875 506.93927001953125
620.4785766601562 508.798583984375
638.53857421875 510.69384765625
656.7442016601562 512.5899658203125
675.0284423828125 514.4890747070312
693.4488525390625 516.3485717773438
711.928466796875 518.2169189453125
730.5269165039062 519.9827270507812
749.2919921875 521.7740478515625
767.9540405273438 523.6290283203125
581.3098754882812 522.5149536132812
599.406982421875 524.4885864257812
617.5768432617188 526.4650268554688
635.896240234375 528.4287109375
654.3944091796875 530.4129638671875
672.9365844726562 532.3426513671875
691.5867309570312 534.3023681640625
710.412109375 536.1961059570312
729.3004760742188 538.0969848632812
748.3160400390625 540.03076171875
767.3162231445312 541.9039306640625
577.7506103515625 540.5072021484375
596.1344604492188 542.541015625
614.6031494140625 544.578125
633.244140625 546.6193237304688
651.9423217773438 548.6555786132812
670.7374267578125 550.6654052734375
689.6913452148438 552.6873168945312
708.7550048828125 554.7030639648438
727.9249877929688 556.7018432617188
747.2686157226562 558.7484741210938
766.5462646484375 560.745849609375
574.17578125 558.9713134765625
592.7346801757812 561.1692504882812
611.5347900390625 563.3113403320312
630.4420776367188 565.4170532226562
649.4563598632812 567.5454711914062
668.5577392578125 569.6505737304688
687.7340698242188 571.7410278320312
707.2302856445312 573.8828735351562
726.5808715820312 575.9613037109375
746.272705078125 578.1491088867188
765.7735595703125 580.2744140625
570.420654296875 578.1207885742188
589.3206787109375 580.366943359375
608.38330078125 582.5792236328125
627.52685546875 584.7324829101562
646.8308715820312 587.0517578125
666.2952270507812 589.2955932617188
685.7755737304688 591.469970703125
705.4862670898438 593.630126953125
725.2989501953125 595.8615112304688
745.1373291015625 598.1558227539062
765.14599609375 600.3600463867188
566.530517578125 597.7828979492188
585.7109985351562 600.1649169921875
605.0770874023438 602.502197265625
624.558349609375 604.7760009765625
644.2098999023438 607.1874389648438
663.868408203125 609.4608764648438
683.7184448242188 611.7448120117188
703.6901245117188 614.1383056640625
723.7380981445312 616.4317626953125
743.9942626953125 618.7069702148438
764.3656616210938 621.0569458007812
562.5204467773438 618.2028198242188
582.0564575195312 620.5625
601.6843872070312 623.0468139648438
621.5012817382812 625.4921264648438
641.43896484375 627.9107666015625
661.4632568359375 630.3901977539062
681.612548828125 632.7450561523438
701.8788452148438 635.2546997070312
722.3966674804688 637.6109619140625
742.7966918945312 640.0765991210938
763.509521484375 642.5001831054688