1 720 1333
582.474609375 431.6409606933594
596.107666015625 433.8818054199219
609.9978637695312 436.22332763671875
624.2390747070312 438.5298156738281
638.6852416992188 440.8685607910156
653.4928588867188 443.3504333496094
668.5814208984375 445.734375
683.97412109375 448.2882080078125
699.6195068359375 450.7688903808594
715.6277465820312 453.40570068359375
731.9642944335938 456.052490234375
579.935791015625 447.1414489746094
593.5379638671875 449.5308837890625
607.49267578125 451.9856872558594
621.67822265625 454.47320556640625
636.2052001953125 457.0401916503906
650.9873657226562 459.5890808105469
666.0996704101562 462.2301330566406
681.4595947265625 464.849609375
697.1909790039062 467.56512451171875
713.193603515625 470.3909606933594
729.5005493164062 473.1643371582031
577.3886108398438 462.6116943359375
591.0478515625 465.2272033691406
604.9334716796875 467.8086853027344
619.2307739257812 470.48870849609375
633.63427734375 473.2066955566406
648.480712890625 475.9198303222656
663.5553588867188 478.6880798339844
678.9431762695312 481.541748046875
694.622314453125 484.4554138183594
710.647705078125 487.3743896484375
727.0221557617188 490.3628845214844
574.7899780273438 478.2535400390625
588.4659423828125 480.9426574707031
602.4276123046875 483.688232421875
616.5917358398438 486.5416259765625
631.1580200195312 489.42034912109375
645.8844604492188 492.3385009765625
661.0360107421875 495.3346862792969
676.4285278320312 498.3049621582031
692.1478271484375 501.3558349609375
708.1777954101562 504.4681396484375
724.5245361328125 507.6053161621094
572.2586669921875 493.8587951660156
585.8783569335938 496.70684814453125
599.7923583984375 499.6584167480469
614.0897827148438 502.6534423828125
628.5704956054688 505.6545715332031
643.4054565429688 508.7547912597656
658.4788208007812 511.88336181640625
673.871337890625 515.1182250976562
689.5738525390625 518.3234252929688
705.6402587890625 521.5586547851562
722.0549926757812 524.89697265625
569.6483154296875 509.56829833984375
583.3300170898438 512.6158447265625
597.2922973632812 515.691650390625
611.4804077148438 518.8112182617188
626.032470703125 522.0502319335938
640.7798461914062 525.2882080078125
655.93408203125 528.5648193359375
671.3637084960938 531.9505004882812
687.0785522460938 535.34326171875
703.13525390625 538.7662353515625
719.4937133789062 542.3486328125
567.0106811523438 525.396728515625
580.6978759765625 528.5113525390625
594.656982421875 531.7365112304688
608.908935546875 535.1063842773438
623.45654296875 538.449462890625
638.3357543945312 541.8409423828125
653.3890991210938 545.3329467773438
668.7921142578125 548.80029296875
684.5167846679688 552.4495239257812
700.6024169921875 556.0822143554688
716.9962768554688 559.7506713867188
564.3976440429688 541.18505859375
578.0967407226562 544.5294799804688
592.06591796875 547.88037109375
606.3516845703125 551.4135131835938
620.8499755859375 554.8636474609375
635.6769409179688 558.4840698242188
650.7791137695312 562.112548828125
666.3031005859375 565.8050537109375
682.0037841796875 569.5482788085938
698.0680541992188 573.4327392578125
714.481689453125 577.366455078125