1 720 1333
543.6629638671875 478.50537109375
557.3881225585938 483.26373291015625
571.4193115234375 488.15740966796875
585.892333984375 493.14837646484375
600.7180786132812 498.2793273925781
616.08251953125 503.5205993652344
631.76513671875 508.86651611328125
647.9293212890625 514.464599609375
664.5599365234375 520.12451171875
681.6973876953125 525.908447265625
699.357666015625 531.9019165039062
535.6323852539062 494.4236145019531
549.4024047851562 499.4349060058594
563.509765625 504.55426025390625
577.9767456054688 509.8069152832031
592.8921508789062 515.30712890625
608.273681640625 520.8041381835938
624.0656127929688 526.5023193359375
640.2680053710938 532.3883666992188
656.93408203125 538.3510131835938
674.1947631835938 544.5135498046875
691.8828735351562 550.8236694335938
527.50830078125 510.6283264160156
541.2551879882812 515.8915405273438
555.3731689453125 521.3655395507812
569.8985595703125 526.8609008789062
584.8513793945312 532.5905151367188
600.2846069335938 538.4879760742188
616.1165161132812 544.4864501953125
632.3981323242188 550.6405639648438
649.178466796875 556.9866943359375
666.4544067382812 563.5317993164062
684.2669067382812 570.26611328125
519.1026611328125 527.2529907226562
532.865234375 532.7127075195312
547.0432739257812 538.46630859375
561.6064453125 544.344482421875
576.6090698242188 550.3817749023438
592.080810546875 556.53369140625
607.9617919921875 562.8417358398438
624.3318481445312 569.4095458984375
641.182373046875 576.1290283203125
658.5339965820312 582.9655151367188
676.4446411132812 590.1024780273438
510.5267639160156 544.1375122070312
524.3828125 549.949462890625
538.5487670898438 555.905029296875
553.1823120117188 562.1951293945312
568.2615966796875 568.489990234375
583.670654296875 574.9744262695312
599.6304321289062 581.646484375
616.10107421875 588.5502319335938
632.9950561523438 595.5979614257812
650.4786987304688 602.8953857421875
668.447509765625 610.4234619140625
501.73565673828125 561.3853759765625
515.615234375 567.5056762695312
529.8490600585938 573.7946166992188
544.5092163085938 580.36083984375
559.6022338867188 587.0031127929688
575.1903686523438 593.8584594726562
591.1961059570312 600.9204711914062
607.62451171875 608.19873046875
624.60693359375 615.6034545898438
642.2042236328125 623.3428344726562
660.268310546875 631.2725830078125
492.80157470703125 578.9530029296875
506.66961669921875 585.4527587890625
520.9628295898438 592.11083984375
535.6385498046875 598.8858642578125
550.8113403320312 605.9458618164062
566.394775390625 613.2332763671875
582.486083984375 620.6077880859375
598.9998779296875 628.2869262695312
616.1153564453125 636.1609497070312
633.6820068359375 644.2581176757812
651.8711547851562 652.5443725585938
483.67205810546875 596.9312744140625
497.56964111328125 603.7213745117188
511.8695373535156 610.7236938476562
526.5955810546875 617.9158325195312
541.76318359375 625.360595703125
557.48291015625 632.916015625
573.58349609375 640.7088012695312
590.2763671875 648.7805786132812
607.3783569335938 657.1602172851562
625.1170654296875 665.6034545898438
643.3529663085938 674.412109375