1 720 1333
411.75714111328125 110.47708129882812
433.4311218261719 110.34596252441406
455.5525817871094 110.16877746582031
478.1600036621094 109.96038818359375
501.23236083984375 109.79240417480469
524.6607055664062 109.72455596923828
548.7177734375 109.64436340332031
573.3223876953125 109.60569763183594
598.3215942382812 109.5628662109375
623.7689819335938 109.5704574584961
649.8255004882812 109.5845718383789
414.3010559082031 136.49594116210938
435.62945556640625 136.53402709960938
457.51690673828125 136.625
479.8413391113281 136.7408447265625
502.66302490234375 136.9382781982422
525.9163208007812 137.2091827392578
549.6373291015625 137.3731689453125
573.8323364257812 137.52012634277344
598.5697021484375 137.71043395996094
623.7622680664062 138.10089111328125
649.5303955078125 138.38861083984375
416.6413269042969 161.96328735351562
437.8356628417969 162.37222290039062
459.51116943359375 162.616943359375
481.5837097167969 163.0635223388672
504.22509765625 163.4736785888672
527.16748046875 163.7946319580078
550.5728149414062 164.34417724609375
574.484619140625 164.70140075683594
598.837158203125 165.30764770507812
623.7512817382812 165.7218475341797
649.2999267578125 166.3651123046875
419.10748291015625 186.86439514160156
440.0780944824219 187.4817657470703
461.47576904296875 188.13255310058594
483.3402099609375 188.65292358398438
505.5820617675781 189.39889526367188
528.3265380859375 190.01441955566406
551.486572265625 190.6291961669922
575.1617431640625 191.41839599609375
599.2626953125 192.132568359375
623.7598266601562 192.80593872070312
648.8848876953125 193.61293029785156
421.4569396972656 211.34051513671875
442.2721862792969 212.16978454589844
463.3901672363281 212.83865356445312
484.94354248046875 213.7099151611328
506.953125 214.58340454101562
529.4398803710938 215.50326538085938
552.3778076171875 216.44961547851562
575.6356811523438 217.40785217285156
599.4951782226562 218.34715270996094
623.7571411132812 219.35768127441406
648.6036987304688 220.37765502929688
423.7117614746094 235.22677612304688
444.33148193359375 236.23123168945312
465.27178955078125 237.28268432617188
486.57257080078125 238.32827758789062
508.3941650390625 239.40826416015625
530.5186767578125 240.4966278076172
553.2376098632812 241.56524658203125
576.26708984375 242.68060302734375
599.7401733398438 243.89622497558594
623.7700805664062 245.1959686279297
648.3805541992188 246.42910766601562
426.0487060546875 258.5155029296875
446.39739990234375 259.6864929199219
467.0861511230469 260.9441833496094
488.2629699707031 262.2981262207031
509.6429748535156 263.5065002441406
531.6084594726562 264.7958984375
554.0581665039062 266.2270202636719
576.7819213867188 267.5419921875
600.1591796875 268.8623352050781
623.7909545898438 270.4035949707031
648.0955810546875 271.7763671875
428.3132629394531 281.3971252441406
448.3802185058594 282.71429443359375
468.873046875 284.2841491699219
489.6791076660156 285.6142883300781
511.0777893066406 287.2100830078125
532.6714477539062 288.614990234375
554.8193969726562 290.2510070800781
577.4596557617188 291.6969909667969
600.4398803710938 293.4024353027344
623.8695678710938 294.9451904296875
647.8157348632812 296.64715576171875