1 720 1333
505.7854919433594 156.38916015625
518.0533447265625 150.79757690429688
530.7899780273438 145.07077026367188
544.1060791015625 139.11582946777344
557.8614501953125 132.81678771972656
572.3524169921875 126.4087142944336
587.39697265625 119.61345672607422
603.0411376953125 112.59922790527344
619.4684448242188 105.2846908569336
636.6080322265625 97.66020965576172
654.5882568359375 89.68852233886719
509.9289245605469 175.705322265625
522.2896118164062 170.53709411621094
535.0745849609375 165.2288818359375
548.3699951171875 159.6034393310547
562.2328491210938 153.80531311035156
576.635009765625 147.80247497558594
591.7097778320312 141.59620666503906
607.4895629882812 135.0370635986328
623.8704833984375 128.28480529785156
641.186279296875 121.1455307006836
659.1207275390625 113.73914337158203
514.0842895507812 194.92784118652344
526.4114990234375 190.188232421875
539.253173828125 185.2018585205078
552.5429077148438 180.10519409179688
566.4734497070312 174.67654418945312
580.9454345703125 169.1796112060547
596.1024169921875 163.35098266601562
611.8002319335938 157.3300323486328
628.338134765625 151.0062713623047
645.5532836914062 144.4750518798828
663.5958862304688 137.60789489746094
518.19384765625 214.07760620117188
530.4866943359375 209.62301635742188
543.3763427734375 205.1171417236328
556.72314453125 200.37545776367188
570.6604614257812 195.44091796875
585.2532958984375 190.33384704589844
600.3844604492188 184.9752197265625
616.1863403320312 179.43307495117188
632.6421508789062 173.632080078125
649.924072265625 167.5899658203125
668.048583984375 161.35154724121094
522.232666015625 233.0736846923828
534.5782470703125 229.0128173828125
547.4669799804688 224.82974243164062
560.8633422851562 220.51466369628906
574.840087890625 216.02342224121094
589.4293823242188 211.3501434326172
604.6103515625 206.43093872070312
620.4542846679688 201.38006591796875
636.9833374023438 196.09437561035156
654.3378295898438 190.56321716308594
672.4411010742188 184.84103393554688
526.24365234375 251.95547485351562
538.6365356445312 248.3561553955078
551.5499877929688 244.5125274658203
564.994140625 240.56716918945312
579.0656127929688 236.4866180419922
593.6026611328125 232.2911834716797
608.80322265625 227.779052734375
624.716796875 223.2364044189453
641.3352661132812 218.4231414794922
658.6473999023438 213.43661499023438
676.8137817382812 208.2381591796875
530.1656494140625 270.7253723144531
542.62646484375 267.456787109375
555.5835571289062 264.0719299316406
569.1185302734375 260.503173828125
583.1490478515625 256.80120849609375
597.7658081054688 253.0032501220703
613.0502319335938 249.0148162841797
628.9617309570312 244.8623504638672
645.57763671875 240.56350708007812
663.006591796875 236.114013671875
681.228515625 231.43414306640625
534.1634521484375 289.41046142578125
546.5552978515625 286.5231628417969
559.5925903320312 283.4863586425781
573.1517944335938 280.35498046875
587.2764282226562 277.0524597167969
601.8894653320312 273.6045837402344
617.2781982421875 270.11126708984375
633.2744140625 266.4145202636719
649.8947143554688 262.56170654296875
667.370361328125 258.5603942871094
685.6023559570312 254.45132446289062