1 720 1333
524.843017578125 417.9439392089844
536.4978637695312 424.5721740722656
548.5075073242188 431.51080322265625
561.1153564453125 438.6726989746094
574.122802734375 446.1486511230469
587.6511840820312 453.8551025390625
601.7300415039062 461.8633117675781
616.4486083984375 470.3080139160156
631.6763305664062 478.9324035644531
647.69970703125 487.95782470703125
664.4154663085938 497.4343566894531
521.116455078125 435.49951171875
532.5177612304688 442.4899597167969
544.4568481445312 449.6275634765625
556.7880249023438 457.1433410644531
569.6986694335938 464.8603210449219
583.119873046875 472.9207458496094
597.0021362304688 481.3109436035156
611.5100708007812 489.9734802246094
626.5543823242188 499.00726318359375
642.3731689453125 508.476318359375
658.7642211914062 518.2388305664062
517.316162109375 452.8840026855469
528.5730590820312 460.06597900390625
540.4089965820312 467.58160400390625
552.6013793945312 475.3781433105469
565.3513793945312 483.4176940917969
578.5523071289062 491.7483215332031
592.3399047851562 500.4546813964844
606.568359375 509.4454040527344
621.492431640625 518.8306274414062
637.0497436523438 528.543701171875
653.2933959960938 538.704833984375
513.510498046875 470.060302734375
524.685791015625 477.5797424316406
536.3541259765625 485.3534851074219
548.4794311523438 493.3800964355469
560.9917602539062 501.6830749511719
574.1123046875 510.3813171386719
587.6102294921875 519.3489379882812
601.7347412109375 528.6748657226562
616.4249877929688 538.374755859375
631.7619018554688 548.4656982421875
647.7277221679688 558.8626708984375
509.7518615722656 487.1591491699219
520.8226928710938 494.7688903808594
532.4249267578125 502.8207092285156
544.3436279296875 511.19854736328125
556.7239379882812 519.7660522460938
569.591064453125 528.7084350585938
583.0890502929688 538.0206298828125
596.9610595703125 547.6156616210938
611.489013671875 557.6802978515625
626.5924072265625 568.0850219726562
642.428466796875 578.914306640625
506.0697937011719 503.8487548828125
517.08740234375 511.9060363769531
528.4260864257812 520.2158813476562
540.299072265625 528.7469482421875
552.5050048828125 537.637939453125
565.2933349609375 546.8688354492188
578.4923706054688 556.4579467773438
592.312744140625 566.4158935546875
606.545166015625 576.684326171875
621.5054931640625 587.4534301757812
637.1075439453125 598.6034545898438
502.41925048828125 520.5870361328125
513.2692260742188 528.7645263671875
524.5184936523438 537.3634033203125
536.2264404296875 546.180908203125
548.3684692382812 555.350830078125
560.9151611328125 564.8043212890625
574.0657348632812 574.677978515625
587.6024780273438 584.851318359375
601.7382202148438 595.5223388671875
616.524169921875 606.56884765625
631.8460083007812 618.0712280273438
498.69622802734375 536.969482421875
509.4842529296875 545.5105590820312
520.5895385742188 554.3155517578125
532.2250366210938 563.4091186523438
544.2233276367188 572.7610473632812
556.6292724609375 582.529296875
569.5753173828125 592.6455078125
583.0810546875 603.2413940429688
597.0409545898438 614.1090698242188
611.5922241210938 625.4182739257812
626.7528076171875 637.2234497070312