1 720 1333
510.6429138183594 194.46377563476562
521.9883422851562 186.49667358398438
533.7310180664062 178.301513671875
545.9435424804688 169.71795654296875
558.6123046875 160.90077209472656
571.7633056640625 151.7418670654297
585.509033203125 142.26132202148438
599.6722412109375 132.41746520996094
614.5051879882812 122.1360855102539
629.9266967773438 111.46265411376953
646.027099609375 100.38327026367188
519.5323486328125 211.1891326904297
530.9105834960938 203.548828125
542.7853393554688 195.66075134277344
555.1687622070312 187.5113525390625
567.8814697265625 179.04800415039062
581.2105712890625 170.2867889404297
594.9570922851562 161.21273803710938
609.2947998046875 151.6786346435547
624.2208251953125 141.85833740234375
639.6921997070312 131.7030029296875
655.8770141601562 121.13892364501953
528.3095092773438 227.74684143066406
539.7916259765625 220.46939086914062
551.7272338867188 212.91876220703125
564.2332763671875 205.09388732910156
577.0778198242188 197.0071563720703
590.4608154296875 188.56887817382812
604.337890625 179.86793518066406
618.7047729492188 170.85205078125
633.7176513671875 161.4991455078125
649.412841796875 151.70831298828125
665.6499633789062 141.60238647460938
537.0380859375 244.22607421875
548.593994140625 237.2809295654297
560.6642456054688 230.0128173828125
573.1694946289062 222.5434112548828
586.1832885742188 214.7425537109375
599.54052734375 206.7823944091797
613.5995483398438 198.45635986328125
628.1407470703125 189.8165740966797
643.2550659179688 180.82266235351562
658.9811401367188 171.56910705566406
675.3842163085938 161.87814331054688
545.5596313476562 260.5086975097656
557.3489379882812 253.80447387695312
569.4202270507812 246.9337615966797
582.0267944335938 239.7703399658203
595.1192626953125 232.4241180419922
608.6613159179688 224.75711059570312
622.7032470703125 216.8377685546875
637.4205322265625 208.56976318359375
652.5709838867188 200.12571716308594
668.4909057617188 191.2136993408203
684.9420166015625 181.99948120117188
554.1661987304688 276.6173400878906
565.889404296875 270.3157043457031
578.1593627929688 263.71502685546875
590.7824096679688 256.95819091796875
604.01220703125 249.8528594970703
617.6195678710938 242.63340759277344
631.8402099609375 235.05477905273438
646.585205078125 227.2550811767578
661.8761596679688 219.10299682617188
677.7928466796875 210.63470458984375
694.4591064453125 201.81805419921875
562.5400390625 292.6153564453125
574.4342041015625 286.623046875
586.7290649414062 280.3863220214844
599.5263671875 273.8814392089844
612.7850341796875 267.272216796875
626.5517578125 260.2862854003906
640.850830078125 253.12574768066406
655.6735229492188 245.61183166503906
671.13818359375 237.8679656982422
687.1954345703125 229.82485961914062
703.8005981445312 221.54412841796875
570.8296508789062 308.5483703613281
582.8214111328125 302.7435607910156
595.2755126953125 296.8484191894531
608.21728515625 290.6534118652344
621.5107421875 284.3721923828125
635.4077758789062 277.72418212890625
649.7161254882812 270.9049377441406
664.7081298828125 263.8242492675781
680.3176879882812 256.4945983886719
696.4104614257812 248.84642028808594
713.2228393554688 240.912353515625