1 720 1333
604.4605102539062 446.806640625
617.3115234375 448.6804504394531
630.3726196289062 450.57855224609375
643.6526489257812 452.4672546386719
657.224365234375 454.43975830078125
670.994873046875 456.3547668457031
685.0101318359375 458.3451232910156
699.3245849609375 460.2876281738281
713.8019409179688 462.3155517578125
728.6301879882812 464.35064697265625
743.6036987304688 466.4700012207031
599.7243041992188 459.5386657714844
612.6765747070312 461.52459716796875
625.84326171875 463.5450744628906
639.2939453125 465.59619140625
652.981689453125 467.641845703125
666.8370361328125 469.7178955078125
681.0780639648438 471.80084228515625
695.4500122070312 474.0017395019531
710.142822265625 476.1750183105469
725.080810546875 478.4222106933594
740.294921875 480.6034851074219
594.9243774414062 472.5325622558594
608.0177612304688 474.647216796875
621.3065795898438 476.7626037597656
634.7985229492188 478.9554138183594
648.585205078125 481.2309875488281
662.6571655273438 483.4508972167969
676.94921875 485.68963623046875
691.5301513671875 488.00250244140625
706.3237915039062 490.3693542480469
721.4336547851562 492.6947326660156
736.732177734375 495.2029724121094
590.0690307617188 485.7500915527344
603.218017578125 488.0693054199219
616.5829467773438 490.3774108886719
630.2796020507812 492.6721496582031
644.1856079101562 495.1319580078125
658.31640625 497.4983215332031
672.7461547851562 499.8724365234375
687.4297485351562 502.40460205078125
702.4370727539062 504.8270263671875
717.6394653320312 507.42852783203125
733.2286376953125 510.04638671875
584.9431762695312 499.3589782714844
598.3101806640625 501.7373352050781
611.7501220703125 504.23516845703125
625.56591796875 506.6805725097656
639.5753784179688 509.2627258300781
653.8702392578125 511.80352783203125
668.4572143554688 514.4443969726562
683.331298828125 517.0797729492188
698.4083251953125 519.7449951171875
713.7808227539062 522.4857177734375
729.4674682617188 525.3212890625
579.8167114257812 513.1991577148438
593.2340698242188 515.7398071289062
606.813720703125 518.4131469726562
620.7120971679688 521.0697021484375
634.91650390625 523.7578125
649.3648071289062 526.54541015625
664.052734375 529.339111328125
679.0435791015625 532.18896484375
694.3323364257812 535.0556030273438
709.8056640625 537.9149169921875
725.7109375 540.8944702148438
574.489013671875 527.3988037109375
588.0866088867188 530.11572265625
601.7858276367188 532.87939453125
615.8184204101562 535.7198486328125
630.1753540039062 538.6503295898438
644.672119140625 541.585205078125
659.53271484375 544.56494140625
674.6725463867188 547.5741577148438
690.1387329101562 550.6355590820312
705.8063354492188 553.7544555664062
721.8142700195312 556.9415283203125
569.1298217773438 541.7944946289062
582.699951171875 544.7598876953125
596.6146240234375 547.7169799804688
610.7555541992188 550.762939453125
625.2614135742188 553.883056640625
639.9141845703125 557.0301513671875
654.8961791992188 560.2261962890625
670.2415771484375 563.453125
685.7623291015625 566.6922607421875
701.67724609375 570.0780029296875
717.8812255859375 573.45849609375