1 720 1333
255.75881958007812 201.14723205566406
272.25103759765625 199.43218994140625
288.80364990234375 197.6851806640625
305.5979309082031 196.0246124267578
322.57110595703125 194.34323120117188
339.68701171875 192.57684326171875
357.0214538574219 190.79495239257812
374.4996032714844 189.2095947265625
392.1202087402344 187.43325805664062
409.8828430175781 185.658203125
427.8287658691406 183.9649658203125
261.5937805175781 219.5007781982422
277.8345031738281 217.85728454589844
294.3857116699219 216.3321533203125
310.98724365234375 214.65663146972656
327.7954406738281 213.15818786621094
344.72271728515625 211.48570251464844
361.8870849609375 209.81967163085938
379.2678527832031 208.26426696777344
396.64984130859375 206.5987548828125
414.32440185546875 204.966796875
432.1319885253906 203.384033203125
267.294677734375 237.48446655273438
283.46148681640625 236.00680541992188
299.7296447753906 234.5128936767578
316.2955017089844 232.9719696044922
332.8365478515625 231.48294067382812
349.6954345703125 229.96641540527344
366.6800842285156 228.489013671875
383.846435546875 226.90309143066406
401.1747131347656 225.4200439453125
418.6229248046875 223.85400390625
436.2662353515625 222.36537170410156
272.9045104980469 255.25582885742188
288.83575439453125 253.7329864501953
305.1476135253906 252.403564453125
321.42413330078125 250.92922973632812
337.92144775390625 249.5373077392578
354.5715637207031 248.19056701660156
371.4695129394531 246.65771484375
388.4148254394531 245.34326171875
405.55572509765625 243.80323791503906
422.8346252441406 242.4365234375
440.3638610839844 240.92428588867188
278.3713684082031 272.50048828125
294.3089599609375 271.24603271484375
310.29669189453125 269.8099365234375
326.55572509765625 268.54425048828125
342.84637451171875 267.3001403808594
359.438232421875 265.8682556152344
376.10552978515625 264.566162109375
392.9052429199219 263.3055725097656
409.8298645019531 261.8495788574219
427.0838623046875 260.5583190917969
444.33197021484375 259.25457763671875
283.7867126464844 289.5257873535156
299.52117919921875 288.3323059082031
315.5062561035156 287.114501953125
331.48309326171875 285.7814025878906
347.7524108886719 284.56353759765625
364.1460876464844 283.3729248046875
380.68280029296875 282.14678955078125
397.3398132324219 280.7977294921875
414.2065734863281 279.5821228027344
431.162109375 278.3678894042969
448.29742431640625 277.06134033203125
289.112548828125 306.1988830566406
304.7291564941406 305.0846252441406
320.4795837402344 303.8133850097656
336.46746826171875 302.680908203125
352.5328674316406 301.57342529296875
368.7958984375 300.4807434082031
385.1930847167969 299.3356628417969
401.68408203125 298.1567077636719
418.37847900390625 296.883056640625
435.2723083496094 295.6850280761719
452.1231994628906 294.5155029296875
294.3827209472656 322.5263671875
309.79290771484375 321.4924011230469
325.5063171386719 320.4541320800781
341.3348693847656 319.3716125488281
357.3305358886719 318.3522033691406
373.3775634765625 317.2760314941406
389.6099548339844 316.11279296875
406.0110778808594 314.9583435058594
422.52142333984375 313.8236389160156
439.21881103515625 312.6819152832031
455.9345397949219 311.5849304199219