1 720 1333
228.74542236328125 295.9876403808594
247.84217834472656 286.6263427734375
267.015625 277.34954833984375
286.4492492675781 267.8077392578125
305.9709777832031 258.4172058105469
325.6857604980469 248.8027801513672
345.5828552246094 239.30316162109375
365.6136779785156 229.6186065673828
385.7560119628906 219.94383239746094
406.1724548339844 210.27664184570312
426.5735778808594 200.4893798828125
244.01425170898438 314.5253601074219
262.7207946777344 305.464599609375
281.71038818359375 296.33233642578125
300.81793212890625 287.13140869140625
320.2243347167969 277.7662658691406
339.5802001953125 268.5478210449219
359.2762145996094 259.1778869628906
378.9363708496094 249.72605895996094
398.8423156738281 240.32949829101562
418.8478698730469 230.784912109375
439.111572265625 221.25750732421875
258.6471252441406 332.55218505859375
277.3205871582031 323.65679931640625
295.8894348144531 314.74847412109375
314.86126708984375 305.70635986328125
333.8580322265625 296.689697265625
353.1273193359375 287.5656433105469
372.4539794921875 278.450439453125
391.9371337890625 269.2800598144531
411.5173034667969 259.9996643066406
431.2930908203125 250.65345764160156
451.16650390625 241.3876953125
273.08721923828125 350.11968994140625
291.3545837402344 341.38958740234375
309.7870788574219 332.6153869628906
328.4610290527344 323.8251953125
347.2903747558594 314.96832275390625
366.2793273925781 306.16265869140625
385.3460693359375 297.2144470214844
404.5232238769531 288.2090148925781
423.8523864746094 279.21453857421875
443.3195495605469 270.06268310546875
462.81378173828125 260.86676025390625
286.910400390625 367.0359191894531
305.01336669921875 358.545654296875
323.33648681640625 349.9864807128906
341.6358642578125 341.40423583984375
360.3205261230469 332.7292785644531
378.9921875 324.1006164550781
397.77935791015625 315.3412170410156
416.7065124511719 306.5315856933594
435.70013427734375 297.6467590332031
454.9101867675781 288.73516845703125
474.2182922363281 279.75970458984375
300.4584045410156 383.5168151855469
318.4233093261719 375.2445983886719
336.3725280761719 366.8399963378906
354.6130676269531 358.4750671386719
372.8917236328125 349.9703063964844
391.3743896484375 341.4726867675781
409.84979248046875 332.8829345703125
428.5712585449219 324.31097412109375
447.3335266113281 315.6268005371094
466.25634765625 306.8453369140625
485.25274658203125 298.1354675292969
313.6466064453125 399.4700622558594
331.3337707519531 391.40380859375
349.1882629394531 383.2380676269531
367.09857177734375 374.9669494628906
385.18402099609375 366.6597900390625
403.3802490234375 358.376708984375
421.6268310546875 349.89068603515625
440.0819396972656 341.5152893066406
458.5872802734375 333.0045471191406
477.19427490234375 324.4545593261719
495.89178466796875 315.8035583496094
326.4563293457031 415.04437255859375
343.9245910644531 407.0937805175781
361.4859924316406 399.08746337890625
379.26483154296875 390.9914245605469
397.09161376953125 382.8478698730469
415.0095520019531 374.6781921386719
433.1080322265625 366.4794006347656
451.293701171875 358.23626708984375
469.45721435546875 349.8424987792969
487.8310852050781 341.4871826171875
506.3076171875 333.0605773925781