1 720 1333
541.3790283203125 219.0183563232422
547.52392578125 207.1478729248047
553.9376220703125 194.90126037597656
560.5684204101562 182.29898071289062
567.456787109375 169.28062438964844
574.5585327148438 155.75970458984375
581.8615112304688 141.7766571044922
589.5012817382812 127.43827056884766
597.3722534179688 112.47563171386719
605.5891723632812 97.02733612060547
614.1144409179688 81.00801849365234
550.0742797851562 230.32028198242188
556.440673828125 218.57305908203125
563.0046997070312 206.41900634765625
569.7828369140625 193.883544921875
576.8750610351562 180.93923950195312
584.2420654296875 167.58895874023438
591.7381591796875 153.73208618164062
599.5570068359375 139.43841552734375
607.6708374023438 124.59593963623047
616.1600952148438 109.25381469726562
624.82958984375 93.35913848876953
558.7850341796875 241.7537384033203
565.3995971679688 230.10853576660156
572.1931762695312 218.11520385742188
579.2369384765625 205.6280975341797
586.4514770507812 192.8025665283203
593.9752197265625 179.56398010253906
601.710693359375 165.78506469726562
609.775390625 151.61854553222656
618.17822265625 136.8784942626953
626.8016967773438 121.66513061523438
635.8129272460938 105.83014678955078
567.69189453125 253.37167358398438
574.4855346679688 241.83619689941406
581.4447021484375 229.89324951171875
588.6381225585938 217.60922241210938
596.1908569335938 204.8609161376953
603.830322265625 191.71847534179688
611.8614501953125 178.15512084960938
620.222412109375 164.01060485839844
628.7210693359375 149.45640563964844
637.6865844726562 134.32650756835938
647.0123291015625 118.6263198852539
576.6929321289062 265.2055358886719
583.6442260742188 253.6746063232422
590.8117065429688 241.9169464111328
598.3124389648438 229.6898956298828
605.9389038085938 217.12359619140625
613.923583984375 204.09674072265625
622.2047729492188 190.5696563720703
630.68701171875 176.60028076171875
639.547119140625 162.15518188476562
648.7538452148438 147.17294311523438
658.3767700195312 131.57412719726562
585.80517578125 277.0660095214844
592.963134765625 265.7968444824219
600.4117431640625 254.0833740234375
608.0208740234375 242.05796813964844
615.9058227539062 229.50265502929688
624.1954956054688 216.60894775390625
632.611328125 203.26637268066406
641.4254150390625 189.42745971679688
650.5275268554688 175.0384521484375
660.031494140625 160.19198608398438
669.869384765625 144.7165985107422
595.1373291015625 289.2317199707031
602.44580078125 277.9633483886719
610.0492553710938 266.47515869140625
617.853515625 254.46751403808594
626.0980834960938 242.15765380859375
634.501708984375 229.33155822753906
643.2843627929688 216.1251678466797
652.3333129882812 202.378662109375
661.6673583984375 188.18310546875
671.4835815429688 173.41700744628906
681.6123046875 158.12770080566406
604.450927734375 301.4674987792969
612.00439453125 290.4096374511719
619.7589111328125 278.94427490234375
627.89453125 267.1844177246094
636.3612060546875 254.87503051757812
645.0380859375 242.29220581054688
654.0606689453125 229.1636199951172
663.3981323242188 215.5433807373047
673.0808715820312 201.46481323242188
683.1892700195312 186.8326873779297
693.588134765625 171.673095703125