1 720 1333
474.5360107421875 115.92694091796875
490.1738586425781 133.25425720214844
505.2193298339844 149.91026306152344
519.7803955078125 166.116455078125
533.8882446289062 181.7373809814453
547.556640625 196.859619140625
560.7926025390625 211.53257751464844
573.5975952148438 225.72039794921875
586.08740234375 239.51516723632812
598.1344604492188 252.79115295410156
609.7739868164062 265.7393493652344
459.0040283203125 129.655517578125
474.7111511230469 146.57920837402344
489.93890380859375 162.9174041748047
504.6083984375 178.73886108398438
518.8895263671875 194.12564086914062
532.663818359375 208.8765869140625
546.0925903320312 223.29624938964844
559.0277099609375 237.23548889160156
571.5691528320312 250.67648315429688
583.7105712890625 263.71759033203125
595.572265625 276.436767578125
443.7584228515625 143.24435424804688
459.5911560058594 159.71253967285156
474.9319763183594 175.71389770507812
489.7615966796875 191.2795867919922
504.187744140625 206.27052307128906
518.0869750976562 220.71812438964844
531.5468139648438 234.7948455810547
544.6056518554688 248.49427795410156
557.3114624023438 261.693359375
569.5927124023438 274.5285339355469
581.5267944335938 286.9744567871094
428.7395324707031 156.5194854736328
444.7290344238281 172.68878173828125
460.2105712890625 188.35983276367188
475.15594482421875 203.53704833984375
489.6137390136719 218.2677764892578
503.6465148925781 232.47613525390625
517.2978515625 246.28704833984375
530.4713134765625 259.6147155761719
543.2822875976562 272.5867004394531
555.6397705078125 285.2097473144531
567.6961059570312 297.3998718261719
414.11065673828125 169.61154174804688
430.1532897949219 185.45152282714844
445.67138671875 200.78036499023438
460.73529052734375 215.60887145996094
475.3890686035156 230.0488739013672
489.4886474609375 243.96421813964844
503.2456359863281 257.50372314453125
516.5181274414062 270.58697509765625
529.440673828125 283.3660888671875
541.9533081054688 295.6142578125
554.1527709960938 307.5812683105469
399.64044189453125 182.5255126953125
415.7541198730469 197.9934539794922
431.4702453613281 213.0176544189453
446.6065673828125 227.56716918945312
461.333984375 241.63531494140625
475.5491638183594 255.35377502441406
489.39306640625 268.5476989746094
502.76654052734375 281.4488525390625
515.7852783203125 293.8605041503906
528.451171875 305.9762878417969
540.7001953125 317.6773376464844
385.4565124511719 195.2495574951172
401.69256591796875 210.38563537597656
417.4599609375 225.08189392089844
432.7091064453125 239.3208770751953
447.5412292480469 253.149169921875
461.8468017578125 266.4785461425781
475.79290771484375 279.4929504394531
489.3349304199219 292.08990478515625
502.4461364746094 304.3167724609375
515.19775390625 316.160888671875
527.5279541015625 327.6222229003906
371.5699157714844 207.6476593017578
387.7840270996094 222.53553771972656
403.6708984375 236.8829803466797
419.0635681152344 250.82611083984375
433.9580993652344 264.41162109375
448.4215393066406 277.4901123046875
462.4349365234375 290.2437438964844
476.0706787109375 302.5244445800781
489.3020324707031 314.5135803222656
502.1238098144531 326.1326599121094
514.5687866210938 337.38983154296875