1 720 1333
562.412109375 348.73663330078125
581.320068359375 354.2117004394531
599.4454345703125 359.3570251464844
616.7568969726562 364.2845764160156
633.45068359375 368.97760009765625
649.3807373046875 373.51751708984375
664.6299438476562 377.7896728515625
679.3077392578125 381.9926452636719
693.3858642578125 385.96051025390625
706.7955322265625 389.70318603515625
719.6536254882812 393.4090270996094
553.0543823242188 369.23480224609375
572.087646484375 374.14892578125
590.3120727539062 378.7714538574219
607.6693115234375 383.3037109375
624.43994140625 387.5724792480469
640.4500122070312 391.6546936035156
655.7691040039062 395.5703125
670.5400390625 399.4052429199219
684.6806640625 402.9895935058594
698.2678833007812 406.45635986328125
711.2998046875 409.7138977050781
543.87109375 389.3471984863281
562.9913940429688 393.7231140136719
581.3071899414062 398.00238037109375
598.739013671875 402.0422668457031
615.555908203125 405.8941955566406
631.63134765625 409.5921630859375
647.1187744140625 413.2076721191406
661.9033813476562 416.5569152832031
676.2235717773438 419.8319091796875
689.8113403320312 422.85845947265625
702.9446411132812 425.84765625
534.8873291015625 409.19268798828125
554.1097412109375 413.1798095703125
572.4244995117188 416.8955993652344
589.992919921875 420.5437316894531
606.7777709960938 424.01446533203125
622.9610595703125 427.3724670410156
638.5108032226562 430.5162658691406
653.43115234375 433.544921875
667.7340087890625 436.4569396972656
681.4995727539062 439.2434997558594
694.65478515625 441.8431091308594
526.1170654296875 428.6458740234375
545.3207397460938 432.2361755371094
563.6716918945312 435.5469665527344
581.3563232421875 438.7465515136719
598.2725219726562 441.832763671875
614.4608764648438 444.76446533203125
630.0740356445312 447.59893798828125
645.040771484375 450.30023193359375
659.452880859375 452.8560791015625
673.2720336914062 455.3121032714844
686.531494140625 457.5782165527344
517.4291381835938 447.8932800292969
536.6751708984375 450.9634094238281
555.1535034179688 453.90869140625
572.7717895507812 456.7170715332031
589.73291015625 459.42864990234375
606.05859375 461.9761047363281
621.6824340820312 464.4498291015625
636.744873046875 466.72869873046875
651.2626342773438 469.0621337890625
665.1196899414062 471.2328186035156
678.4776000976562 473.2239990234375
508.866455078125 466.7958679199219
528.2545776367188 469.4980773925781
546.6746826171875 472.00543212890625
564.4409790039062 474.4418640136719
581.4729614257812 476.7047424316406
597.760498046875 478.8802490234375
613.507568359375 481.06787109375
628.5601806640625 483.0248718261719
643.1543579101562 484.93890380859375
657.0734252929688 486.7086486816406
670.5053100585938 488.52288818359375
500.499755859375 485.4901123046875
519.8514404296875 487.6886291503906
538.4180908203125 489.79296875
556.228515625 491.8392333984375
573.2866821289062 493.7821044921875
589.6311645507812 495.5888977050781
605.4048461914062 497.4065246582031
620.5139770507812 499.06427001953125
635.09228515625 500.62481689453125
649.1199951171875 502.20819091796875
662.5991821289062 503.54583740234375