1 720 1333
246.0082550048828 240.1959991455078
271.5069274902344 232.47552490234375
296.6423034667969 224.81529235839844
321.728271484375 217.3649444580078
346.4820251464844 209.93247985839844
371.033935546875 202.6233367919922
395.35601806640625 195.47268676757812
419.3861083984375 188.4262237548828
443.1427001953125 181.45204162597656
466.554443359375 174.5621337890625
489.71270751953125 167.80409240722656
259.0509338378906 262.9765930175781
283.9291076660156 255.3465118408203
308.6258850097656 247.72804260253906
333.11944580078125 240.31349182128906
357.3929443359375 232.8500213623047
381.353759765625 225.64031982421875
405.1976013183594 218.4525909423828
428.6360778808594 211.42820739746094
451.945556640625 204.46893310546875
474.84564208984375 197.55447387695312
497.5968933105469 190.7694091796875
271.5696716308594 284.98651123046875
296.01568603515625 277.35400390625
320.1351623535156 269.75384521484375
344.1696472167969 262.3854064941406
367.8157653808594 255.06866455078125
391.3743896484375 247.74537658691406
414.61358642578125 240.60958862304688
437.6622314453125 233.56982421875
460.3952331542969 226.5818328857422
482.8753967285156 219.7196044921875
505.16375732421875 212.8718719482422
283.7218322753906 306.1622619628906
307.58294677734375 298.5410461425781
331.3333435058594 291.0755920410156
354.6982116699219 283.6619567871094
378.0241394042969 276.355712890625
401.0255126953125 269.1648864746094
423.7713928222656 262.0178527832031
446.35601806640625 254.91673278808594
468.62396240234375 247.99765014648438
490.6348571777344 241.1368865966797
512.4561767578125 234.32730102539062
295.4914245605469 326.49249267578125
318.8558044433594 319.0176696777344
342.036376953125 311.5020751953125
365.0113830566406 304.211669921875
387.7835388183594 296.8919372558594
410.34295654296875 289.67840576171875
432.6466369628906 282.5784606933594
454.6864929199219 275.5712890625
476.5440979003906 268.5723876953125
498.1495666503906 261.6734313964844
519.4779052734375 254.89617919921875
306.8258972167969 346.1719970703125
329.7052307128906 338.6274108886719
352.458984375 331.29400634765625
374.9786376953125 323.93670654296875
397.26422119140625 316.6610412597656
419.34954833984375 309.53997802734375
441.2170715332031 302.4334716796875
462.765869140625 295.423583984375
484.2168884277344 288.5043029785156
505.35040283203125 281.5644226074219
526.2796020507812 274.7404479980469
317.7741394042969 365.0801696777344
340.2376708984375 357.6201477050781
362.4994201660156 350.3000183105469
384.5309753417969 342.98846435546875
406.4083251953125 335.7799377441406
427.9900817871094 328.6406555175781
449.4235534667969 321.5559997558594
470.56500244140625 314.60101318359375
491.559326171875 307.6335144042969
512.3005981445312 300.7605285644531
532.8297119140625 293.99493408203125
328.422119140625 383.3326110839844
350.40875244140625 375.8950500488281
372.2091064453125 368.6067199707031
393.833251953125 361.3990173339844
415.267578125 354.21075439453125
436.435302734375 347.10528564453125
457.393798828125 340.0644836425781
478.177490234375 333.06207275390625
498.66766357421875 326.19775390625
519.0618896484375 319.3052978515625
539.1804809570312 312.50830078125