1 720 1333
367.3419494628906 78.43515014648438
385.3033142089844 92.8736572265625
402.864013671875 107.10960388183594
420.2360534667969 121.10417938232422
437.2650146484375 134.75340270996094
453.86285400390625 148.2872772216797
470.28765869140625 161.42552185058594
486.3243103027344 174.40679931640625
501.95111083984375 187.09356689453125
517.4099731445312 199.47645568847656
532.491455078125 211.6102294921875
357.8376770019531 94.3833236694336
375.6401672363281 108.47464752197266
393.1847229003906 122.3872299194336
410.35589599609375 135.977294921875
427.2409973144531 149.42025756835938
443.72869873046875 162.49449157714844
459.9978332519531 175.4141845703125
475.8761291503906 188.02206420898438
491.5232849121094 200.4140625
506.7785339355469 212.5421600341797
521.8003540039062 224.41883850097656
348.6723327636719 109.8816909790039
366.35595703125 123.66165161132812
383.6612243652344 137.24545288085938
400.6697692871094 150.53936767578125
417.4798278808594 163.5647430419922
433.8518981933594 176.43896484375
450.0168151855469 188.95651245117188
465.7665100097656 201.33335876464844
481.3208923339844 213.4750213623047
496.518798828125 225.30030822753906
511.45245361328125 236.9264678955078
339.7334899902344 125.05399322509766
357.30072021484375 138.49757385253906
374.47955322265625 151.6942138671875
391.38531494140625 164.66893005371094
407.9444274902344 177.48629760742188
424.3025817871094 189.9682159423828
440.28955078125 202.28736877441406
455.9403381347656 214.36610412597656
471.385009765625 226.18833923339844
486.49041748046875 237.73951721191406
501.32763671875 249.137451171875
331.15679931640625 139.75143432617188
348.455078125 152.92543029785156
365.5213623046875 165.78656005859375
382.29595947265625 178.5209503173828
398.7034606933594 190.9447784423828
414.88275146484375 203.22988891601562
430.7837829589844 215.24081420898438
446.4026794433594 226.96470642089844
461.6588134765625 238.58297729492188
476.69775390625 249.86878967285156
491.4501037597656 261.0421447753906
322.6813659667969 154.16355895996094
339.869140625 166.95584106445312
356.7790222167969 179.60350036621094
373.42218017578125 191.9453125
389.7523498535156 204.17930603027344
405.7789611816406 216.1029510498047
421.58770751953125 227.7820587158203
437.0737609863281 239.3758087158203
452.2887878417969 250.65151977539062
467.2100524902344 261.7352294921875
481.8056945800781 272.6043395996094
314.5362243652344 168.1216583251953
331.5939636230469 180.67803955078125
348.36944580078125 192.9603729248047
364.7831726074219 205.12509155273438
381.03680419921875 216.96630859375
396.9655456542969 228.62135314941406
412.5859069824219 240.14418029785156
428.00885009765625 251.40695190429688
443.1120300292969 262.4768371582031
457.8985900878906 273.3291320800781
472.4635314941406 283.9417724609375
306.5887451171875 181.7317352294922
323.48602294921875 193.96376037597656
340.1134948730469 206.08633422851562
356.46893310546875 217.84390258789062
372.5257263183594 229.49087524414062
388.3623046875 240.89414978027344
403.8636169433594 252.12213134765625
419.1907653808594 263.16754150390625
434.22235107421875 273.8973083496094
448.87103271484375 284.5268249511719
463.3730773925781 294.89337158203125