1 720 1333
560.5130004882812 133.95045471191406
575.2330322265625 148.0247039794922
589.5896606445312 161.81875610351562
603.7196044921875 175.41917419433594
617.6278076171875 188.7154541015625
631.3209838867188 201.77749633789062
644.6838989257812 214.6156005859375
657.8701171875 227.31285095214844
670.7804565429688 239.67189025878906
683.5234375 251.81532287597656
696.0693359375 263.76641845703125
549.7947998046875 146.4700164794922
564.323974609375 160.2619171142578
578.5554809570312 173.65768432617188
592.5402221679688 186.88880920410156
606.323974609375 199.86383056640625
619.7886962890625 212.61598205566406
633.120361328125 225.1953582763672
646.1834106445312 237.49525451660156
658.9457397460938 249.59222412109375
671.5767822265625 261.4810791015625
683.9763793945312 273.2059020996094
539.4886474609375 158.59947204589844
553.7763671875 171.99037170410156
567.88525390625 185.16156005859375
581.6863403320312 198.03787231445312
595.3463134765625 210.65670776367188
608.6442260742188 223.14503479003906
621.800537109375 235.40087890625
634.7501220703125 247.43125915527344
647.4751586914062 259.2867431640625
659.9529418945312 270.8039245605469
672.2902221679688 282.3046875
529.5213012695312 170.35853576660156
543.6362915039062 183.40966796875
557.5877075195312 196.1811981201172
571.31201171875 208.74278259277344
584.677490234375 221.1714630126953
597.9181518554688 233.32923889160156
610.9266967773438 245.29916381835938
623.7373046875 257.00189208984375
636.3538818359375 268.56451416015625
648.6983032226562 279.8985595703125
660.9100341796875 291.1434631347656
519.8724365234375 181.64256286621094
533.8662719726562 194.37559509277344
547.618896484375 206.8212890625
561.227294921875 219.20040893554688
574.4830932617188 231.28436279296875
587.53369140625 243.138671875
600.444580078125 254.77626037597656
613.1519775390625 266.308349609375
625.5618896484375 277.6137390136719
637.8182373046875 288.66998291015625
649.917724609375 299.6147766113281
510.6116638183594 192.56712341308594
524.45458984375 205.05252075195312
538.0501708984375 217.24964904785156
551.4157104492188 229.28204345703125
564.5752563476562 241.05885314941406
577.5189208984375 252.6283721923828
590.3140869140625 264.0595397949219
602.7802124023438 275.33135986328125
615.1895751953125 286.38665771484375
627.329345703125 297.2644958496094
639.3312377929688 307.8778991699219
501.6192932128906 203.20510864257812
515.33203125 215.3511962890625
528.712646484375 227.25982666015625
541.9868774414062 238.9760284423828
555.0250854492188 250.51177978515625
567.7826538085938 261.8290710449219
580.43359375 273.0317077636719
592.8173217773438 284.0013122558594
605.119384765625 294.8228454589844
617.1810913085938 305.4518127441406
629.0195922851562 315.9155578613281
492.96832275390625 213.4111785888672
506.475830078125 225.32647705078125
519.7291870117188 236.9284210205078
532.816650390625 248.43307495117188
545.7234497070312 259.6729736328125
558.4210815429688 270.7486572265625
570.8988647460938 281.6583557128906
583.2457275390625 292.4493103027344
595.3576049804688 303.0186767578125
607.3197021484375 313.44012451171875
619.0814819335938 323.6285095214844