1 720 1333
270.4253845214844 107.78800201416016
296.8958435058594 114.4970703125
322.6751708984375 121.05982971191406
347.7510986328125 127.43069458007812
372.302978515625 133.6570587158203
395.9837646484375 139.7438201904297
419.16204833984375 145.70230102539062
441.6097106933594 151.52728271484375
463.5187072753906 157.2445068359375
484.7679138183594 162.7271728515625
505.49810791015625 168.152587890625
267.4301452636719 131.94189453125
293.7841796875 138.30238342285156
319.5319519042969 144.46475219726562
344.5479431152344 150.45054626464844
368.8388671875 156.34500122070312
392.57330322265625 162.1098175048828
415.62744140625 167.63162231445312
438.1304016113281 173.2093505859375
459.88763427734375 178.49832153320312
481.1872253417969 183.685791015625
501.7448425292969 188.7098846435547
264.5016784667969 155.84071350097656
290.78106689453125 161.7721710205078
316.42340087890625 167.5765838623047
341.37469482421875 173.27650451660156
365.60125732421875 178.73001098632812
389.24609375 184.21084594726562
412.2353515625 189.45533752441406
434.585205078125 194.56594848632812
456.4089660644531 199.5587158203125
477.5072937011719 204.45237731933594
498.1275634765625 209.26316833496094
261.6300964355469 179.5581817626953
287.8131408691406 185.12863159179688
313.4155578613281 190.52931213378906
338.2357177734375 195.79209899902344
362.41778564453125 200.99551391601562
385.9192199707031 206.0711212158203
408.8428039550781 210.97337341308594
431.21466064453125 215.75030517578125
452.84722900390625 220.48660278320312
473.9452819824219 225.0689239501953
494.51116943359375 229.48785400390625
258.8720703125 202.8919677734375
285.0130920410156 208.1726837158203
310.3970947265625 213.2155303955078
335.19232177734375 218.1728057861328
359.2812805175781 222.95240783691406
382.7088623046875 227.68954467773438
405.5599060058594 232.31495666503906
427.7782897949219 236.75184631347656
449.444091796875 241.19485473632812
470.4677429199219 245.41725158691406
490.89544677734375 249.5451202392578
256.2643737792969 226.12278747558594
282.2330627441406 230.88482666015625
307.5321044921875 235.6428680419922
332.18994140625 240.28106689453125
356.20611572265625 244.71780395507812
379.5452575683594 249.14752197265625
402.34063720703125 253.42465209960938
424.49658203125 257.5580749511719
446.0747375488281 261.6263732910156
467.00750732421875 265.578369140625
487.4052734375 269.4493713378906
253.57943725585938 248.96148681640625
279.46795654296875 253.44583129882812
304.6695251464844 257.7693176269531
329.2786865234375 262.1036682128906
353.1700744628906 266.2580871582031
376.44134521484375 270.31768798828125
399.1588439941406 274.28497314453125
421.2606506347656 278.1750183105469
442.6817932128906 281.8672180175781
463.59356689453125 285.5449523925781
483.86248779296875 289.0959777832031
251.08499145507812 271.5682678222656
276.78460693359375 275.6612854003906
301.8738708496094 279.699462890625
326.3558654785156 283.6455078125
350.2206726074219 287.5174255371094
373.3873291015625 291.29248046875
396.0440368652344 294.89971923828125
418.0023498535156 298.4675598144531
439.4407958984375 301.9296875
460.23785400390625 305.3132629394531
480.48956298828125 308.5413513183594