1 720 1333
317.0274353027344 338.9635009765625
334.88812255859375 341.8970031738281
353.257080078125 344.8591003417969
371.6976318359375 347.8656921386719
390.5688781738281 350.9533386230469
409.6374816894531 354.03515625
429.04144287109375 357.1468200683594
448.6285095214844 360.29052734375
468.5223693847656 363.4525451660156
488.7082824707031 366.5877990722656
509.2718811035156 369.790283203125
323.68212890625 355.4544982910156
341.4033508300781 358.4564208984375
359.33447265625 361.4717712402344
377.532470703125 364.55194091796875
395.9747314453125 367.64697265625
414.6830139160156 370.7837219238281
433.68157958984375 373.9698181152344
452.9078369140625 377.1990966796875
472.4495849609375 380.43536376953125
492.2796936035156 383.6446838378906
512.3128051757812 386.9183349609375
330.2756652832031 371.298828125
347.5406494140625 374.3608703613281
365.2538146972656 377.43878173828125
383.07122802734375 380.54400634765625
401.2596435546875 383.69512939453125
419.5313720703125 386.9032897949219
438.2276611328125 390.1612243652344
457.0538024902344 393.4425964355469
476.1933288574219 396.69512939453125
495.5482177734375 400.0160217285156
515.251220703125 403.3863525390625
336.5133056640625 386.5344543457031
353.5712890625 389.6510925292969
370.8268127441406 392.7737121582031
388.4344482421875 395.96185302734375
406.20703125 399.1903991699219
424.2465515136719 402.44061279296875
442.521240234375 405.711669921875
461.0333557128906 409.0461120605469
479.728271484375 412.4178466796875
498.76422119140625 415.7150573730469
518.0552978515625 419.1795349121094
342.55712890625 401.2662658691406
359.30560302734375 404.39263916015625
376.3399658203125 407.5436096191406
393.54132080078125 410.76397705078125
411.0379943847656 414.0491943359375
428.68780517578125 417.3702087402344
446.6366271972656 420.6404724121094
464.7643737792969 424.01116943359375
483.246337890625 427.43560791015625
501.8555908203125 430.7787780761719
520.7488403320312 434.2753601074219
348.3798522949219 415.34967041015625
364.8502502441406 418.57275390625
381.5579833984375 421.7513427734375
398.5107727050781 425.1085205078125
415.6393737792969 428.3671569824219
433.0769348144531 431.6456298828125
450.6425476074219 435.066650390625
468.50347900390625 438.4283142089844
486.5433044433594 441.84588623046875
504.8493957519531 445.31378173828125
523.4386596679688 448.74066162109375
354.0385437011719 428.9549255371094
370.20745849609375 432.2268371582031
386.63525390625 435.50384521484375
403.2890930175781 438.73687744140625
420.15521240234375 442.08209228515625
437.25262451171875 445.4424743652344
454.5599365234375 448.8314514160156
472.0519714355469 452.2817077636719
489.78948974609375 455.7029113769531
507.7623596191406 459.212646484375
525.9913330078125 462.6283874511719
359.4425048828125 442.10577392578125
375.3690185546875 445.4002990722656
391.512939453125 448.6626281738281
407.8804626464844 452.0504150390625
424.47137451171875 455.37432861328125
441.32415771484375 458.7238464355469
458.3111267089844 462.1470947265625
475.53350830078125 465.5462341308594
492.93927001953125 469.0358581542969
510.6142272949219 472.46630859375
528.489013671875 475.9615173339844