1 720 1333
512.0807495117188 204.7810516357422
527.295654296875 219.9903564453125
541.9034423828125 234.59413146972656
556.0543212890625 248.65408325195312
569.6673583984375 262.3265075683594
582.777099609375 275.39678955078125
595.5086059570312 288.05810546875
607.774169921875 300.3075256347656
619.6605834960938 312.17822265625
631.2250366210938 323.5324401855469
642.3441772460938 334.589599609375
496.4113464355469 217.79666137695312
511.7258605957031 232.61659240722656
526.52294921875 246.885009765625
540.766357421875 260.6295166015625
554.5682983398438 273.90087890625
567.8511352539062 286.6804504394531
580.6748046875 299.09954833984375
593.178466796875 311.0549011230469
605.2014770507812 322.6064453125
616.7855224609375 333.75433349609375
628.12109375 344.60443115234375
481.03887939453125 230.59814453125
496.5333557128906 245.09738159179688
511.4588928222656 258.97369384765625
525.818603515625 272.4185485839844
539.7625732421875 285.3971252441406
553.226318359375 297.81671142578125
566.2069091796875 309.9429931640625
578.7152099609375 321.63616943359375
590.9161376953125 333.00079345703125
602.6896362304688 343.8643798828125
614.1414184570312 354.50494384765625
465.9536437988281 243.24522399902344
481.56561279296875 257.3229064941406
496.6289978027344 270.8429870605469
511.19183349609375 283.9638977050781
525.234130859375 296.6099853515625
538.75341796875 308.8249816894531
551.8829956054688 320.644775390625
564.5950317382812 332.153076171875
576.86474609375 343.2263488769531
588.78076171875 353.8473815917969
600.3543090820312 364.2588806152344
451.21124267578125 255.53248596191406
466.91302490234375 269.35455322265625
482.1427307128906 282.5477294921875
496.751708984375 295.37933349609375
510.9291076660156 307.6824645996094
524.606201171875 319.6347351074219
537.8466186523438 331.2579650878906
550.6851806640625 342.40972900390625
563.1422119140625 353.27081298828125
575.1777954101562 363.6101379394531
586.7748413085938 373.749267578125
436.67523193359375 267.6523742675781
452.5328369140625 281.148681640625
467.8431396484375 294.0555419921875
482.60467529296875 306.5480651855469
496.89288330078125 318.5974426269531
510.6938171386719 330.31683349609375
524.1112670898438 341.5513610839844
537.0504150390625 352.4974365234375
549.57080078125 363.0927734375
561.694091796875 373.3209533691406
573.5050659179688 383.215576171875
422.4720458984375 279.5911560058594
438.45269775390625 292.677490234375
453.82415771484375 305.35723876953125
468.73193359375 317.53265380859375
483.18255615234375 329.353759765625
497.09710693359375 340.668701171875
510.54473876953125 351.6965637207031
523.5884399414062 362.4203796386719
536.270751953125 372.7067565917969
548.5105590820312 382.6753845214844
560.4019775390625 392.42340087890625
408.54180908203125 291.339599609375
424.6006774902344 304.141357421875
440.1515197753906 316.4349365234375
455.1560974121094 328.3694763183594
469.6136779785156 339.81781005859375
483.64544677734375 350.9691162109375
497.28509521484375 361.6883239746094
510.4197692871094 372.1776123046875
523.186767578125 382.2695617675781
535.529052734375 391.9466552734375
547.5308837890625 401.42578125