1 720 1333
613.55712890625 226.76812744140625
621.9855346679688 226.6978302001953
630.658447265625 226.64553833007812
639.7623291015625 226.58767700195312
649.3475952148438 226.5191192626953
659.266357421875 226.48167419433594
669.5136108398438 226.42465209960938
680.3760375976562 226.3719024658203
691.5511474609375 226.33177185058594
703.4827880859375 226.27406311035156
715.7872924804688 226.20521545410156
614.027587890625 242.5452880859375
622.3494873046875 242.7370147705078
631.0527954101562 243.06976318359375
640.1404418945312 243.3619384765625
649.5377807617188 243.55958557128906
659.413330078125 243.8269500732422
669.6265258789062 244.2226104736328
680.4069213867188 244.5114288330078
691.56689453125 244.77418518066406
703.3761596679688 245.3146209716797
715.6332397460938 245.56512451171875
614.3751220703125 258.1982116699219
622.6599731445312 258.62750244140625
631.3685913085938 259.3113708496094
640.4100952148438 259.794921875
649.650634765625 260.4601135253906
659.534912109375 261.13165283203125
669.6805419921875 261.7052307128906
680.4635620117188 262.4893798828125
691.5029907226562 263.2845458984375
703.3038330078125 263.986328125
715.506103515625 264.7738037109375
614.7201538085938 273.55889892578125
622.95068359375 274.4323425292969
631.6110229492188 275.34228515625
640.5198974609375 276.2567138671875
649.912353515625 277.2284240722656
659.5786743164062 278.2029724121094
669.76318359375 279.2222595214844
680.42138671875 280.33111572265625
691.5133056640625 281.428955078125
703.1669921875 282.5963134765625
715.3921508789062 283.84521484375
615.1224975585938 288.87725830078125
623.4323120117188 290.0460205078125
631.7833862304688 291.1913146972656
640.7658081054688 292.46453857421875
650.126220703125 293.6856384277344
659.7600708007812 295.0587463378906
669.8103637695312 296.4390869140625
680.4832763671875 297.8783264160156
691.4266967773438 299.4667053222656
703.080078125 301.0202331542969
715.1708984375 302.7093811035156
615.4756469726562 304.1202697753906
623.5703125 305.466064453125
632.2406005859375 306.9784240722656
641.0223999023438 308.4947509765625
650.3718872070312 310.1392517089844
659.8397827148438 311.7572937011719
669.9693603515625 313.5215148925781
680.4442138671875 315.38568115234375
691.4149780273438 317.2516174316406
702.85791015625 319.2759094238281
714.8892822265625 321.3385314941406
615.7044067382812 319.0915222167969
623.8622436523438 320.81109619140625
632.4386596679688 322.55242919921875
641.2931518554688 324.4354248046875
650.4827880859375 326.3580017089844
660.0541381835938 328.3328857421875
670.053466796875 330.4493103027344
680.4847412109375 332.55181884765625
691.4155883789062 334.8840026855469
702.7301025390625 337.2425537109375
714.7109985351562 339.6903076171875
616.0596923828125 334.03558349609375
624.29248046875 335.9251708984375
632.5791625976562 338.0174865722656
641.5147094726562 340.20428466796875
650.5621337890625 342.38592529296875
660.277099609375 344.7117614746094
670.1544799804688 347.1340026855469
680.5699462890625 349.67169189453125
691.3812866210938 352.2772521972656
702.7186889648438 355.03472900390625
714.5921020507812 357.8541259765625