1 720 1333
354.9100646972656 282.5027160644531
367.0347595214844 280.6610412597656
379.67578125 278.86773681640625
392.5251159667969 276.98626708984375
405.8232727050781 275.10638427734375
419.4347839355469 273.09173583984375
433.44873046875 270.9955139160156
447.73748779296875 268.8265380859375
462.5173645019531 266.6644592285156
477.6845703125 264.43182373046875
493.35003662109375 262.095947265625
365.42901611328125 296.3089294433594
377.59033203125 294.6739501953125
390.0898742675781 293.1117248535156
402.877197265625 291.4470520019531
416.0390319824219 289.6808776855469
429.50762939453125 287.916748046875
443.38006591796875 286.1533203125
457.5828552246094 284.2918701171875
472.1788635253906 282.3716735839844
487.23944091796875 280.3404235839844
502.60760498046875 278.3000793457031
375.67315673828125 309.5954895019531
387.7093811035156 308.2799987792969
400.1777648925781 306.7820739746094
412.8234558105469 305.43402099609375
425.87042236328125 303.8630676269531
439.2738342285156 302.382568359375
452.95062255859375 300.7164001464844
467.08331298828125 299.15435791015625
481.48590087890625 297.4547119140625
496.3193359375 295.6241760253906
511.5423583984375 293.7926025390625
385.5535583496094 322.52447509765625
397.62872314453125 321.41827392578125
409.85272216796875 320.2027587890625
422.5138244628906 318.848876953125
435.4117431640625 317.57281494140625
448.6734619140625 316.3159484863281
462.248779296875 314.80877685546875
476.1966552734375 313.4953308105469
490.4619140625 312.0555725097656
505.18450927734375 310.4844055175781
520.2457275390625 308.85614013671875
395.283447265625 335.1272277832031
407.1437683105469 334.11041259765625
419.35772705078125 333.0696716308594
431.8076477050781 331.9286804199219
444.6268615722656 330.8258972167969
457.7371520996094 329.6834411621094
471.2312927246094 328.5355529785156
484.9930725097656 327.3913879394531
499.21136474609375 326.14251708984375
513.6661987304688 324.748046875
528.6015625 323.4531555175781
404.5428771972656 347.29083251953125
416.3970642089844 346.44024658203125
428.48370361328125 345.5287780761719
440.8411865234375 344.59088134765625
453.5556640625 343.6595764160156
466.5690612792969 342.7117614746094
479.85455322265625 341.70654296875
493.56298828125 340.6984558105469
507.5309753417969 339.677490234375
521.9210815429688 338.57147216796875
536.66162109375 337.4847412109375
413.6094665527344 359.0537414550781
425.3514099121094 358.4232482910156
437.3514404296875 357.582763671875
449.6023864746094 356.8409423828125
462.25714111328125 356.2106018066406
475.139404296875 355.38690185546875
488.3679504394531 354.5429382324219
501.80767822265625 353.64398193359375
515.688232421875 352.8109436035156
529.931396484375 351.8669738769531
544.5411987304688 350.946044921875
422.3709411621094 370.47357177734375
433.9833068847656 369.83892822265625
445.8876647949219 369.4101257324219
458.151611328125 368.7574768066406
470.5867004394531 368.28314208984375
483.3986511230469 367.5450439453125
496.4614562988281 366.82696533203125
509.8673095703125 366.29327392578125
523.6126098632812 365.5318298339844
537.6979370117188 364.6999816894531
552.1766357421875 363.968505859375