1 720 1333
560.5184326171875 143.17047119140625
574.48876953125 158.33392333984375
587.7598876953125 172.91949462890625
600.5584106445312 186.7763671875
612.7189331054688 200.1448211669922
624.4066162109375 212.81048583984375
635.574462890625 225.08848571777344
646.3551635742188 236.75599670410156
656.6007080078125 247.9755401611328
666.4768676757812 258.8013916015625
675.9254150390625 269.21856689453125
552.556396484375 159.8492431640625
566.9341430664062 174.93484497070312
580.5691528320312 189.26219177246094
593.643310546875 202.9862823486328
606.1958618164062 216.0994110107422
618.12548828125 228.60260009765625
629.5433959960938 240.63409423828125
640.5099487304688 252.18020629882812
651.103271484375 263.2364196777344
661.1958618164062 273.7800598144531
670.8322143554688 284.1150817871094
544.4490356445312 177.1575164794922
559.219970703125 191.8973388671875
573.2586059570312 206.1454620361328
586.5927734375 219.56520080566406
599.427978515625 232.4716339111328
611.6305541992188 244.75918579101562
623.40576171875 256.5762023925781
634.6106567382812 267.86370849609375
645.4512939453125 278.7146911621094
655.7098388671875 289.2673645019531
665.61328125 299.2175598144531
536.1559448242188 194.81011962890625
551.2836303710938 209.44351196289062
565.6353149414062 223.358154296875
579.4234008789062 236.57789611816406
592.522705078125 249.26486206054688
605.0833740234375 261.357421875
617.1163940429688 272.94091796875
628.5823974609375 284.0533447265625
639.656494140625 294.7208557128906
650.2548217773438 304.8927917480469
660.3745727539062 314.8116149902344
527.5676879882812 213.058837890625
543.1371459960938 227.40115356445312
557.8897094726562 241.02359008789062
572.0192260742188 254.04049682617188
585.47412109375 266.4845886230469
598.3523559570312 278.3643493652344
610.6268310546875 289.6658935546875
622.4611206054688 300.614990234375
633.7198486328125 310.9566650390625
644.5416870117188 321.10357666015625
654.885498046875 330.6087951660156
518.7830810546875 231.74563598632812
534.762939453125 245.8001708984375
549.9532470703125 259.2309875488281
564.4622802734375 271.9738464355469
578.2890014648438 284.1971435546875
591.43701171875 295.7169189453125
604.073974609375 306.8818359375
616.1649780273438 317.5113525390625
627.6890869140625 327.7279968261719
638.7301635742188 337.47802734375
649.3909912109375 346.8893737792969
509.81512451171875 251.00086975097656
526.31396484375 264.7690124511719
541.8391723632812 277.8551025390625
556.66796875 290.37823486328125
570.81591796875 302.2931213378906
584.3819580078125 313.6179504394531
597.30517578125 324.4689636230469
609.6339111328125 334.85296630859375
621.4987182617188 344.7809753417969
632.7451171875 354.3772888183594
643.6553344726562 363.4909362792969
500.6425476074219 270.8157653808594
517.5446166992188 284.3055114746094
533.5498046875 297.1001892089844
548.7626953125 309.296142578125
563.3363037109375 320.8929748535156
577.1840209960938 331.94488525390625
590.4026489257812 342.55279541015625
603.0501098632812 352.60443115234375
615.1470336914062 362.3577880859375
626.673095703125 371.56109619140625
637.7166137695312 380.42510986328125