1 720 1333
563.467529296875 163.6539306640625
579.4382934570312 172.1018524169922
595.4984130859375 180.58773803710938
611.5657348632812 189.07684326171875
627.7150268554688 197.5872344970703
643.8497314453125 206.1388702392578
660.1331787109375 214.62908935546875
676.32080078125 223.23394775390625
692.55224609375 231.78692626953125
708.7794799804688 240.3856201171875
725.1266479492188 248.9657440185547
559.6083984375 178.72235107421875
575.3392333984375 187.16737365722656
591.0648193359375 195.4116668701172
606.7789306640625 203.7289276123047
622.591552734375 212.115234375
638.4560546875 220.48191833496094
654.346923828125 228.8338623046875
670.2232666015625 237.32305908203125
686.1559448242188 245.69757080078125
702.05908203125 254.19781494140625
718.0346069335938 262.6044616699219
555.9902954101562 193.39785766601562
571.388671875 201.52508544921875
586.74951171875 209.66636657714844
602.2467651367188 217.84881591796875
617.679931640625 226.14166259765625
633.218505859375 234.34124755859375
648.7440185546875 242.53662109375
664.3645629882812 250.80465698242188
679.8823852539062 259.1302185058594
695.53857421875 267.39788818359375
711.2503051757812 275.677978515625
552.4732055664062 207.39791870117188
567.5449829101562 215.43585205078125
582.613037109375 223.43405151367188
597.7453002929688 231.4769744873047
612.9415283203125 239.5634002685547
628.2029418945312 247.6489715576172
643.4200439453125 255.70919799804688
658.65576171875 263.8219299316406
673.9321899414062 272.0361022949219
689.3177490234375 280.1794738769531
704.5982055664062 288.31103515625
549.1536865234375 220.8929443359375
563.8388061523438 228.73471069335938
578.6563720703125 236.64817810058594
593.5133056640625 244.57699584960938
608.414794921875 252.54103088378906
623.3282470703125 260.4786682128906
638.2803955078125 268.4620056152344
653.2495727539062 276.4416198730469
668.2630004882812 284.4574279785156
683.2794189453125 292.4395446777344
698.3486328125 300.4671630859375
545.8081665039062 233.86672973632812
560.3773803710938 241.68710327148438
574.8028564453125 249.44076538085938
589.3942260742188 257.2764892578125
603.9749145507812 265.0321350097656
618.6167602539062 272.8099060058594
633.322509765625 280.6698913574219
647.9619750976562 288.5270690917969
662.6559448242188 296.4043273925781
677.4447021484375 304.3020324707031
692.2408447265625 312.1743469238281
542.6907348632812 246.48812866210938
556.866943359375 254.11846923828125
571.212646484375 261.7451171875
585.4529418945312 269.4328918457031
599.7239379882812 277.0647277832031
614.1536254882812 284.73779296875
628.5221557617188 292.477783203125
642.9098510742188 300.2042541503906
657.4117431640625 307.9327087402344
671.8455200195312 315.6289978027344
686.39599609375 323.42181396484375
539.6500244140625 258.5482177734375
553.5885620117188 266.1203918457031
567.58349609375 273.6171569824219
581.6016235351562 281.2038879394531
595.6730346679688 288.68798828125
609.7327880859375 296.2890930175781
623.8988647460938 303.78851318359375
638.131103515625 311.45306396484375
652.30078125 319.06170654296875
666.5235595703125 326.615478515625
680.7034301757812 334.27008056640625