1 720 1333
568.4242553710938 191.1162109375
582.3668823242188 194.0127410888672
596.6735229492188 197.09202575683594
611.3707275390625 200.17543029785156
626.4695434570312 203.39894104003906
641.8795166015625 206.63182067871094
657.736328125 210.00083923339844
674.0145263671875 213.455810546875
690.6510009765625 217.03421020507812
707.7612915039062 220.62391662597656
725.4118041992188 224.4197998046875
571.0451049804688 206.9570770263672
584.820068359375 210.16943359375
598.866943359375 213.28257751464844
613.42236328125 216.51927185058594
628.2598876953125 219.80972290039062
643.4215087890625 223.32688903808594
658.9674682617188 226.7652587890625
674.9443969726562 230.4129638671875
691.346435546875 234.1719512939453
708.210693359375 237.89927673339844
725.3854370117188 241.7778778076172
573.65185546875 222.4127197265625
587.2368774414062 225.5874481201172
601.1485595703125 228.89617919921875
615.3162231445312 232.31910705566406
629.858154296875 235.7691650390625
644.7539672851562 239.32859802246094
660.202880859375 242.9943084716797
675.7708129882812 246.70814514160156
691.8233032226562 250.5836639404297
708.4390869140625 254.54249572753906
725.323486328125 258.5863952636719
576.1320190429688 237.30294799804688
589.5107421875 240.62454223632812
603.1865844726562 244.0552520751953
617.207275390625 247.57717895507812
631.5048828125 251.2025604248047
646.2551879882812 254.8422088623047
661.3178100585938 258.62188720703125
676.614990234375 262.5140075683594
692.4461669921875 266.5230712890625
708.6148071289062 270.5733642578125
725.2948608398438 274.73992919921875
578.5921020507812 251.69053649902344
591.6707763671875 255.20335388183594
605.2205200195312 258.6744384765625
618.9342041015625 262.3554382324219
633.1038818359375 266.0460205078125
647.5118408203125 269.8126220703125
662.3807983398438 273.7122497558594
677.4909057617188 277.721923828125
693.0338134765625 281.8370056152344
708.8450317382812 286.0760498046875
725.2576293945312 290.3684387207031
580.8756713867188 265.6549377441406
593.8324584960938 269.3166809082031
607.1656494140625 272.8681945800781
620.6575317382812 276.5968017578125
634.5673217773438 280.45867919921875
648.760986328125 284.3699035644531
663.3878173828125 288.3832092285156
678.3446655273438 292.4745788574219
693.5311889648438 296.67413330078125
709.2185668945312 300.9757995605469
725.213623046875 305.4068298339844
583.186279296875 279.2421569824219
595.941162109375 282.8402404785156
609.0070190429688 286.5928649902344
622.37353515625 290.43731689453125
636.0845336914062 294.3861999511719
650.0804443359375 298.3750305175781
664.4308471679688 302.4945068359375
679.1278076171875 306.67633056640625
694.087158203125 310.99200439453125
709.4237060546875 315.39788818359375
725.1871337890625 319.8608093261719
585.3604125976562 292.3465881347656
597.9212646484375 296.1092529296875
610.7745971679688 299.86981201171875
623.99658203125 303.79364013671875
637.5020751953125 307.8103332519531
651.3402709960938 311.95501708984375
665.3833618164062 316.13885498046875
679.7604370117188 320.424560546875
694.5640258789062 324.787841796875
709.6283569335938 329.3017883300781
725.2049560546875 333.8297424316406