1 720 1333
504.7414855957031 182.37850952148438
529.9713745117188 187.1129150390625
554.2214965820312 191.6123809814453
577.40869140625 196.05691528320312
599.6640625 200.26536560058594
621.0881958007812 204.3232879638672
641.67529296875 208.2681121826172
661.5511474609375 212.01455688476562
680.6351928710938 215.63265991210938
699.0324096679688 219.2890625
716.6783447265625 222.6753692626953
506.6011962890625 205.1669158935547
532.1762084960938 209.429931640625
556.5817260742188 213.56869506835938
580.0491943359375 217.5201416015625
602.5221557617188 221.39431762695312
624.1762084960938 225.07632446289062
644.9617919921875 228.6153106689453
664.9616088867188 232.0670928955078
684.2693481445312 235.3731689453125
702.7069091796875 238.6009979248047
720.587890625 241.75311279296875
508.5648193359375 228.49481201171875
534.3836669921875 232.3531951904297
559.1011962890625 236.04750061035156
582.7142944335938 239.58839416503906
605.4951782226562 243.0216522216797
627.3463745117188 246.3422393798828
648.3289184570312 249.4866943359375
668.5188598632812 252.5435791015625
687.9043579101562 255.48800659179688
706.5632934570312 258.44744873046875
724.4547729492188 261.26214599609375
510.5774230957031 252.50291442871094
536.6578369140625 255.8461456298828
561.6021118164062 259.1388244628906
585.5597534179688 262.265869140625
608.5192260742188 265.228759765625
630.5396728515625 268.1291198730469
651.770751953125 270.8724670410156
672.1467895507812 273.5458068847656
691.7171630859375 276.228271484375
710.4849243164062 278.6787109375
728.548095703125 281.22271728515625
512.6226196289062 277.2315979003906
539.0573120117188 280.0845642089844
564.2870483398438 282.71466064453125
588.4450073242188 285.423583984375
611.6417236328125 287.94189453125
633.9072265625 290.42657470703125
655.3235473632812 292.7087097167969
675.8737182617188 295.11688232421875
695.5640869140625 297.3154602050781
714.5355834960938 299.499755859375
732.61181640625 301.5448913574219
514.7890014648438 302.5410461425781
541.4881591796875 304.8155212402344
567.0049438476562 307.1616516113281
591.437255859375 309.3266906738281
614.8727416992188 311.39373779296875
637.3743286132812 313.38641357421875
658.9238891601562 315.3465270996094
679.6475219726562 317.1887512207031
699.570556640625 318.9351501464844
718.593505859375 320.66546630859375
736.8634033203125 322.43280029296875
517.0904541015625 328.56866455078125
544.0838623046875 330.39306640625
569.7705078125 332.1117858886719
594.5553588867188 333.7021789550781
618.234130859375 335.37615966796875
640.8843994140625 336.82708740234375
662.642578125 338.4042053222656
683.5413818359375 339.74163818359375
703.5697021484375 341.1802062988281
722.7278442382812 342.5055847167969
741.1893310546875 343.69268798828125
519.44580078125 355.41375732421875
546.6683959960938 356.55279541015625
572.7785034179688 357.7051696777344
597.7008666992188 358.82275390625
621.6673583984375 359.9219970703125
644.5274047851562 361.01324462890625
666.4808959960938 361.9704895019531
687.5050659179688 362.9178771972656
707.63720703125 363.8033752441406
726.9387817382812 364.6630859375
745.4330444335938 365.5665588378906