1 720 1333
627.8843994140625 307.71563720703125
652.5578002929688 291.55963134765625
675.820068359375 276.3095397949219
697.7754516601562 261.8971252441406
718.6712036132812 248.29681396484375
738.3575439453125 235.42881774902344
757.0682983398438 223.1889190673828
774.732666015625 211.5995635986328
791.680908203125 200.5263671875
807.6797485351562 190.1264190673828
822.9635009765625 180.07127380371094
644.7393188476562 338.4173278808594
668.6287231445312 321.5151672363281
691.21484375 305.5916442871094
712.5521850585938 290.557373046875
732.7431640625 276.38323974609375
751.8695068359375 262.88446044921875
770.0514526367188 250.16392517089844
787.3397216796875 237.89170837402344
803.7367553710938 226.42315673828125
819.3668212890625 215.36367797851562
834.2010498046875 204.896484375
661.265380859375 368.3220520019531
684.3836669921875 350.7799377441406
706.3029174804688 334.3095397949219
726.9793701171875 318.620849609375
746.56884765625 303.83148193359375
765.186279296875 289.772216796875
782.7454833984375 276.49078369140625
799.5654296875 263.78363037109375
815.56787109375 251.6856689453125
830.6837768554688 240.30494689941406
845.2559204101562 229.27793884277344
677.3446655273438 397.47174072265625
699.7179565429688 379.4537353515625
720.946533203125 362.3558654785156
741.0994262695312 346.14080810546875
760.1566772460938 330.71826171875
778.189453125 316.2274169921875
795.32373046875 302.36297607421875
811.5831298828125 289.2001953125
827.209716796875 276.58404541015625
841.8773803710938 264.64593505859375
856.0125732421875 253.28921508789062
692.9422607421875 425.8362121582031
714.6904296875 407.3071594238281
735.30810546875 389.63641357421875
754.7451171875 372.90594482421875
773.3001098632812 357.0843811035156
790.7597045898438 342.0267333984375
807.4888305664062 327.6356201171875
823.3712158203125 313.9966735839844
838.4815063476562 301.00860595703125
852.7991333007812 288.59185791015625
866.550048828125 276.7350769042969
708.2716064453125 453.4643859863281
729.325927734375 434.4216613769531
749.2852172851562 416.31976318359375
768.2007446289062 399.1604309082031
786.1564331054688 382.7476806640625
803.2022705078125 367.28533935546875
819.3764038085938 352.4354248046875
834.75927734375 338.3839416503906
849.5443115234375 324.8783874511719
863.53515625 312.1070251464844
876.8809814453125 299.7859802246094
723.0581665039062 480.33062744140625
743.4904174804688 460.7876281738281
762.7876586914062 442.3538818359375
781.2490234375 424.63763427734375
798.6034545898438 407.87091064453125
815.2294921875 391.9027404785156
830.9093017578125 376.6866760253906
845.9869995117188 362.22003173828125
860.3444213867188 348.3446350097656
873.9120483398438 335.1392517089844
886.9462890625 322.4794616699219
737.4944458007812 506.41668701171875
757.3148803710938 486.5131530761719
776.1109619140625 467.5599670410156
793.8510131835938 449.5654602050781
810.8253784179688 432.4046936035156
826.9092407226562 416.06005859375
842.2929077148438 400.39251708984375
856.79443359375 385.5354309082031
870.7503051757812 371.2911682128906
884.0416870117188 357.6716003417969
896.6948852539062 344.6387023925781