1 720 1333
526.34033203125 123.49532318115234
533.6226196289062 146.75003051757812
540.771240234375 169.61241149902344
547.8248291015625 192.07022094726562
554.7809448242188 214.08424377441406
561.5565185546875 235.64398193359375
568.30615234375 256.8644714355469
574.77197265625 277.6904296875
581.3045043945312 298.1980895996094
587.5737915039062 318.302001953125
593.7774047851562 337.99041748046875
504.6819152832031 130.03082275390625
512.2495727539062 153.2289581298828
519.5541381835938 175.8797149658203
526.7759399414062 198.2577667236328
533.880615234375 220.14198303222656
540.8223876953125 241.57615661621094
547.6494750976562 262.6888122558594
554.4506225585938 283.4136657714844
560.998291015625 303.736083984375
567.5017700195312 323.6764221191406
573.9043579101562 343.3688659667969
483.238037109375 136.57679748535156
490.86474609375 159.57481384277344
498.4635314941406 182.2071990966797
505.8367919921875 204.3686065673828
513.1824951171875 226.12762451171875
520.3021240234375 247.47821044921875
527.3348388671875 268.4844665527344
534.2062377929688 289.07525634765625
540.976318359375 309.3387451171875
547.6096801757812 329.1880187988281
554.1762084960938 348.61346435546875
461.857177734375 143.09840393066406
469.708740234375 165.93814086914062
477.4750061035156 188.41456604003906
485.0587463378906 210.45501708984375
492.4859924316406 232.1279754638672
499.79595947265625 253.36769104003906
507.00469970703125 274.2595520019531
514.101806640625 294.6419982910156
520.9969482421875 314.7843017578125
527.82958984375 334.5428161621094
534.5289916992188 353.9060363769531
440.70404052734375 149.54684448242188
448.73614501953125 172.30935668945312
456.6202087402344 194.59521484375
464.4308776855469 216.50311279296875
472.0583801269531 238.0435791015625
479.5122375488281 259.18499755859375
486.8550109863281 279.8602600097656
494.15496826171875 300.3186340332031
501.2945251464844 320.30322265625
508.22650146484375 339.85516357421875
515.1466064453125 359.2037353515625
419.7193908691406 156.01927185058594
427.8924560546875 178.58364868164062
435.94073486328125 200.74496459960938
443.86700439453125 222.54039001464844
451.6561279296875 243.93310546875
459.36761474609375 264.9261169433594
466.8680114746094 285.57562255859375
474.30352783203125 305.77197265625
481.5290222167969 325.6861877441406
488.7388610839844 345.2757873535156
495.7614440917969 364.3815002441406
398.9164733886719 162.43783569335938
407.25677490234375 184.82504272460938
415.4818420410156 206.89385986328125
423.555419921875 228.5377197265625
431.53460693359375 249.80735778808594
439.3681945800781 270.68048095703125
447.13067626953125 291.2293395996094
454.6318054199219 311.38214111328125
462.1249694824219 331.1060791015625
469.4233093261719 350.5006408691406
476.6025390625 369.5085144042969
378.27557373046875 168.77403259277344
386.7087707519531 191.16217041015625
395.1324768066406 213.00405883789062
403.3889465332031 234.514404296875
411.5088195800781 255.65110778808594
419.5165100097656 276.4281311035156
427.3699645996094 296.7975769042969
435.1606750488281 316.74395751953125
442.69171142578125 336.4537048339844
450.2799377441406 355.6422119140625
457.5986328125 374.5928955078125