1 720 1333
420.2983093261719 444.48052978515625
452.338134765625 432.0915222167969
482.7418518066406 420.20947265625
511.7316589355469 408.84759521484375
539.4954223632812 398.0133972167969
565.8795776367188 387.5994873046875
591.2282104492188 377.6336975097656
615.4124145507812 368.1427001953125
638.5675048828125 358.93572998046875
660.6260375976562 350.1570129394531
681.7764892578125 341.7114562988281
424.011474609375 464.21466064453125
454.7829284667969 451.69732666015625
484.2640380859375 439.7783508300781
512.3087158203125 428.4849853515625
539.0908813476562 417.56329345703125
564.62841796875 407.17950439453125
589.2779541015625 397.1172790527344
612.704833984375 387.44775390625
635.3513793945312 378.2756042480469
656.8866577148438 369.3070983886719
677.5501708984375 360.69342041015625
427.4907531738281 482.47747802734375
457.2737731933594 470.0909423828125
485.5885925292969 458.22802734375
512.699462890625 446.80108642578125
538.6537475585938 435.9259033203125
563.5252685546875 425.4759826660156
587.414794921875 415.39544677734375
610.3258666992188 405.66424560546875
632.3377075195312 396.41943359375
653.3525390625 387.4090576171875
673.5588989257812 378.6638488769531
430.718017578125 499.6051940917969
459.50189208984375 487.2861022949219
486.9288635253906 475.4215393066406
513.2473754882812 464.0935363769531
538.4281005859375 453.1866149902344
562.5029296875 442.6742248535156
585.63623046875 432.6000671386719
607.9498291015625 422.88177490234375
629.4496459960938 413.545654296875
649.990966796875 404.45733642578125
669.6981811523438 395.6895751953125
433.82171630859375 515.6220092773438
461.5887756347656 503.3858642578125
488.2438049316406 491.5517883300781
513.6107788085938 480.2960510253906
538.1806030273438 469.3780212402344
561.5355224609375 458.9096374511719
584.165771484375 448.8008117675781
605.7930297851562 439.1658935546875
626.6865844726562 429.7303466796875
646.7559814453125 420.6057434082031
666.1654052734375 411.8185729980469
436.711181640625 530.6219482421875
463.5926513671875 518.4724731445312
489.3832702636719 506.705322265625
514.1755981445312 495.4921875
537.7579345703125 484.6445617675781
560.6341552734375 474.26959228515625
582.5864868164062 464.20855712890625
603.7249145507812 454.471435546875
624.216552734375 445.08538818359375
643.740966796875 435.9088439941406
662.6575927734375 427.1664733886719
439.46331787109375 544.6957397460938
465.4911804199219 532.64453125
490.488037109375 521.0523681640625
514.4894409179688 509.8199157714844
537.571533203125 499.092041015625
559.6950073242188 488.6644287109375
581.2379760742188 478.6134033203125
601.7681274414062 468.887451171875
621.7019653320312 459.5274353027344
640.8184204101562 450.4308776855469
659.3939208984375 441.58734130859375
442.0826721191406 557.9478149414062
467.3451843261719 546.076416015625
491.5397644042969 534.55029296875
514.8856811523438 523.4534301757812
537.4014892578125 512.65283203125
559.0103759765625 502.3607482910156
579.7836303710938 492.36114501953125
599.928955078125 482.58990478515625
619.3859252929688 473.296630859375
638.1192016601562 464.1221923828125
656.18798828125 455.319580078125