1 720 1333
482.5141906738281 159.64019775390625
502.2319641113281 166.4541015625
521.6243896484375 173.13720703125
540.75732421875 179.70309448242188
559.6480712890625 186.263427734375
578.3258056640625 192.6613006591797
596.6036987304688 198.962158203125
614.6608276367188 205.23683166503906
632.5403442382812 211.36297607421875
650.1690673828125 217.468505859375
667.4700927734375 223.47393798828125
476.88458251953125 177.0109405517578
496.8274841308594 183.67066955566406
516.4451293945312 190.33570861816406
535.7803955078125 196.79495239257812
554.826904296875 203.28126525878906
573.6234130859375 209.5834197998047
592.2210083007812 215.82162475585938
610.4406127929688 222.0061492919922
628.478759765625 228.05734252929688
646.2318725585938 234.10464477539062
663.6763305664062 240.00299072265625
471.30230712890625 194.6175994873047
491.3983459472656 201.29971313476562
511.2612609863281 207.7620391845703
530.67578125 214.2523651123047
549.9727172851562 220.5719757080078
568.9376220703125 226.81381225585938
587.6193237304688 232.99290466308594
606.1083374023438 239.08555603027344
624.3292236328125 245.04647827148438
642.2703247070312 250.98391723632812
659.8506469726562 256.7831726074219
465.54608154296875 212.56658935546875
485.8105163574219 219.12681579589844
505.86700439453125 225.5484161376953
525.580322265625 231.86683654785156
545.0676879882812 238.21653747558594
564.1976318359375 244.36012268066406
583.0730590820312 250.4395751953125
601.6480712890625 256.3931884765625
620.09521484375 262.3392028808594
638.1755981445312 268.1730041503906
656.0576782226562 273.9029235839844
459.71270751953125 230.7394256591797
480.26593017578125 237.2969207763672
500.4856872558594 243.59446716308594
520.431884765625 249.86849975585938
539.98046875 256.0738525390625
559.3679809570312 262.1837463378906
578.43701171875 268.1680908203125
597.2678833007812 274.0230407714844
615.7499389648438 279.7908630371094
634.081787109375 285.6162414550781
652.0443115234375 291.3258056640625
453.7767028808594 249.37783813476562
474.552734375 255.66665649414062
494.98138427734375 262.02325439453125
515.103515625 268.19732666015625
534.8753662109375 274.2919006347656
554.4273681640625 280.28717041015625
573.6553344726562 286.1876525878906
592.6553955078125 291.94561767578125
611.4456787109375 297.7025146484375
629.8162841796875 303.3843078613281
648.1048583984375 308.9852294921875
447.7800598144531 268.24688720703125
468.738037109375 274.4975280761719
489.43255615234375 280.6667785644531
509.7247619628906 286.7418212890625
529.7420043945312 292.7170104980469
549.4764404296875 298.63531494140625
568.8613891601562 304.4622802734375
588.0966796875 310.2667236328125
606.9934692382812 315.8099670410156
625.5947265625 321.4427185058594
643.9605712890625 326.9376525878906
441.710205078125 287.42156982421875
462.9124755859375 293.549560546875
483.7802734375 299.6402282714844
504.3409118652344 305.66070556640625
524.5238647460938 311.5746765136719
544.4208374023438 317.39208984375
564.0670776367188 323.16943359375
583.4474487304688 328.71533203125
602.4900512695312 334.3695373535156
621.32666015625 339.7982177734375
639.7928466796875 345.2752380371094