1 720 1333
551.3761596679688 271.2719421386719
567.5014038085938 280.3412780761719
582.93798828125 288.9748229980469
597.7012939453125 297.2900695800781
611.9207153320312 305.299072265625
625.55615234375 312.8635559082031
638.6266479492188 320.2765197753906
651.2420043945312 327.3517761230469
663.343017578125 334.18780517578125
674.880126953125 340.6163024902344
686.1033325195312 346.9176025390625
539.15771484375 288.18304443359375
555.453125 296.7814025878906
570.9924926757812 305.0970764160156
585.9404907226562 312.99169921875
600.3486938476562 320.5865478515625
614.1121826171875 327.85711669921875
627.3372802734375 334.8691101074219
640.06396484375 341.6480407714844
652.3141479492188 348.1922912597656
664.0302734375 354.4020080566406
675.35986328125 360.3886413574219
527.145751953125 304.8680419921875
543.5408325195312 313.14398193359375
559.3118286132812 320.9596862792969
574.3828735351562 328.523193359375
588.8546142578125 335.72613525390625
602.7301025390625 342.68304443359375
616.1649169921875 349.4168395996094
629.0316772460938 355.78570556640625
641.4100952148438 362.0662536621094
653.3113403320312 367.9316711425781
664.7222290039062 373.6322021484375
515.2928466796875 321.4118347167969
531.7838134765625 329.247802734375
547.6831665039062 336.64208984375
562.9471435546875 343.81671142578125
577.5509033203125 350.7212829589844
591.59130859375 357.3678283691406
605.1481323242188 363.7172546386719
618.162109375 369.8004455566406
630.65185546875 375.68206787109375
642.63818359375 381.3713073730469
654.2764892578125 386.724609375
503.62921142578125 337.6396484375
520.3511962890625 345.1003112792969
536.3367919921875 352.2293701171875
551.6694946289062 358.9883728027344
566.4671020507812 365.5278015136719
580.6210327148438 371.76605224609375
594.3076171875 377.82940673828125
607.4036254882812 383.6427001953125
620.0003662109375 389.30816650390625
632.18798828125 394.5990905761719
643.8948974609375 399.7115478515625
492.2016906738281 353.6876220703125
509.0141296386719 360.7103576660156
525.1437377929688 367.4756774902344
540.6088256835938 373.9207458496094
555.4669189453125 380.172607421875
569.7401123046875 386.1080322265625
583.557373046875 391.7657165527344
596.747802734375 397.3409729003906
609.525390625 402.5963134765625
621.7711181640625 407.6748352050781
633.6137084960938 412.5651550292969
480.86090087890625 369.5473327636719
497.80865478515625 376.2198791503906
514.1159057617188 382.5574645996094
529.6917724609375 388.6261901855469
544.683349609375 394.5187683105469
559.1197509765625 400.1939697265625
572.9802856445312 405.5506896972656
586.3607788085938 410.7149658203125
599.2423706054688 415.76446533203125
611.5436401367188 420.5774841308594
623.5065307617188 425.22601318359375
469.7613525390625 385.16741943359375
486.8692321777344 391.4336853027344
503.2619934082031 397.44415283203125
518.9361572265625 403.2464294433594
534.0968017578125 408.6941833496094
548.5735473632812 414.0478820800781
562.5244750976562 419.15814208984375
576.0262451171875 424.0343933105469
588.9639282226562 428.7148742675781
601.4384765625 433.30377197265625
613.4700927734375 437.5873718261719