1 720 1333
324.0865783691406 146.46621704101562
358.37091064453125 135.471923828125
389.7222900390625 125.51980590820312
418.5570373535156 116.46330261230469
445.15020751953125 108.14791107177734
469.55316162109375 100.55783081054688
492.3056945800781 93.4897689819336
513.34716796875 87.02643585205078
532.9764404296875 81.00628662109375
551.16259765625 75.4442367553711
568.2886352539062 70.2142562866211
340.7326354980469 188.19927978515625
373.3614501953125 175.6971893310547
403.2605895996094 164.38772583007812
430.7314147949219 153.97952270507812
456.1795349121094 144.45806884765625
479.590087890625 135.63211059570312
501.4036560058594 127.50968933105469
521.6357421875 119.95826721191406
540.5767211914062 112.94721984863281
558.2308349609375 106.41529846191406
574.6195678710938 100.3740005493164
356.611572265625 227.5092010498047
387.6201171875 213.69960021972656
416.16802978515625 201.167724609375
442.4100646972656 189.56893920898438
466.67108154296875 178.91041564941406
489.25457763671875 169.06175231933594
510.19964599609375 159.89505004882812
529.66162109375 151.4420166015625
547.8951416015625 143.51382446289062
564.8630981445312 136.15567016601562
580.8234252929688 129.24497985839844
371.71136474609375 264.5335998535156
401.26416015625 249.615478515625
428.41424560546875 235.93765258789062
453.5367736816406 223.35757446289062
476.75592041015625 211.6680450439453
498.4105224609375 200.87808227539062
518.5145874023438 190.83920288085938
537.3759765625 181.48497009277344
554.9273681640625 172.7291717529297
571.3763427734375 164.58334350585938
586.72705078125 156.953125
386.0249938964844 299.448486328125
414.1812438964844 283.5503234863281
440.06048583984375 268.91522216796875
464.141357421875 255.41110229492188
486.4204406738281 242.83676147460938
507.18719482421875 231.2357635498047
526.5191040039062 220.34457397460938
544.6663208007812 210.242431640625
561.6325073242188 200.7148895263672
577.509033203125 191.84100341796875
592.4303588867188 183.55172729492188
399.5646667480469 332.38702392578125
426.4075012207031 315.6069641113281
451.22613525390625 300.2117919921875
474.1983337402344 285.8440246582031
495.5718994140625 272.52899169921875
515.500732421875 260.1646728515625
534.2064208984375 248.5382080078125
551.6143188476562 237.722900390625
568.123779296875 227.55462646484375
583.4262084960938 218.09339904785156
597.8499755859375 209.15866088867188
412.4261779785156 363.46990966796875
438.03009033203125 346.0036926269531
461.67315673828125 329.80584716796875
483.7512512207031 314.7967834472656
504.294921875 300.7750244140625
523.489013671875 287.6961669921875
541.4462890625 275.49871826171875
558.3621826171875 264.0483093261719
574.203857421875 253.35206604003906
589.1176147460938 243.2213592529297
603.0035400390625 233.73638916015625
424.63189697265625 392.81768798828125
449.1508483886719 374.6944885253906
471.7550048828125 357.9953308105469
492.91131591796875 342.3670349121094
512.6163940429688 327.6933288574219
531.1366577148438 314.1101379394531
548.4375610351562 301.29449462890625
564.6309814453125 289.2954406738281
579.9932250976562 278.0093078613281
594.3786010742188 267.3712463378906
608.0 257.3453063964844