1 720 1333
346.5460205078125 115.25511932373047
370.6293640136719 113.58415985107422
394.44140625 112.08113861083984
417.9132995605469 110.52933502197266
441.10174560546875 109.1348876953125
463.87982177734375 107.67044067382812
486.41729736328125 106.4184341430664
508.5438537597656 105.08888244628906
530.4094848632812 103.72393035888672
551.8710327148438 102.57491302490234
573.1107177734375 101.43017578125
349.64208984375 137.32150268554688
373.7257995605469 135.51502990722656
397.58599853515625 133.7368621826172
421.1521301269531 132.19979858398438
444.3289489746094 130.5382537841797
467.14776611328125 129.01695251464844
489.63861083984375 127.52448272705078
511.7896728515625 125.99179077148438
533.67431640625 124.5313720703125
555.2266845703125 123.23164367675781
576.4155883789062 121.77983093261719
352.7298889160156 159.4690704345703
376.91876220703125 157.512939453125
400.7399597167969 155.6103057861328
424.3455505371094 153.750244140625
447.5117492675781 152.08505249023438
470.3976135253906 150.3734130859375
492.89306640625 148.62411499023438
515.1484375 147.00428771972656
536.9677734375 145.41217041015625
558.4929809570312 143.7811737060547
579.6765747070312 142.38189697265625
355.90234375 181.6800994873047
380.1349182128906 179.59417724609375
404.0452880859375 177.57456970214844
427.5457458496094 175.5933074951172
450.77227783203125 173.63108825683594
473.61077880859375 171.76226806640625
496.24114990234375 169.89198303222656
518.4175415039062 168.1477508544922
540.3193359375 166.36026000976562
561.8015747070312 164.59255981445312
583.0806274414062 162.8481903076172
359.1392822265625 204.14830017089844
383.4057922363281 201.78631591796875
407.2734069824219 199.63992309570312
430.84014892578125 197.5001220703125
454.08575439453125 195.41529846191406
476.95263671875 193.381591796875
499.4812316894531 191.34271240234375
521.6992797851562 189.3460693359375
543.59130859375 187.36708068847656
565.1869506835938 185.44287109375
586.3871459960938 183.5646514892578
362.4035949707031 226.5870361328125
386.61126708984375 224.22413635253906
410.5697021484375 221.73936462402344
434.1866455078125 219.47640991210938
457.41290283203125 217.23507690429688
480.2823791503906 214.926025390625
502.83819580078125 212.681884765625
525.0441284179688 210.53343200683594
546.9537963867188 208.435546875
568.503662109375 206.38682556152344
589.7291259765625 204.38111877441406
365.6676330566406 249.19102478027344
389.964599609375 246.5404052734375
413.85626220703125 244.0546875
437.5040588378906 241.51129150390625
460.69561767578125 239.0621337890625
483.6285705566406 236.6184539794922
506.2291564941406 234.30050659179688
528.4253540039062 231.87852478027344
550.3172607421875 229.60569763183594
571.86083984375 227.39109802246094
593.1196899414062 225.18309020996094
369.0237121582031 271.7610168457031
393.34869384765625 269.044189453125
417.29278564453125 266.33563232421875
440.823974609375 263.6295166015625
464.1419372558594 260.9886169433594
487.0218811035156 258.4194030761719
509.5553894042969 255.8020782470703
531.7488403320312 253.3562469482422
553.6524047851562 250.84255981445312
575.2208251953125 248.44638061523438
596.4912719726562 246.08737182617188