1 720 1333
604.0272216796875 282.5592956542969
625.7273559570312 282.632080078125
646.728515625 282.7010803222656
667.2703247070312 282.87005615234375
686.9107666015625 283.12060546875
706.049072265625 283.3142395019531
724.5211791992188 283.4280090332031
742.4822998046875 283.5430603027344
759.7426147460938 283.66986083984375
776.5497436523438 283.8462829589844
792.8265991210938 284.11737060546875
603.9153442382812 306.3592529296875
625.5736083984375 305.99737548828125
646.5494384765625 305.70184326171875
666.789306640625 305.5107116699219
686.5252075195312 305.3724365234375
705.5510864257812 305.1759338378906
724.0450439453125 304.8902587890625
741.7879638671875 304.71014404296875
759.2238159179688 304.5867614746094
775.8020629882812 304.4751281738281
792.1820068359375 304.38787841796875
603.8792724609375 329.7435607910156
625.4910278320312 329.22808837890625
646.3892822265625 328.5214538574219
666.5399169921875 327.8987731933594
686.2025756835938 327.4161682128906
705.212890625 326.7839660644531
723.4957275390625 326.3683166503906
741.3641357421875 325.7656555175781
758.5099487304688 325.3848571777344
775.2651977539062 324.8113098144531
791.3837280273438 324.45111083984375
603.891845703125 353.18634033203125
625.3863525390625 352.1830749511719
646.183349609375 351.19219970703125
666.316162109375 350.2561950683594
685.7437133789062 349.3416748046875
704.6055297851562 348.439208984375
723.0598754882812 347.53448486328125
740.6544189453125 346.6597900390625
757.8569946289062 345.8716735839844
774.4765014648438 345.2187805175781
790.5615234375 344.4299011230469
603.9066162109375 376.2530517578125
625.3460083007812 374.75885009765625
645.9204711914062 373.4953918457031
666.03857421875 372.294921875
685.4427490234375 370.93634033203125
704.31396484375 369.7117919921875
722.4754028320312 368.5397644042969
740.2191162109375 367.4408264160156
757.2813720703125 366.3671569824219
773.7432861328125 365.2812805175781
789.736328125 364.2687683105469
604.0184326171875 399.0767517089844
625.2772216796875 397.3762512207031
645.7567749023438 395.6209716796875
665.6776123046875 394.0379638671875
685.1348876953125 392.448974609375
703.7297973632812 390.8440856933594
721.8853149414062 389.43988037109375
739.5250854492188 387.90277099609375
756.5567626953125 386.5182800292969
773.099853515625 385.2140808105469
789.1302490234375 383.71343994140625
604.1132202148438 421.5723876953125
625.2605590820312 419.54254150390625
645.5869140625 417.541259765625
665.4866943359375 415.5748291015625
684.6602172851562 413.6299743652344
703.375 411.75518798828125
721.4093627929688 410.0018615722656
738.8869018554688 408.30999755859375
755.802490234375 406.5513916015625
772.377197265625 404.7908630371094
788.3394775390625 403.2734069824219
604.2418212890625 443.8751220703125
625.2412719726562 441.5127868652344
645.4884033203125 439.2554016113281
665.304931640625 436.8981628417969
684.4161987304688 434.67254638671875
702.8469848632812 432.53582763671875
720.7933349609375 430.44268798828125
738.3792724609375 428.34503173828125
755.2296752929688 426.344482421875
771.5377807617188 424.3765563964844
787.4026489257812 422.4659423828125