1 720 1333
494.3665771484375 267.1153564453125
511.6935729980469 272.40313720703125
529.156494140625 277.6501770019531
546.5048217773438 283.0057067871094
563.8229370117188 288.3041076660156
581.3035888671875 293.5821228027344
598.619140625 298.8147277832031
616.0391845703125 304.2256164550781
633.3953247070312 309.49810791015625
650.7797241210938 314.73516845703125
668.1734008789062 320.1596984863281
490.4992980957031 284.4102783203125
507.7093811035156 289.6255187988281
524.9667358398438 294.8988342285156
542.2293090820312 300.1844177246094
559.4730224609375 305.4466552734375
576.6544189453125 310.6235046386719
593.9454956054688 315.8955993652344
611.2052612304688 321.2095947265625
628.44921875 326.4576110839844
645.6492919921875 331.6834411621094
662.91455078125 336.9455261230469
486.6354675292969 301.4244079589844
503.7648620605469 306.6185302734375
520.8184204101562 311.8080749511719
537.99169921875 317.0985412597656
555.1279907226562 322.2955627441406
572.232421875 327.51715087890625
589.3605346679688 332.6916198730469
606.46826171875 337.9273681640625
623.5435180664062 343.1838684082031
640.6438598632812 348.3602600097656
657.7476196289062 353.566650390625
482.90887451171875 318.25238037109375
499.859619140625 323.4250793457031
516.843017578125 328.56976318359375
533.8082885742188 333.710693359375
550.8138427734375 338.8744812011719
567.7479858398438 344.0995178222656
584.739990234375 349.297607421875
601.7252807617188 354.44482421875
618.7431030273438 359.58148193359375
635.7425537109375 364.7489013671875
652.695556640625 369.9078674316406
479.2919921875 334.7333068847656
496.16229248046875 339.8988952636719
512.9063110351562 345.04229736328125
529.7402954101562 350.1615905761719
546.6043701171875 355.2897644042969
563.4759521484375 360.4626159667969
580.3619995117188 365.5497741699219
597.2391357421875 370.6916198730469
614.0776977539062 375.83892822265625
630.8825073242188 380.93359375
647.72265625 386.0881042480469
475.65887451171875 351.0685729980469
492.3721008300781 356.2056579589844
509.1078796386719 361.26898193359375
525.7190551757812 366.3722839355469
542.4987182617188 371.44854736328125
559.2724609375 376.5116271972656
575.9279174804688 381.6017761230469
592.6705932617188 386.6769714355469
609.4267578125 391.7666320800781
626.2135620117188 396.8567199707031
642.85595703125 401.8819885253906
472.141845703125 367.12188720703125
488.6604309082031 372.17437744140625
505.3121337890625 377.26531982421875
521.8365478515625 382.2428894042969
538.4832763671875 387.331787109375
555.0665893554688 392.38446044921875
571.6665649414062 397.4093933105469
588.2920532226562 402.4680480957031
604.8592529296875 407.51153564453125
621.4739990234375 412.5119323730469
638.11572265625 417.5393981933594
468.61285400390625 382.8418884277344
485.15667724609375 387.93310546875
501.5417175292969 392.8631591796875
518.0787963867188 397.9505615234375
534.5150756835938 402.92864990234375
550.9888305664062 407.9568176269531
567.4696044921875 412.957763671875
583.92822265625 417.94305419921875
600.3958740234375 422.92987060546875
616.8840942382812 427.8518371582031
633.3843383789062 432.81396484375