1 720 1333
611.8868408203125 273.5325927734375
631.2135009765625 272.9385986328125
649.9306030273438 272.4674987792969
668.4723510742188 271.9185485839844
686.5438232421875 271.47869873046875
704.38916015625 270.939697265625
721.6815795898438 270.5298767089844
738.7606811523438 270.12982177734375
755.5107421875 269.6536560058594
771.809326171875 269.39141845703125
787.8106689453125 268.8595886230469
612.2721557617188 293.4719543457031
631.3568725585938 292.68359375
650.0709228515625 292.0043029785156
668.4126586914062 291.3446044921875
686.452392578125 290.59466552734375
704.0601806640625 289.9427795410156
721.3897094726562 289.4048156738281
738.3704223632812 288.6851806640625
754.9334716796875 288.2240905761719
771.2244873046875 287.56304931640625
787.2134399414062 287.0335693359375
612.5096435546875 313.204345703125
631.5126342773438 312.2755126953125
650.1043701171875 311.36846923828125
668.39794921875 310.4375
686.2913208007812 309.5561218261719
703.7327270507812 308.6872863769531
721.0143432617188 307.8697814941406
737.7813720703125 307.2301940917969
754.4002685546875 306.4361572265625
770.537841796875 305.62335205078125
786.3980102539062 304.89361572265625
612.8020629882812 332.5783386230469
631.6167602539062 331.4852294921875
650.2342529296875 330.4167785644531
668.3158569335938 329.3837585449219
686.1195678710938 328.37493896484375
703.5159301757812 327.3627624511719
720.579345703125 326.3938293457031
737.41015625 325.39471435546875
753.75048828125 324.4603576660156
769.7933959960938 323.51263427734375
785.6378173828125 322.57379150390625
613.2528076171875 351.7135314941406
631.84619140625 350.50872802734375
650.2736206054688 349.2994384765625
668.30615234375 347.9969177246094
685.8469848632812 346.7733154296875
703.31494140625 345.60235595703125
720.3043823242188 344.4689636230469
736.8984985351562 343.3851623535156
753.28759765625 342.3057861328125
769.2784423828125 341.2236633300781
784.848388671875 340.1466979980469
613.5198364257812 370.68524169921875
632.1527099609375 369.32928466796875
650.3797607421875 367.7895812988281
668.2691650390625 366.484130859375
685.7155151367188 365.13720703125
702.974853515625 363.6990966796875
719.8173828125 362.45965576171875
736.4628295898438 361.1507263183594
752.6316528320312 359.8070983886719
768.5132446289062 358.5772399902344
784.1860961914062 357.39581298828125
613.8250122070312 389.4207458496094
632.3719482421875 387.74884033203125
650.4666137695312 386.2650451660156
668.2557373046875 384.5973205566406
685.6060791015625 383.1707763671875
702.6532592773438 381.5962219238281
719.5136108398438 380.1612243652344
735.8871459960938 378.64874267578125
752.1286010742188 377.2657775878906
767.7734985351562 375.753173828125
783.37451171875 374.4437255859375
614.26806640625 407.79278564453125
632.555908203125 406.078125
650.50048828125 404.3719482421875
668.2556762695312 402.5856018066406
685.4640502929688 400.8789978027344
702.5061645507812 399.2872314453125
719.1765747070312 397.5526428222656
735.4917602539062 395.9129943847656
751.4671020507812 394.398193359375
767.2154541015625 392.73297119140625
782.508056640625 391.2743835449219