1 720 1333
136.5796661376953 277.2613220214844
167.9192352294922 263.48077392578125
198.68838500976562 249.93199157714844
229.04241943359375 236.6713104248047
258.78179931640625 223.67312622070312
288.1638488769531 210.96527099609375
316.9076232910156 198.5244598388672
345.31878662109375 186.35037231445312
373.1554260253906 174.43898010253906
400.4660949707031 162.75148010253906
427.33636474609375 151.41204833984375
158.694580078125 302.9333801269531
188.9521942138672 289.3428955078125
218.72967529296875 275.8907775878906
248.0595703125 262.7756652832031
276.9028015136719 249.87205505371094
305.3573913574219 237.3023223876953
333.3355712890625 224.86712646484375
360.7135009765625 212.75811767578125
387.7900695800781 200.9605255126953
414.36614990234375 189.38955688476562
440.3962097167969 178.0106964111328
179.65606689453125 327.323974609375
208.96560668945312 313.7972106933594
237.7386474609375 300.5793762207031
266.249755859375 287.55523681640625
294.2312927246094 274.7931823730469
321.7509765625 262.31494140625
348.82891845703125 249.99169921875
375.58642578125 237.99940490722656
401.7683410644531 226.30465698242188
427.57073974609375 214.66244506835938
452.8472900390625 203.40118408203125
199.6964874267578 350.47802734375
227.9838409423828 337.20294189453125
255.9641876220703 324.0459899902344
283.5495300292969 311.2217712402344
310.6825866699219 298.53900146484375
337.47650146484375 286.1922912597656
363.8036193847656 273.9768981933594
389.6800231933594 262.05328369140625
415.2746887207031 250.3575897216797
440.2397766113281 238.8142852783203
464.78302001953125 227.5518798828125
218.62948608398438 372.41998291015625
246.22607421875 359.2907409667969
273.3467102050781 346.3661804199219
300.06036376953125 333.5622253417969
326.46466064453125 321.1321716308594
352.4603271484375 308.80255126953125
378.04833984375 296.7127380371094
403.27728271484375 284.9146728515625
428.0276794433594 273.31732177734375
452.3133239746094 261.802978515625
476.2306823730469 250.62583923339844
236.79177856445312 393.3771057128906
263.5330810546875 380.3699645996094
289.81951904296875 367.55401611328125
315.8422546386719 354.9757995605469
341.5284423828125 342.60333251953125
366.7604675292969 330.47015380859375
391.65350341796875 318.4974670410156
416.1449890136719 306.7124938964844
440.239501953125 295.25787353515625
463.80596923828125 283.82232666015625
487.09014892578125 272.6403503417969
254.18307495117188 413.2501525878906
280.089111328125 400.44317626953125
305.6556396484375 387.765625
330.975341796875 375.35784912109375
355.9083251953125 363.12420654296875
380.506103515625 351.0910339355469
404.6619567871094 339.24957275390625
428.47735595703125 327.54400634765625
451.8251647949219 316.1043701171875
474.7654113769531 304.77532958984375
497.45556640625 293.6932373046875
270.66845703125 432.2243347167969
295.90692138671875 419.54205322265625
320.7936096191406 407.0591735839844
345.4190979003906 394.73419189453125
369.6573791503906 382.6163024902344
393.5563659667969 370.670654296875
417.09527587890625 358.9197692871094
440.2635803222656 347.4023742675781
462.9587097167969 336.04388427734375
485.37042236328125 324.7749938964844
507.3795166015625 313.7581787109375