1 720 1333
404.58306884765625 41.418033599853516
431.2274169921875 52.74357223510742
456.23370361328125 63.53273391723633
479.7624206542969 73.73175048828125
501.9993591308594 83.39463806152344
522.9722290039062 92.50820922851562
542.796875 101.2291259765625
561.609130859375 109.37062072753906
579.4828491210938 117.07312774658203
596.3854370117188 124.51417541503906
612.4110107421875 131.55641174316406
409.0367736816406 62.35407257080078
435.8660583496094 73.2787857055664
461.1982727050781 83.556884765625
484.9207458496094 93.37610626220703
507.3894348144531 102.52949523925781
528.4838256835938 111.29148864746094
548.4782104492188 119.52804565429688
567.3541259765625 127.30949401855469
585.2793579101562 134.6328125
602.2389526367188 141.6857452392578
618.3367919921875 148.4353485107422
413.6013488769531 83.93119812011719
440.7915954589844 94.44603729248047
466.3526611328125 104.25078582763672
490.3780212402344 113.52384185791016
512.8671264648438 122.30195617675781
534.2296142578125 130.53829956054688
554.2803955078125 138.36802673339844
573.2951049804688 145.6764373779297
591.2515258789062 152.64599609375
608.2501220703125 159.37527465820312
624.314208984375 165.57843017578125
418.46728515625 106.38529968261719
445.92535400390625 116.24913024902344
471.6907958984375 125.55502319335938
495.87890625 134.34349060058594
518.6473999023438 142.60813903808594
540.0462646484375 150.396240234375
560.2868041992188 157.66326904296875
579.3145751953125 164.5877227783203
597.3768920898438 171.181396484375
614.3299560546875 177.34396362304688
630.5409545898438 183.3712921142578
423.4588623046875 129.4732666015625
451.3200378417969 138.7532958984375
477.2987976074219 147.51939392089844
501.66217041015625 155.72325134277344
524.55908203125 163.49668884277344
546.1417846679688 170.70448303222656
566.3887329101562 177.5490264892578
585.50732421875 183.98936462402344
603.5781860351562 190.07147216796875
620.6605834960938 195.8863067626953
636.7373046875 201.3590545654297
428.6748352050781 153.4730224609375
456.7492980957031 162.14381408691406
483.0786437988281 170.2852325439453
507.6068115234375 177.79385375976562
530.6444702148438 184.98928833007812
552.3255004882812 191.63839721679688
572.6300659179688 197.99058532714844
591.81787109375 203.8694610595703
610.053466796875 209.5263671875
627.1109008789062 214.77700805664062
643.47119140625 220.06675720214844
434.1722106933594 178.30093383789062
462.55126953125 186.23390197753906
489.0389099121094 193.61962890625
513.744384765625 200.57638549804688
536.8847045898438 207.14700317382812
558.6307983398438 213.27740478515625
579.1494750976562 218.937744140625
598.413818359375 224.4362335205078
616.535888671875 229.48118591308594
633.7294311523438 234.43824768066406
649.98193359375 238.94444274902344
439.8020935058594 203.92047119140625
468.4978332519531 211.12864685058594
495.21148681640625 217.7418670654297
520.114013671875 224.08441162109375
543.398193359375 229.8752899169922
565.2487182617188 235.421142578125
585.7327270507812 240.6034393310547
605.0413818359375 245.45166015625
623.3297729492188 250.09388732910156
640.4457397460938 254.37879943847656
656.6998291015625 258.54107666015625