1 720 1333
524.570068359375 75.5154800415039
541.07666015625 96.41932678222656
557.186767578125 116.83221435546875
572.8424682617188 136.83840942382812
588.2955932617188 156.40948486328125
603.2577514648438 175.4824676513672
617.8837890625 194.14309692382812
632.2438354492188 212.36663818359375
646.326171875 230.20025634765625
659.9164428710938 247.61219787597656
673.3509521484375 264.6692810058594
508.5501403808594 86.71558380126953
525.5606079101562 107.91417694091797
542.215576171875 128.6341552734375
558.4163818359375 148.8572235107422
574.2489624023438 168.65151977539062
589.6423950195312 187.92971801757812
604.730224609375 206.78546142578125
619.5515747070312 225.24703979492188
633.9783935546875 243.25682067871094
648.1000366210938 260.81317138671875
661.7891235351562 278.085205078125
491.91766357421875 98.46930694580078
509.507568359375 119.90790557861328
526.6229248046875 140.888916015625
543.38330078125 161.42091369628906
559.6817016601562 181.42234802246094
575.590087890625 200.91156005859375
591.2217407226562 219.94764709472656
606.41064453125 238.6067657470703
621.3047485351562 256.7442321777344
635.7086791992188 274.5604248046875
649.8809204101562 291.9644775390625
474.5610656738281 110.65182495117188
492.7007751464844 132.45443725585938
510.4396057128906 153.67457580566406
527.6719360351562 174.4620361328125
544.560791015625 194.6780548095703
560.9916381835938 214.4330596923828
577.0598754882812 233.69435119628906
592.6871337890625 252.50039672851562
608.078125 270.84375
622.9459838867188 288.8206787109375
637.5342407226562 306.4051818847656
456.488525390625 123.44670867919922
475.2896423339844 145.51223754882812
493.57440185546875 167.05177307128906
511.4462585449219 188.07208251953125
528.8190307617188 208.52915954589844
545.7699584960938 228.52383422851562
562.399169921875 247.96376037597656
578.52978515625 267.02325439453125
594.3157958984375 285.551025390625
609.6536865234375 303.6629943847656
624.6714477539062 321.4604187011719
437.62548828125 136.76353454589844
457.06787109375 159.18905639648438
476.0107421875 180.96946716308594
494.4953308105469 202.25888061523438
512.4656982421875 223.01512145996094
529.98486328125 243.20420837402344
547.0996704101562 262.8802185058594
563.721435546875 282.1194152832031
580.0769653320312 300.7972717285156
595.837158203125 319.19964599609375
611.3958129882812 337.06597900390625
417.9751281738281 150.70950317382812
438.1361389160156 173.41799926757812
457.6774597167969 195.50225830078125
476.77239990234375 217.07489013671875
495.4521789550781 238.0647735595703
513.5167846679688 258.5035400390625
531.24560546875 278.43511962890625
548.4218139648438 297.7963562011719
565.2010498046875 316.73724365234375
581.5409545898438 335.2503662109375
597.5104370117188 353.29718017578125
397.4686279296875 165.3545684814453
418.3358154296875 188.32711791992188
438.5915832519531 210.6942596435547
458.4233703613281 232.50645446777344
477.6369934082031 253.7661895751953
496.42822265625 274.4688415527344
514.6052856445312 294.58709716796875
532.439208984375 314.2689514160156
549.71435546875 333.3502197265625
566.5848999023438 351.9835205078125
583.1177978515625 370.17791748046875