1 720 1333
524.3958740234375 103.47798156738281
535.4869384765625 122.82958221435547
546.3820190429688 141.6147003173828
556.98291015625 159.9167938232422
567.2988891601562 177.698486328125
577.3567504882812 195.0152587890625
587.1099243164062 211.85511779785156
596.6154174804688 228.32608032226562
605.8923950195312 244.33909606933594
614.9432983398438 259.8149108886719
623.7523803710938 275.0362548828125
509.5627136230469 111.6424560546875
520.7807006835938 130.53631591796875
531.6702880859375 148.9578094482422
542.2752075195312 166.8182830810547
552.6542358398438 184.3328094482422
562.6780395507812 201.29945373535156
572.5069580078125 217.76100158691406
582.0552978515625 233.8446044921875
591.3872680664062 249.555908203125
600.471923828125 264.84613037109375
609.3450927734375 279.71405029296875
495.3807678222656 119.52747344970703
506.52337646484375 138.1022186279297
517.4561767578125 156.0679931640625
528.12255859375 173.58680725097656
538.3911743164062 190.64508056640625
548.5306396484375 207.343017578125
558.3574829101562 223.50938415527344
567.9119262695312 239.36941528320312
577.2638549804688 254.70594787597656
586.3966674804688 269.70257568359375
595.3265991210938 284.3761291503906
481.5389709472656 127.26579284667969
492.73162841796875 145.36203002929688
503.599365234375 162.95785522460938
514.2887573242188 180.17205810546875
524.635986328125 196.85804748535156
534.707763671875 213.25669860839844
544.6061401367188 229.14334106445312
554.2523803710938 244.5995635986328
563.5450439453125 259.719482421875
572.7118530273438 274.49627685546875
581.6409301757812 288.82696533203125
468.22930908203125 134.61988830566406
479.3771057128906 152.41995239257812
490.30755615234375 169.65869140625
500.891845703125 186.46705627441406
511.2930603027344 202.8778839111328
521.404541015625 218.89456176757812
531.2840576171875 234.53021240234375
540.8380126953125 249.7248992919922
550.2865600585938 264.6014099121094
559.4884033203125 279.1111755371094
568.460205078125 293.2317810058594
455.2328796386719 141.81942749023438
466.4317321777344 159.26576232910156
477.31866455078125 176.15660095214844
487.90484619140625 192.66561889648438
498.3453674316406 208.703857421875
508.44537353515625 224.48487854003906
518.3171997070312 239.74374389648438
527.903076171875 254.73391723632812
537.40869140625 269.3645935058594
546.5474243164062 283.5457763671875
555.5919799804688 297.44818115234375
442.7105712890625 148.8560028076172
453.79925537109375 165.84707641601562
464.75579833984375 182.50157165527344
475.38818359375 198.60328674316406
485.7218933105469 214.50608825683594
495.8516845703125 229.83438110351562
505.71893310546875 244.89747619628906
515.4425659179688 259.5758972167969
524.8062744140625 273.91925048828125
534.09326171875 287.86328125
543.1112670898438 301.5202331542969
430.5367126464844 155.63766479492188
441.6803894042969 172.34573364257812
452.5402526855469 188.5694580078125
463.2186584472656 204.4952850341797
473.5448303222656 220.00048828125
483.653564453125 235.1702117919922
493.5771484375 249.86676025390625
503.2761535644531 264.30322265625
512.701416015625 278.3952331542969
521.9261474609375 292.11761474609375
530.9950561523438 305.49871826171875