1 720 1333
544.2164306640625 208.24685668945312
554.9452514648438 202.7738494873047
566.3536987304688 197.25726318359375
577.939453125 191.4522247314453
590.1425170898438 185.43203735351562
602.6671752929688 179.2988739013672
615.7067260742188 172.73098754882812
629.3292236328125 166.12387084960938
643.3916015625 159.19281005859375
657.9945678710938 151.9134063720703
673.2857055664062 144.4879913330078
553.0074462890625 223.02670288085938
563.9461059570312 217.89015197753906
575.2716064453125 212.62098693847656
587.0029907226562 207.22991943359375
599.1856079101562 201.54818725585938
611.740478515625 195.6385040283203
624.806884765625 189.60691833496094
638.463623046875 183.3466339111328
652.4720458984375 176.77267456054688
667.2255249023438 169.99900817871094
682.4132080078125 162.98805236816406
561.7160034179688 237.57704162597656
572.6526489257812 232.74151611328125
584.0704345703125 227.7406005859375
595.75830078125 222.63229370117188
608.070556640625 217.35316467285156
620.6237182617188 211.79066467285156
633.7759399414062 206.1497802734375
647.3827514648438 200.24734497070312
661.4946899414062 194.1171417236328
676.1651000976562 187.68869018554688
691.4574584960938 181.14642333984375
570.3033447265625 251.84317016601562
581.3502197265625 247.3870391845703
592.6737060546875 242.688232421875
604.4798583984375 237.81710815429688
616.6836547851562 232.86343383789062
629.3969116210938 227.67205810546875
642.519287109375 222.35797119140625
656.1849365234375 216.74151611328125
670.3056640625 211.06996154785156
684.9854125976562 205.1095428466797
700.2468872070312 198.86343383789062
578.6723022460938 265.91064453125
589.7166137695312 261.6722106933594
601.2269287109375 257.3075866699219
612.9939575195312 252.7555694580078
625.2901000976562 248.08792114257812
637.947021484375 243.2815399169922
651.1578369140625 238.2576904296875
664.7273559570312 233.08152770996094
678.8450927734375 227.67050170898438
693.5875244140625 222.11776733398438
708.8483276367188 216.33261108398438
586.9659423828125 279.7178039550781
598.0684814453125 275.7394104003906
609.5086669921875 271.6698303222656
621.39892578125 267.4615783691406
633.6405639648438 263.10455322265625
646.3909301757812 258.51605224609375
659.5403442382812 253.82713317871094
673.2232055664062 248.9630584716797
687.3848266601562 243.96530151367188
702.0845947265625 238.73446655273438
717.3518676757812 233.345458984375
595.1259155273438 293.3470764160156
606.24267578125 289.6155700683594
617.6734008789062 285.78271484375
629.5594482421875 281.83099365234375
641.86083984375 277.7290344238281
654.6168823242188 273.5234680175781
667.8272094726562 269.1852111816406
681.515625 264.60357666015625
695.661865234375 259.8967590332031
710.4022216796875 255.0655975341797
725.62060546875 250.0294189453125
603.106689453125 306.67401123046875
614.262451171875 303.2806091308594
625.6776733398438 299.6662902832031
637.6302490234375 296.01971435546875
650.0138549804688 292.2451171875
662.781005859375 288.2801513671875
676.0059814453125 284.19927978515625
689.6451416015625 279.9347839355469
703.8252563476562 275.5653991699219
718.5640869140625 271.0946044921875
733.7801513671875 266.38641357421875