1 720 1333
456.1368408203125 275.6242370605469
468.3878479003906 274.05682373046875
481.0723876953125 272.41815185546875
493.97515869140625 270.70391845703125
507.34564208984375 269.02734375
520.998291015625 267.311767578125
535.085693359375 265.4526672363281
549.4598999023438 263.55291748046875
564.3139038085938 261.6509704589844
579.5477905273438 259.6682434082031
595.297119140625 257.6611022949219
463.49139404296875 290.0442199707031
475.716552734375 288.6383056640625
488.29962158203125 287.2716369628906
501.2032470703125 285.7257385253906
514.375244140625 284.3222961425781
527.9312744140625 282.71295166015625
541.851806640625 281.1937561035156
556.2105102539062 279.5373229980469
570.8204956054688 277.8412780761719
586.01513671875 276.1870422363281
601.5145874023438 274.4335632324219
470.7181091308594 304.1023864746094
482.81231689453125 302.83197021484375
495.3690185546875 301.63739013671875
508.15802001953125 300.4403076171875
521.2758178710938 299.16900634765625
534.6641845703125 297.769287109375
548.5029907226562 296.46710205078125
562.660400390625 295.1412353515625
577.2638549804688 293.61712646484375
592.2786254882812 292.24053955078125
607.6170654296875 290.6466064453125
477.7344665527344 317.7469177246094
489.8220520019531 316.7283630371094
502.2283630371094 315.6683654785156
514.86376953125 314.6663513183594
527.8512573242188 313.5906677246094
541.2962036132812 312.498291015625
554.9528198242188 311.3951721191406
569.0657348632812 310.2510986328125
583.484619140625 309.03253173828125
598.3662719726562 307.6969299316406
613.5888671875 306.5066833496094
484.6116943359375 331.1736145019531
496.59515380859375 330.384765625
508.8827819824219 329.4712829589844
521.4876708984375 328.5775451660156
534.4319458007812 327.65533447265625
547.638671875 326.7549743652344
561.27685546875 325.785400390625
575.2263793945312 324.8590087890625
589.525390625 323.9013366699219
604.316650390625 322.8633117675781
619.43212890625 321.79119873046875
491.3338928222656 344.2138366699219
503.27105712890625 343.49560546875
515.414306640625 342.76263427734375
527.9220581054688 342.2447814941406
540.7263793945312 341.4748229980469
553.906494140625 340.68603515625
567.4179077148438 339.9783020019531
581.2967529296875 339.28387451171875
595.4452514648438 338.48797607421875
610.1159057617188 337.6240234375
625.0807495117188 336.7461242675781
497.827392578125 356.81024169921875
509.6563720703125 356.44854736328125
521.773681640625 355.8240661621094
534.2266845703125 355.4114990234375
546.9452514648438 354.8093566894531
559.9899291992188 354.3681945800781
573.426025390625 353.6993713378906
587.168701171875 353.24365234375
601.2575073242188 352.5560607910156
615.6766967773438 351.95379638671875
630.5973510742188 351.4006042480469
504.253173828125 369.3351745605469
515.9732666015625 368.9372863769531
527.9931640625 368.579345703125
540.3775024414062 368.3624572753906
553.0032958984375 367.86865234375
565.9833374023438 367.54656982421875
579.306640625 367.18896484375
592.9026489257812 366.6712646484375
606.8828125 366.4256286621094
621.2731323242188 365.82073974609375
636.0260009765625 365.4703674316406