1 720 1333
590.88134765625 251.13282775878906
607.605224609375 249.75848388671875
624.5006103515625 248.51885986328125
641.6148681640625 247.34402465820312
658.8729248046875 246.0029296875
676.4283447265625 244.67739868164062
694.1028442382812 243.47232055664062
711.9788818359375 242.2244415283203
730.0176391601562 240.86160278320312
748.34765625 239.58302307128906
766.6151123046875 238.3672637939453
593.5341186523438 267.8714294433594
610.1011962890625 266.70794677734375
626.7952880859375 265.5810241699219
643.7290649414062 264.4664611816406
660.8849487304688 263.35931396484375
678.28955078125 262.16156005859375
695.6871337890625 260.88787841796875
713.442626953125 259.7770690917969
731.3475341796875 258.6022033691406
749.4019775390625 257.46148681640625
767.6246337890625 256.35089111328125
596.1629028320312 284.4537658691406
612.489501953125 283.42352294921875
629.1353149414062 282.3509826660156
645.829833984375 281.341064453125
662.8436889648438 280.24884033203125
680.0137329101562 279.2203369140625
697.40478515625 278.1687316894531
714.8383178710938 277.0750427246094
732.5528564453125 276.0082702636719
750.4569702148438 274.88824462890625
768.5027465820312 273.8038024902344
598.5910034179688 300.63836669921875
614.8770751953125 299.6780090332031
631.3307495117188 298.67510986328125
647.9537353515625 297.7503356933594
664.7288208007812 296.7886657714844
681.739501953125 295.8465576171875
698.911376953125 294.90167236328125
716.3665161132812 293.9678955078125
733.7471923828125 293.0531005859375
751.5247802734375 292.07806396484375
769.3795776367188 291.13446044921875
601.1674194335938 316.5755920410156
617.227294921875 315.6551818847656
633.4892578125 314.8084411621094
649.9840698242188 314.0548400878906
666.6386108398438 313.23773193359375
683.4690551757812 312.3614807128906
700.4959716796875 311.47113037109375
717.6392822265625 310.56634521484375
735.0902709960938 309.6678161621094
752.508544921875 308.7857971191406
770.2843017578125 307.91229248046875
603.5443725585938 332.2817687988281
619.5087890625 331.48638916015625
635.6242065429688 330.665283203125
651.9929809570312 329.8927917480469
668.466552734375 329.2626037597656
685.2176513671875 328.4283447265625
702.0162353515625 327.5816345214844
719.0438232421875 326.7987976074219
736.27587890625 326.126953125
753.5552368164062 325.3343200683594
771.048583984375 324.50823974609375
605.9414672851562 347.5576171875
621.7213134765625 346.82012939453125
637.7247314453125 346.27105712890625
653.8788452148438 345.5303039550781
670.3438720703125 344.7863464355469
686.7467041015625 344.2529602050781
703.5060424804688 343.5002136230469
720.3799438476562 342.7254638671875
737.3670654296875 342.1488342285156
754.48486328125 341.4286804199219
771.7440185546875 340.6064147949219
608.320068359375 362.5522155761719
623.93701171875 362.0299377441406
639.7734375 361.4306640625
655.814697265625 360.7780456542969
672.0502319335938 360.3158264160156
688.431640625 359.5899963378906
704.90576171875 359.01318359375
721.6302490234375 358.4354248046875
738.4649047851562 357.7015380859375
755.4683837890625 357.1689758300781
772.5307006835938 356.4732666015625