1 720 1333
386.2568359375 304.8759765625
406.14019775390625 307.2230529785156
426.1985778808594 309.4671936035156
446.2867126464844 311.6719970703125
466.4646301269531 313.9964294433594
486.6678466796875 316.2940979003906
507.07763671875 318.5150451660156
527.4905395507812 320.72235107421875
548.0164794921875 323.0500793457031
568.5813598632812 325.2798156738281
589.405029296875 327.48919677734375
391.7549133300781 319.58056640625
411.2630310058594 321.8198547363281
430.7587585449219 324.1913146972656
450.42657470703125 326.4201965332031
470.1683654785156 328.646484375
489.89935302734375 330.9122314453125
509.72821044921875 333.22235107421875
529.6776123046875 335.4679870605469
549.6931762695312 337.6837158203125
569.8128662109375 339.8680725097656
590.1212768554688 342.2031555175781
397.18988037109375 333.6390075683594
416.1542663574219 335.8760986328125
435.2395935058594 338.2180480957031
454.39007568359375 340.43963623046875
473.62091064453125 342.6461486816406
492.96771240234375 344.9186096191406
512.3504028320312 347.2082824707031
531.7716674804688 349.4483642578125
551.39501953125 351.67388916015625
571.0757446289062 353.9201965332031
590.7265014648438 356.2093811035156
402.2469482421875 347.1285705566406
420.74505615234375 349.3866271972656
439.4605407714844 351.5513000488281
458.24078369140625 353.79388427734375
476.984619140625 356.1117858886719
495.82794189453125 358.35003662109375
514.7733764648438 360.5602722167969
533.8350219726562 362.79168701171875
552.9224243164062 365.10809326171875
572.2274169921875 367.3182678222656
591.4452514648438 369.5124206542969
407.1193542480469 359.880859375
425.2746276855469 362.1777648925781
443.5065612792969 364.3987731933594
461.7963562011719 366.6378173828125
480.2508850097656 368.81927490234375
498.6138916015625 371.15191650390625
517.219482421875 373.37457275390625
535.7482299804688 375.5743103027344
554.5006103515625 377.7975769042969
573.2733764648438 380.0476989746094
592.1543579101562 382.2749328613281
411.6919860839844 372.2229309082031
429.5453796386719 374.44354248046875
447.3891906738281 376.6177978515625
465.33172607421875 378.8179626464844
483.295654296875 381.1285400390625
501.3457946777344 383.3793640136719
519.4456176757812 385.54241943359375
537.6483154296875 387.7623291015625
555.9033203125 390.0747985839844
574.343994140625 392.27288818359375
592.6781616210938 394.44683837890625
416.260986328125 383.9499206542969
433.60015869140625 386.2040710449219
451.1510925292969 388.40545654296875
468.579833984375 390.6067199707031
486.28753662109375 392.77447509765625
503.86181640625 395.029296875
521.6265869140625 397.3197937011719
539.4657592773438 399.46881103515625
557.3843383789062 401.65582275390625
575.3411254882812 403.80975341796875
593.4015502929688 406.06121826171875
420.5240173339844 395.26690673828125
437.5537109375 397.4486999511719
454.6271057128906 399.6171569824219
471.7879638671875 401.817138671875
489.119384765625 404.05548095703125
506.40234375 406.2975769042969
523.7086791992188 408.45965576171875
541.2474365234375 410.6036682128906
558.6641235351562 412.75360107421875
576.359619140625 414.8857421875
593.9099731445312 417.13177490234375