1 720 1333
415.1859436035156 116.42076873779297
436.9796142578125 128.72206115722656
458.375244140625 140.79673767089844
479.34039306640625 152.67364501953125
499.7869873046875 164.34786987304688
519.8739624023438 175.69017028808594
539.5677490234375 186.83328247070312
558.8106079101562 197.73825073242188
577.677978515625 208.44679260253906
596.212890625 218.99571228027344
614.2750244140625 229.28424072265625
404.6781311035156 133.7547149658203
426.868408203125 146.05557250976562
448.63232421875 158.15206909179688
470.0343322753906 169.91871643066406
490.8573303222656 181.5341033935547
511.32525634765625 192.83425903320312
531.3328857421875 203.9647674560547
550.8606567382812 214.7807159423828
570.1064453125 225.46746826171875
588.796142578125 235.83372497558594
607.2365112304688 246.18101501464844
393.9645690917969 151.58053588867188
416.6043395996094 163.81178283691406
438.7471618652344 175.81204223632812
460.48712158203125 187.60739135742188
481.6836242675781 199.18077087402344
502.4945068359375 210.46957397460938
522.8099975585938 221.47885131835938
542.7129516601562 232.30038452148438
562.2941284179688 242.8163604736328
581.34423828125 253.29835510253906
599.9569091796875 263.39410400390625
383.01922607421875 169.88206481933594
406.0669250488281 182.13772583007812
428.6056213378906 194.09397888183594
450.68109130859375 205.75030517578125
472.3591003417969 217.31234741210938
493.4662170410156 228.48074340820312
514.2122192382812 239.48387145996094
534.4328002929688 250.22897338867188
554.284423828125 260.72125244140625
573.6263427734375 270.9712829589844
592.5786743164062 281.1603698730469
371.73162841796875 188.66395568847656
395.282470703125 200.8455047607422
418.2585754394531 212.72305297851562
440.7022399902344 224.4491424560547
462.7106018066406 235.79367065429688
484.3036193847656 247.01722717285156
505.3283996582031 257.902587890625
525.896240234375 268.56488037109375
546.0491943359375 279.01434326171875
565.7135009765625 289.2786560058594
585.0476684570312 299.29180908203125
360.2657775878906 208.076904296875
384.1797790527344 220.14744567871094
407.56329345703125 231.9415283203125
430.4764404296875 243.53640747070312
452.8963623046875 254.8981170654297
474.76373291015625 265.990234375
496.27435302734375 276.8431396484375
517.1942138671875 287.4515380859375
537.6565551757812 297.7611083984375
557.6844482421875 307.91375732421875
577.35546875 317.8980712890625
348.4453430175781 227.8678436279297
372.78265380859375 239.87774658203125
396.6532287597656 251.6420135498047
419.9951477050781 263.248046875
442.8045654296875 274.48150634765625
465.17431640625 285.5252990722656
486.88153076171875 296.27557373046875
508.30810546875 306.7899475097656
529.085693359375 317.0812683105469
549.47265625 327.2000427246094
569.4196166992188 336.9949951171875
336.3459167480469 248.34237670898438
361.1701965332031 260.2957763671875
385.50750732421875 271.92608642578125
409.3004455566406 283.4067077636719
432.52166748046875 294.578369140625
455.2469177246094 305.5287780761719
477.430908203125 316.24755859375
499.1556396484375 326.60015869140625
520.3687133789062 336.8165588378906
541.0294189453125 346.7886962890625
561.3192749023438 356.5672302246094