1 720 1333
464.3512878417969 204.15890502929688
481.68109130859375 215.06382751464844
498.9438781738281 225.8778076171875
515.9299926757812 236.56788635253906
532.719970703125 247.18310546875
549.3994750976562 257.5580749511719
565.8059692382812 267.813720703125
582.1087036132812 278.0465087890625
598.1809692382812 288.1750793457031
614.0851440429688 298.0500183105469
629.8087158203125 307.81976318359375
459.323486328125 217.1326141357422
476.3927001953125 227.7462921142578
493.2420654296875 238.3049774169922
509.8399963378906 248.65447998046875
526.3952026367188 258.936767578125
542.6605224609375 269.1147155761719
558.7564086914062 279.153564453125
574.7096557617188 289.0574035644531
590.5172729492188 298.8518371582031
606.1807861328125 308.536376953125
621.5908203125 318.1300354003906
454.52362060546875 229.55349731445312
471.23919677734375 239.88287353515625
487.6994934082031 250.1697998046875
504.0934753417969 260.2915954589844
520.260009765625 270.3267517089844
536.2533569335938 280.1923828125
552.0955810546875 289.934814453125
567.68359375 299.59686279296875
583.2017822265625 309.2447509765625
598.51513671875 318.5890808105469
613.6865844726562 327.934326171875
449.8694763183594 241.4714813232422
466.32568359375 251.59423828125
482.4735107421875 261.5393371582031
498.50634765625 271.4363098144531
514.3731689453125 281.1953125
530.057861328125 290.7511901855469
545.5470581054688 300.3376159667969
560.9334716796875 309.7311096191406
576.1419677734375 319.14276123046875
591.2320556640625 328.32720947265625
606.1490478515625 337.4343566894531
445.4969787597656 252.96702575683594
461.5431213378906 262.73046875
477.4627380371094 272.5102233886719
493.19287109375 282.1407165527344
508.7187194824219 291.5749816894531
524.1419067382812 301.01165771484375
539.3751831054688 310.3346862792969
554.4400634765625 319.50537109375
569.4093017578125 328.6263427734375
584.210693359375 337.5775451660156
598.8303833007812 346.4991455078125
441.3075866699219 263.9364013671875
457.0175476074219 273.5397644042969
472.5953063964844 282.978271484375
488.03594970703125 292.3968200683594
503.3407897949219 301.6189270019531
518.4638061523438 310.79522705078125
533.4429321289062 319.8545227050781
548.2681274414062 328.8484191894531
562.855224609375 337.7330017089844
577.4536743164062 346.5530090332031
591.8080444335938 355.2531433105469
437.1925048828125 274.5409240722656
452.6186218261719 283.84051513671875
467.9287414550781 293.14569091796875
483.1447448730469 302.3016052246094
498.16290283203125 311.3529052734375
512.915283203125 320.2701721191406
527.6597900390625 329.13897705078125
542.3003540039062 337.8123779296875
556.6553955078125 346.5465087890625
570.95751953125 355.1457824707031
585.1931762695312 363.5824890136719
433.3235778808594 284.7131042480469
448.4624328613281 293.8432922363281
463.5016174316406 302.8271179199219
478.39898681640625 311.744873046875
493.1781921386719 320.5959777832031
507.6827392578125 329.34075927734375
522.230712890625 337.9428405761719
536.5305786132812 346.51873779296875
550.681640625 354.9438781738281
564.775634765625 363.3591003417969
578.6990966796875 371.6028747558594