1 720 1333
352.6692810058594 369.0616760253906
380.1519775390625 367.65020751953125
407.0840148925781 366.41192626953125
433.4656982421875 365.0553894042969
459.3899841308594 363.65472412109375
484.6785583496094 362.40924072265625
509.5979309082031 361.0723876953125
534.0968627929688 359.6698303222656
557.9844970703125 358.4663391113281
581.4920043945312 357.127197265625
604.5670776367188 355.7054748535156
357.4287414550781 384.6711730957031
384.0123596191406 383.3316345214844
410.1369934082031 381.7754211425781
435.6866760253906 380.44818115234375
460.81072998046875 379.0721130371094
485.49774169921875 377.5879211425781
509.6353759765625 376.29425048828125
533.4574584960938 374.79962158203125
556.6956176757812 373.5159606933594
579.6326293945312 372.1492614746094
602.15673828125 370.65045166015625
361.8655700683594 399.5087890625
387.6352233886719 397.98541259765625
412.9654846191406 396.5071105957031
437.8479919433594 395.03546142578125
462.34527587890625 393.54595947265625
486.2957763671875 392.1329040527344
509.72601318359375 390.59918212890625
532.8421020507812 389.2714538574219
555.5850219726562 387.72979736328125
577.8721313476562 386.3700866699219
599.8035888671875 384.807373046875
366.0994873046875 413.49481201171875
391.1636962890625 411.8727111816406
415.6942443847656 410.42950439453125
439.89581298828125 408.7842712402344
463.63299560546875 407.3661804199219
486.9195861816406 405.7340087890625
509.7781982421875 404.3415222167969
532.3927001953125 402.7366027832031
554.488525390625 401.38201904296875
576.2772827148438 399.76611328125
597.6104736328125 398.3765869140625
370.11529541015625 426.65380859375
394.42840576171875 425.1230773925781
418.35797119140625 423.4766845703125
441.8119201660156 421.87005615234375
464.957763671875 420.3674621582031
487.611083984375 418.7264709472656
509.9363708496094 417.30084228515625
531.8605346679688 415.67120361328125
553.4954223632812 414.2669372558594
574.64306640625 412.593017578125
595.5654296875 411.1485595703125
373.877685546875 439.23876953125
397.5360412597656 437.5502624511719
420.78277587890625 435.86444091796875
443.6674499511719 434.3732604980469
466.2339782714844 432.6619567871094
488.36566162109375 431.1472473144531
510.1000671386719 429.52777099609375
531.4926147460938 427.9371643066406
552.5075073242188 426.4585266113281
573.286865234375 424.7521667480469
593.5634155273438 423.2750244140625
377.5071716308594 451.0809326171875
400.4954528808594 449.4462890625
423.22198486328125 447.696044921875
445.44390869140625 446.1739807128906
467.41815185546875 444.48016357421875
488.9078369140625 442.7747802734375
510.2366638183594 441.224609375
531.0120239257812 439.5547790527344
551.5872192382812 437.95928955078125
571.781494140625 436.3904113769531
591.7081298828125 434.67083740234375
380.9051818847656 462.3699951171875
403.3794250488281 460.6022644042969
425.3931579589844 458.9443359375
447.1975402832031 457.3584289550781
468.53350830078125 455.5967712402344
489.5538635253906 453.9338073730469
510.2973937988281 452.3238525390625
530.6488647460938 450.5906677246094
550.6690063476562 448.94598388671875
570.4901733398438 447.3224182128906
589.8872680664062 445.5948181152344