1 720 1333
193.8950958251953 135.25111389160156
223.40628051757812 130.3849639892578
252.3983154296875 125.62744903564453
280.88134765625 121.00808715820312
308.86309814453125 116.52942657470703
336.4285888671875 112.17318725585938
363.49383544921875 107.8724136352539
390.1034851074219 103.70741271972656
416.25592041015625 99.66071319580078
441.87353515625 95.81224822998047
467.1449890136719 92.04718780517578
197.18223571777344 157.59423828125
226.92054748535156 152.50564575195312
256.23931884765625 147.49896240234375
284.98138427734375 142.59046936035156
313.3145751953125 137.81370544433594
341.1347961425781 133.27072143554688
368.4580383300781 128.69927978515625
395.3455810546875 124.32257080078125
421.63104248046875 120.00157165527344
447.5985412597656 115.91357421875
473.0624694824219 111.8990478515625
200.45626831054688 180.5736083984375
230.58299255371094 175.16314697265625
260.173828125 169.83895874023438
289.2641296386719 164.66888427734375
317.8009338378906 159.62969970703125
345.9068908691406 154.75115966796875
373.54974365234375 150.03070068359375
400.6522521972656 145.38331604003906
427.31915283203125 140.75962829589844
453.4784851074219 136.46575927734375
479.177978515625 132.2329559326172
203.8880615234375 204.1302032470703
234.35055541992188 198.3706817626953
264.23480224609375 192.74269104003906
293.5921630859375 187.351318359375
322.5010070800781 182.0633087158203
350.8544006347656 176.83944702148438
378.75604248046875 171.81655883789062
406.2021179199219 166.8782196044922
433.1160888671875 162.11732482910156
459.4727783203125 157.48501586914062
485.39984130859375 153.0331268310547
207.47117614746094 228.24896240234375
238.23072814941406 222.20616149902344
268.4165344238281 216.3279266357422
298.1374206542969 210.52969360351562
327.33319091796875 204.9472198486328
355.9661865234375 199.50985717773438
384.23101806640625 194.18162536621094
411.8208923339844 188.96630859375
438.9763488769531 183.8841094970703
465.6284484863281 179.005126953125
491.7372131347656 174.2893524169922
211.1986846923828 252.9020538330078
242.24234008789062 246.58642578125
272.7490539550781 240.4224090576172
302.7485656738281 234.39804077148438
332.3523864746094 228.46444702148438
361.30023193359375 222.69903564453125
389.73565673828125 217.10142517089844
417.6429443359375 211.5770721435547
445.1405334472656 206.25668334960938
471.98095703125 201.087646484375
498.355224609375 195.99644470214844
214.94451904296875 278.3568115234375
246.38502502441406 271.5998229980469
277.2886657714844 265.1025695800781
307.5994873046875 258.7095642089844
337.4477233886719 252.52117919921875
366.69512939453125 246.47732543945312
395.48284912109375 240.55738830566406
423.66864013671875 234.76602172851562
451.39013671875 229.14553833007812
478.4544372558594 223.63629150390625
505.0483093261719 218.287841796875
218.93325805664062 304.3184509277344
250.66928100585938 297.3324890136719
281.8895568847656 290.3935241699219
312.5909423828125 283.6843566894531
342.7339782714844 277.2139587402344
372.3385009765625 270.8001403808594
401.4147033691406 264.5758972167969
429.8464050292969 258.5149841308594
457.74908447265625 252.56080627441406
485.119140625 246.7244415283203
511.8550720214844 241.14913940429688