1 720 1333
461.5944519042969 148.0182342529297
474.7282409667969 155.64788818359375
488.2509765625 163.45770263671875
501.84027099609375 171.4001007080078
515.8017578125 179.4714813232422
530.1063842773438 187.70079040527344
544.545166015625 196.06723022460938
559.3872680664062 204.61978149414062
574.4288940429688 213.37506103515625
589.809814453125 222.29574584960938
605.5026245117188 231.33287048339844
460.5203552246094 165.36949157714844
473.4938049316406 173.02951049804688
486.6315612792969 180.7927703857422
500.09063720703125 188.71881103515625
513.7161254882812 196.83334350585938
527.6199340820312 205.0778045654297
541.8417358398438 213.5032501220703
556.335205078125 222.09397888183594
571.1178588867188 230.8174591064453
586.1663208007812 239.6461944580078
601.5157470703125 248.72918701171875
459.502685546875 182.0997314453125
472.2789306640625 189.73944091796875
485.13641357421875 197.5408172607422
498.3310852050781 205.5633544921875
511.61578369140625 213.59632873535156
525.3917236328125 221.94744873046875
539.2410278320312 230.3278350830078
553.426513671875 238.91336059570312
567.7931518554688 247.61643981933594
582.5504150390625 256.5044860839844
597.6043090820312 265.5363464355469
458.4766540527344 198.29583740234375
470.922119140625 205.89549255371094
483.61187744140625 213.7965087890625
496.515869140625 221.69557189941406
509.6685485839844 229.86105346679688
523.0531616210938 238.13966369628906
536.6990966796875 246.5830078125
550.5255126953125 255.13941955566406
564.6546630859375 263.7993469238281
579.1930541992188 272.6948547363281
593.7860717773438 281.7042236328125
457.5000915527344 213.8683624267578
469.7263488769531 221.66180419921875
482.22601318359375 229.44012451171875
494.8249206542969 237.45750427246094
507.7254333496094 245.53736877441406
520.908447265625 253.84889221191406
534.2354736328125 262.2611999511719
547.8099365234375 270.731201171875
561.6600952148438 279.5281066894531
575.7977905273438 288.34149169921875
590.3204956054688 297.4279479980469
456.57257080078125 229.15841674804688
468.547119140625 236.71783447265625
480.78125 244.63494873046875
493.27264404296875 252.57693481445312
505.96185302734375 260.7652587890625
518.7095336914062 268.9744567871094
531.8645629882812 277.3890075683594
545.2451782226562 285.9196472167969
558.7572021484375 294.5688171386719
572.6448974609375 303.4761962890625
586.7472534179688 312.43011474609375
455.60394287109375 243.66400146484375
467.50738525390625 251.51710510253906
479.4355163574219 259.297119140625
491.6790771484375 267.3385314941406
504.16046142578125 275.4002380371094
516.7137451171875 283.56292724609375
529.6261596679688 292.0322570800781
542.6652221679688 300.4453125
556.0772094726562 309.2458801269531
569.6270751953125 317.9985656738281
583.530029296875 327.0036315917969
454.7203369140625 258.0259094238281
466.39044189453125 265.61846923828125
478.22271728515625 273.52227783203125
490.2606506347656 281.480712890625
502.4078063964844 289.5293273925781
514.8053588867188 297.7909240722656
527.446533203125 306.0677185058594
540.3843994140625 314.6310729980469
553.4325561523438 323.2829895019531
566.7369384765625 332.0798645019531
580.3911743164062 340.9815368652344