1 720 1333
576.398193359375 234.55935668945312
594.685302734375 232.4023895263672
612.6832885742188 230.25341796875
630.3779907226562 228.13124084472656
647.6760864257812 226.05926513671875
664.6931762695312 224.05502319335938
681.4507446289062 222.14366149902344
697.7674560546875 220.2276611328125
713.8460083007812 218.38720703125
729.6289672851562 216.50552368164062
745.12548828125 214.71380615234375
578.7982177734375 253.64242553710938
597.0487670898438 251.305419921875
614.8392944335938 248.95919799804688
632.42041015625 246.66531372070312
649.6185913085938 244.4742889404297
666.4924926757812 242.36163330078125
683.1204833984375 240.27178955078125
699.3770751953125 238.21470642089844
715.3605346679688 236.1802978515625
730.9800415039062 234.24713134765625
746.3456420898438 232.3157196044922
581.293701171875 272.5131530761719
599.32958984375 269.9244079589844
617.0262451171875 267.5065612792969
634.4334106445312 265.0865783691406
651.4978637695312 262.6487731933594
668.31689453125 260.38629150390625
684.6802978515625 258.11102294921875
700.8176879882812 255.83786010742188
716.6660766601562 253.72930908203125
732.3098754882812 251.60690307617188
747.4891967773438 249.58226013183594
583.6778564453125 291.1499328613281
601.5587768554688 288.4288024902344
619.2075805664062 285.72808837890625
636.4249877929688 283.20025634765625
653.4107666015625 280.64068603515625
669.9917602539062 278.2425231933594
686.3829956054688 275.7507629394531
702.40673828125 273.4308776855469
718.2014770507812 271.1650390625
733.51513671875 268.8714599609375
748.6372680664062 266.6553039550781
586.09228515625 309.4628601074219
603.79736328125 306.5783996582031
621.25146484375 303.78656005859375
638.4134521484375 301.06402587890625
655.2548217773438 298.41815185546875
671.674560546875 295.7796936035156
687.9291381835938 293.2852478027344
703.8589477539062 290.7110290527344
719.5044555664062 288.31341552734375
734.7730712890625 285.8746337890625
749.7525024414062 283.55999755859375
588.494384765625 327.5437927246094
606.06640625 324.5499572753906
623.369384765625 321.6014404296875
640.3431396484375 318.74578857421875
657.0516357421875 315.9018859863281
673.4382934570312 313.2179870605469
689.5422973632812 310.5011901855469
705.3546752929688 307.81463623046875
720.863525390625 305.2874755859375
736.0474243164062 302.7181091308594
751.0415649414062 300.2720642089844
590.7525024414062 345.3964538574219
608.2991333007812 342.2814636230469
625.413330078125 339.2412414550781
642.335693359375 336.210205078125
658.7955322265625 333.2779235839844
675.18115234375 330.3673400878906
691.1477661132812 327.5093078613281
706.7478637695312 324.71337890625
722.2108764648438 322.017822265625
737.33935546875 319.3519592285156
752.0744018554688 316.70587158203125
593.1643676757812 362.9732666015625
610.4558715820312 359.7144470214844
627.4507446289062 356.5272216796875
644.2604370117188 353.4325866699219
660.6173095703125 350.37603759765625
676.715087890625 347.3236389160156
692.595947265625 344.3492736816406
708.2406616210938 341.4184265136719
723.4827880859375 338.54736328125
738.4359741210938 335.7225646972656
753.1940307617188 332.9327697753906