1 720 1333
580.6531982421875 393.76654052734375
593.5902099609375 396.0118408203125
606.700927734375 398.2270202636719
620.2444458007812 400.50408935546875
633.8533325195312 402.7092590332031
647.8192749023438 405.11480712890625
662.094970703125 407.4343566894531
676.602783203125 409.7759094238281
691.4141235351562 412.2698974609375
706.4989624023438 414.715576171875
721.826171875 417.26055908203125
575.7586669921875 407.4277648925781
588.6695556640625 409.6879577636719
601.9635009765625 412.0926208496094
615.4378051757812 414.5125732421875
629.2625732421875 416.9375915527344
643.2672729492188 419.456298828125
657.5665283203125 421.9279479980469
672.1964111328125 424.5084228515625
687.0701293945312 427.1267395019531
702.2709350585938 429.7389831542969
717.7242431640625 432.4490661621094
570.6992797851562 421.21435546875
583.7936401367188 423.6083068847656
597.0447998046875 426.26055908203125
610.6415405273438 428.7078857421875
624.4640502929688 431.3736572265625
638.5836791992188 434.0346984863281
652.9808349609375 436.68865966796875
667.6453857421875 439.46075439453125
682.605712890625 442.21966552734375
697.913818359375 445.05218505859375
713.5004272460938 447.9162902832031
565.674560546875 435.2404479980469
578.7217407226562 437.8212890625
592.1547241210938 440.5259094238281
605.7111206054688 443.28997802734375
619.6290283203125 446.0574035644531
633.7863159179688 448.8172302246094
648.3474731445312 451.7349853515625
663.1200561523438 454.6412353515625
678.1741333007812 457.5823974609375
693.5070190429688 460.6038818359375
709.262939453125 463.66290283203125
560.5161743164062 449.4706726074219
573.64892578125 452.2366638183594
587.1041259765625 455.13629150390625
600.7744750976562 458.0148010253906
614.7250366210938 460.96923828125
629.0630493164062 463.99920654296875
643.5201416015625 467.0239562988281
658.4014282226562 470.1239013671875
673.5414428710938 473.2528381347656
689.0508422851562 476.479736328125
704.7947387695312 479.67498779296875
555.3284912109375 463.9125061035156
568.49951171875 466.8796081542969
581.972412109375 469.91693115234375
595.6826782226562 472.999755859375
609.773681640625 476.1551208496094
624.078857421875 479.3669128417969
638.7048950195312 482.5641174316406
653.6282958984375 485.8094177246094
668.864013671875 489.19708251953125
684.469482421875 492.5882873535156
700.3842163085938 496.10302734375
549.9994506835938 478.63067626953125
563.29345703125 481.7777099609375
576.7484130859375 484.9799499511719
590.6134643554688 488.2730712890625
604.7017822265625 491.5694274902344
619.1654052734375 494.9443359375
633.77734375 498.4085693359375
648.8204956054688 501.8222351074219
664.19140625 505.44073486328125
679.8076782226562 509.05023193359375
695.785888671875 512.6683349609375
544.5659790039062 493.59222412109375
557.8989868164062 496.8919982910156
571.4959106445312 500.3385925292969
585.4292602539062 503.73345947265625
599.563720703125 507.31707763671875
614.0746459960938 510.8238220214844
628.8203125 514.4737548828125
643.8978271484375 518.220703125
659.4126586914062 521.9482421875
675.1657104492188 525.7540893554688
691.2837524414062 529.6787719726562