1 720 1333
632.5855712890625 302.3636169433594
647.7697143554688 299.9293518066406
662.7841186523438 297.6226806640625
677.651611328125 295.37115478515625
692.286376953125 293.02081298828125
706.677734375 290.8109436035156
720.9016723632812 288.60467529296875
734.9752197265625 286.4849853515625
748.7828979492188 284.3241882324219
762.4801635742188 282.2506408691406
775.9338989257812 280.1446838378906
636.491943359375 316.45703125
651.73828125 313.95660400390625
666.89501953125 311.5332336425781
681.7921752929688 309.14398193359375
696.5430908203125 306.71484375
711.0860595703125 304.4083557128906
725.4078979492188 302.11639404296875
739.5049438476562 299.7671203613281
753.4385375976562 297.5295715332031
767.1725463867188 295.3494567871094
780.689208984375 293.2051696777344
640.4458618164062 330.79534912109375
655.8565063476562 328.2516174316406
671.1007690429688 325.64227294921875
686.1258544921875 323.1794738769531
700.8696899414062 320.654052734375
715.5210571289062 318.20867919921875
729.8787841796875 315.744140625
744.1293334960938 313.3883972167969
758.1421508789062 310.9759216308594
771.8812866210938 308.67706298828125
785.497314453125 306.4031982421875
644.5048217773438 345.44256591796875
660.0221557617188 342.6841125488281
675.356689453125 340.01849365234375
690.454345703125 337.4088134765625
705.355224609375 334.7616882324219
720.022705078125 332.23828125
734.4991455078125 329.65240478515625
748.7529296875 327.1910095214844
762.8348388671875 324.6687316894531
776.6932373046875 322.2864074707031
790.412841796875 319.83184814453125
648.5956420898438 360.3451843261719
664.2724609375 357.4647521972656
679.6168212890625 354.6541442871094
694.8204956054688 351.8729248046875
709.8113403320312 349.1987609863281
724.5885620117188 346.4791564941406
739.201416015625 343.7583923339844
753.5301513671875 341.1872863769531
767.6387329101562 338.5534362792969
781.594970703125 336.03564453125
795.3490600585938 333.5050048828125
652.7801513671875 375.4688415527344
668.5128173828125 372.4659118652344
684.0492553710938 369.5369873046875
699.3388671875 366.6147155761719
714.4058227539062 363.7534484863281
729.2730102539062 360.92578125
743.8735961914062 358.1847229003906
758.3450317382812 355.4040832519531
772.5503540039062 352.6669921875
786.5330200195312 350.0208740234375
800.3992309570312 347.4202880859375
657.0899047851562 390.7858581542969
672.8521728515625 387.6722412109375
688.4583740234375 384.60064697265625
703.840087890625 381.58331298828125
719.0068969726562 378.6084899902344
733.9360961914062 375.66571044921875
748.6370239257812 372.75714111328125
763.20361328125 369.84283447265625
777.4689331054688 367.0242614746094
791.549560546875 364.2796325683594
805.40380859375 361.4790954589844
661.4266967773438 406.4325866699219
677.3418579101562 403.19696044921875
692.9913330078125 399.9312744140625
708.4690551757812 396.7674560546875
723.69921875 393.6807861328125
738.676513671875 390.6164855957031
753.5089111328125 387.5521545410156
768.088134765625 384.55450439453125
782.4588012695312 381.5978088378906
796.5477294921875 378.68206787109375
810.5194091796875 375.8117980957031