1 720 1333
513.5645751953125 126.99693298339844
533.3740234375 122.58451080322266
553.45166015625 118.24105834960938
573.7891845703125 113.72439575195312
594.5940551757812 109.29440307617188
615.645751953125 104.70440673828125
637.2255249023438 100.15003204345703
658.8786010742188 95.480224609375
681.0881958007812 90.69635009765625
703.5361328125 86.06192779541016
726.40576171875 81.29058074951172
514.5513305664062 147.03237915039062
534.411376953125 142.76373291015625
554.5978393554688 138.51126098632812
575.2196655273438 134.22775268554688
596.0722045898438 129.7930450439453
617.3446655273438 125.4208984375
638.7792358398438 120.93804168701172
660.70751953125 116.40349578857422
683.0369262695312 111.7818832397461
705.6378784179688 107.2479248046875
728.6541137695312 102.58233642578125
515.5294189453125 167.29026794433594
535.5285034179688 163.1960906982422
555.7498168945312 159.0283660888672
576.45849609375 154.7960662841797
597.475341796875 150.56658935546875
618.7802124023438 146.33665466308594
640.5408935546875 141.92999267578125
662.5909423828125 137.58926391601562
685.0377807617188 133.15072631835938
707.7786254882812 128.6655731201172
730.924072265625 124.19825744628906
516.492431640625 187.68333435058594
536.5585327148438 183.76988220214844
557.0571899414062 179.73834228515625
577.7225341796875 175.68789672851562
598.900146484375 171.59747314453125
620.4207763671875 167.4556427001953
642.322021484375 163.28298950195312
664.4879760742188 158.99130249023438
687.0394287109375 154.67115783691406
709.9754028320312 150.4199676513672
733.3289794921875 146.03659057617188
517.5034790039062 208.4242706298828
537.6480712890625 204.5693359375
558.2583618164062 200.7121124267578
579.1710815429688 196.76626586914062
600.4098510742188 192.81407165527344
622.0260620117188 188.79959106445312
643.9905395507812 184.7565460205078
666.3930053710938 180.6358642578125
689.1219482421875 176.5220184326172
712.22216796875 172.3944854736328
735.6055297851562 168.1946563720703
518.5302124023438 229.3735809326172
538.7249145507812 225.64791870117188
559.4992065429688 221.9138641357422
580.474365234375 218.20521545410156
601.8555908203125 214.36456298828125
623.5780639648438 210.503662109375
645.7271118164062 206.57496643066406
668.3178100585938 202.6023406982422
691.2062377929688 198.58180236816406
714.4159545898438 194.63807678222656
738.0816040039062 190.5725860595703
519.4983520507812 250.50625610351562
539.8826293945312 246.98057556152344
560.6492309570312 243.42222595214844
581.7980346679688 239.72625732421875
603.39697265625 236.12875366210938
625.3221435546875 232.41415405273438
647.5534057617188 228.63742065429688
670.2950439453125 224.8160400390625
693.3045043945312 221.03089904785156
716.66943359375 217.22177124023438
740.4816284179688 213.30673217773438
520.52783203125 271.8382873535156
541.0585327148438 268.51910400390625
561.914794921875 265.09906005859375
583.2577514648438 261.61944580078125
604.842529296875 258.1261901855469
626.8759155273438 254.572021484375
649.4096069335938 250.98573303222656
672.26611328125 247.3752899169922
695.4662475585938 243.67535400390625
719.0087280273438 240.07887268066406
742.9175415039062 236.34095764160156