1 720 1333
585.3078002929688 495.1864318847656
597.451171875 498.1142272949219
609.6321411132812 500.8627014160156
622.291748046875 503.77886962890625
634.9185180664062 506.6706848144531
647.906982421875 509.67071533203125
661.121826171875 512.6514892578125
674.5671997070312 515.6622314453125
688.2081909179688 518.6633911132812
702.12255859375 521.809814453125
716.234130859375 524.9210205078125
578.373046875 503.4101257324219
590.5118408203125 506.3340148925781
603.06640625 509.3409118652344
615.6285400390625 512.3338012695312
628.6580200195312 515.3906860351562
641.71240234375 518.4610595703125
655.243896484375 521.5776977539062
668.7451171875 524.666748046875
682.6669311523438 527.8221435546875
696.732421875 531.1394653320312
711.1837158203125 534.4512939453125
571.1090087890625 511.7908935546875
583.5442504882812 514.8630981445312
596.1162109375 517.979248046875
609.0446166992188 521.1747436523438
621.9906616210938 524.3668212890625
635.4517822265625 527.542724609375
648.97607421875 530.7447509765625
662.8115844726562 534.0536499023438
676.856689453125 537.3912353515625
691.2973022460938 540.776123046875
705.8411254882812 544.244384765625
563.6633911132812 520.5777587890625
576.191162109375 523.7284545898438
588.9957885742188 527.0166625976562
602.0304565429688 530.2952270507812
615.3458251953125 533.5880126953125
628.7319946289062 536.9378051757812
642.626708984375 540.3828125
656.5848999023438 543.7582397460938
670.8923950195312 547.2973022460938
685.5016479492188 550.7930297851562
700.381103515625 554.4984130859375
555.8074340820312 529.6505126953125
568.6123046875 532.9552001953125
581.49951171875 536.3878173828125
594.7579956054688 539.7069702148438
608.249267578125 543.2628784179688
621.9527587890625 546.715576171875
635.8272705078125 550.3372802734375
650.2495727539062 553.8641357421875
664.6661987304688 557.5241088867188
679.5143432617188 561.3465576171875
694.6192626953125 565.1075439453125
547.7650146484375 539.11181640625
560.641845703125 542.5299682617188
573.8051147460938 546.086669921875
587.1878662109375 549.628662109375
600.830322265625 553.2821655273438
614.7723388671875 556.88671875
628.9898681640625 560.6339721679688
643.4259033203125 564.4807739257812
658.2393188476562 568.3048706054688
673.30224609375 572.2451782226562
688.6202392578125 576.2276000976562
539.443603515625 548.822021484375
552.478271484375 552.4844970703125
565.7321166992188 556.188232421875
579.3910522460938 559.8579711914062
593.2277221679688 563.67626953125
607.372314453125 567.5535888671875
621.7445068359375 571.4617919921875
636.4800415039062 575.4411010742188
651.4550170898438 579.4837036132812
666.7537841796875 583.5673828125
682.4188842773438 587.7225341796875
530.6364135742188 559.0767822265625
543.9405517578125 562.7460327148438
557.4376831054688 566.62451171875
571.2134399414062 570.5706787109375
585.2880249023438 574.5540161132812
599.5955810546875 578.6240234375
614.2750854492188 582.7125854492188
629.22216796875 586.8964233398438
644.4345703125 591.1922607421875
659.993408203125 595.5117797851562
675.897705078125 599.8736572265625