1 720 1333
587.07763671875 441.1718444824219
599.701416015625 443.7384948730469
612.5341796875 446.4079284667969
625.67333984375 449.049072265625
639.0289916992188 451.7091979980469
652.6618041992188 454.4757080078125
666.5306396484375 457.23309326171875
680.71826171875 460.0081787109375
695.1791381835938 462.79461669921875
709.8794555664062 465.69537353515625
724.8682250976562 468.6067810058594
580.7708129882812 452.834716796875
593.4982299804688 455.6038818359375
606.4751586914062 458.4481201171875
619.6699829101562 461.2664489746094
633.2230834960938 464.16363525390625
646.9117431640625 466.9891662597656
660.9816284179688 469.8893737792969
675.2910766601562 472.8464660644531
689.8528442382812 475.8456726074219
704.7022705078125 478.8941650390625
719.9199829101562 482.06793212890625
574.322021484375 464.8742980957031
587.1653442382812 467.7888488769531
600.2618408203125 470.73797607421875
613.563232421875 473.7330017089844
627.2022094726562 476.7610778808594
641.091064453125 479.8309631347656
655.259521484375 482.96014404296875
669.6697998046875 486.1343994140625
684.416748046875 489.3125
699.4542846679688 492.5577697753906
714.7955932617188 495.79534912109375
567.626220703125 477.3223571777344
580.5712280273438 480.3948059082031
593.7752685546875 483.47186279296875
607.2951049804688 486.6134338378906
621.0076293945312 489.80877685546875
634.9814453125 493.1167297363281
649.3385009765625 496.4130859375
663.906982421875 499.6939392089844
678.7822875976562 503.1153869628906
694.0113525390625 506.5513610839844
709.5470581054688 510.10333251953125
560.8160400390625 489.9961242675781
573.8549194335938 493.2527770996094
587.2263793945312 496.5361633300781
600.7977294921875 499.8185729980469
614.6430053710938 503.2807312011719
628.7660522460938 506.66461181640625
643.251708984375 510.22088623046875
657.990966796875 513.6640625
673.0574951171875 517.31591796875
688.4366455078125 520.9533081054688
704.1466064453125 524.6494750976562
553.8218383789062 503.1112976074219
567.0132446289062 506.4810485839844
580.4546508789062 509.94696044921875
594.183349609375 513.48046875
608.1673583984375 517.074462890625
622.4161987304688 520.6591796875
636.9956665039062 524.4034423828125
651.8759155273438 528.165283203125
667.1629028320312 531.9409790039062
682.6239624023438 535.7631225585938
698.533447265625 539.7390747070312
546.6415405273438 516.5062255859375
559.9386596679688 520.0809936523438
573.4739990234375 523.7086791992188
587.3381958007812 527.4696044921875
601.4169921875 531.2948608398438
615.8095703125 535.0997314453125
630.57470703125 538.98095703125
645.6051635742188 542.9696044921875
661.0169677734375 547.0057373046875
676.6918334960938 551.1619873046875
692.7245483398438 555.33984375
539.3111572265625 530.322509765625
552.6317138671875 534.079833984375
566.3646240234375 537.90869140625
580.3170166015625 541.8319702148438
594.5487060546875 545.8046264648438
609.1244506835938 549.8905639648438
623.9628295898438 554.0799560546875
639.193603515625 558.328369140625
654.708984375 562.541259765625
670.60693359375 566.8934326171875
686.832275390625 571.3753051757812