1 720 1333
628.3856811523438 172.4452362060547
648.3343505859375 167.0447235107422
667.524169921875 161.82647705078125
686.18310546875 156.83901977539062
704.2501220703125 152.1367950439453
721.621337890625 147.49462890625
738.5377807617188 143.0105743408203
754.8692016601562 138.6513214111328
770.701904296875 134.48277282714844
786.14697265625 130.44296264648438
800.9066772460938 126.54917907714844
637.4072875976562 194.8725128173828
657.1781005859375 189.19789123535156
676.258056640625 183.61215209960938
694.6494140625 178.36199951171875
712.5677490234375 173.23150634765625
729.7738647460938 168.29563903808594
746.5637817382812 163.47996520996094
762.681396484375 158.78346252441406
778.5224609375 154.3648223876953
793.6148071289062 149.9969024658203
808.4161987304688 145.74266052246094
646.4276733398438 217.32322692871094
666.0060424804688 211.21640014648438
684.8564453125 205.3749542236328
703.221923828125 199.61289978027344
720.8458251953125 194.24365234375
737.9744873046875 188.90907287597656
754.5211791992188 183.7794952392578
770.6278076171875 178.86585998535156
786.234130859375 174.0467071533203
801.2719116210938 169.46925354003906
815.7808227539062 165.02886962890625
655.4365234375 239.62261962890625
674.7704467773438 233.2295684814453
693.5374145507812 226.92669677734375
711.6082153320312 220.97193908691406
729.243408203125 215.17967224121094
746.1390991210938 209.56326293945312
762.5835571289062 204.1964874267578
778.4598388671875 198.85952758789062
793.8781127929688 193.7867889404297
808.7249755859375 188.8901824951172
823.2606201171875 184.16041564941406
664.39453125 261.8188781738281
683.5977783203125 255.1063995361328
702.1871948242188 248.4967803955078
720.1621704101562 242.159423828125
737.4793701171875 236.04896545410156
754.3075561523438 230.15225219726562
770.53173828125 224.40480041503906
786.3151245117188 218.83544921875
801.5502319335938 213.45347595214844
816.3190307617188 208.31394958496094
830.6121826171875 203.2855224609375
673.40087890625 284.1042175292969
692.4060668945312 276.84954833984375
710.7172241210938 270.009033203125
728.5582885742188 263.3467712402344
745.6878051757812 256.832763671875
762.3673095703125 250.63514709472656
778.4853515625 244.581787109375
794.0510864257812 238.69692993164062
809.228759765625 233.09503173828125
823.72900390625 227.57931518554688
837.9404296875 222.32582092285156
682.3515625 306.21307373046875
701.1626586914062 298.62530517578125
719.4005737304688 291.41259765625
736.9086303710938 284.3966979980469
753.94140625 277.61669921875
770.40185546875 271.1093444824219
786.342041015625 264.6959533691406
801.71142578125 258.59844970703125
816.69287109375 252.6046142578125
831.1734008789062 246.8664093017578
845.2734375 241.29855346679688
691.2631225585938 328.27490234375
709.88330078125 320.3799133300781
727.8213500976562 312.72235107421875
745.3602905273438 305.4154968261719
762.1812133789062 298.3192443847656
778.4425659179688 291.4447021484375
794.142333984375 284.7770080566406
809.4497680664062 278.3623046875
824.21533203125 272.158935546875
838.4998168945312 266.0923156738281
852.3760986328125 260.257080078125