1 720 1333
579.7093505859375 347.71014404296875
594.935302734375 348.3576354980469
610.2978515625 348.76593017578125
625.5985717773438 349.4287414550781
641.1209106445312 349.9161682128906
656.6229858398438 350.52435302734375
672.3243408203125 351.1303405761719
687.9420776367188 351.6091613769531
703.6858520507812 352.26824951171875
719.570556640625 352.70355224609375
735.4639282226562 353.36676025390625
578.5228271484375 362.84722900390625
593.7291870117188 363.4994812011719
609.1954956054688 364.15594482421875
624.5360107421875 364.6269836425781
640.16748046875 365.3327331542969
655.64990234375 365.8066101074219
671.444580078125 366.48309326171875
687.2476196289062 367.11376953125
703.0994873046875 367.6458740234375
718.9374389648438 368.3339538574219
734.8831176757812 368.82427978515625
577.30517578125 378.2926025390625
592.5574340820312 378.76708984375
607.977294921875 379.4891662597656
623.504150390625 380.1704406738281
639.1287841796875 380.67449951171875
654.7488403320312 381.4255065917969
670.5272216796875 382.03948974609375
686.4496459960938 382.6103515625
702.3878784179688 383.3258056640625
718.3876953125 383.8587646484375
734.3773803710938 384.5413818359375
575.970458984375 393.59759521484375
591.3931274414062 394.376708984375
606.800537109375 394.9962463378906
622.4385375976562 395.6292724609375
638.1637573242188 396.4085998535156
653.8250732421875 397.0848083496094
669.6599731445312 397.6694030761719
685.5760498046875 398.4363708496094
701.5902099609375 399.10791015625
717.6207275390625 399.6461181640625
733.7208251953125 400.4416809082031
574.6768188476562 409.230712890625
590.21240234375 409.8312683105469
605.659423828125 410.56927490234375
621.3906860351562 411.3976135253906
637.1492919921875 412.1711730957031
652.8699951171875 412.7880859375
668.7625122070312 413.5397033691406
684.7391357421875 414.3287658691406
700.8170776367188 414.9283752441406
716.9852905273438 415.63641357421875
733.2252807617188 416.42041015625
573.458251953125 424.839111328125
588.9124755859375 425.6388854980469
604.5468139648438 426.4700622558594
620.34423828125 427.26324462890625
636.1210327148438 427.9694519042969
651.9367065429688 428.7077331542969
667.8778076171875 429.5205078125
684.0005493164062 430.349609375
700.1744995117188 431.0367431640625
716.3878173828125 431.6784973144531
732.530029296875 432.5005187988281
572.2227783203125 440.6494140625
587.6865234375 441.52362060546875
603.43505859375 442.3952331542969
619.2509155273438 443.2199401855469
635.1044921875 443.9809875488281
651.0044555664062 444.74462890625
667.0573120117188 445.59197998046875
683.240966796875 446.4077453613281
699.3989868164062 447.2316589355469
715.6072998046875 447.98919677734375
731.9122314453125 448.72601318359375
570.8427124023438 456.6648254394531
586.5233764648438 457.53216552734375
602.3024291992188 458.4319152832031
618.17529296875 459.3067626953125
634.0360717773438 460.19769287109375
650.0745849609375 461.0170593261719
666.203125 461.7594909667969
682.398681640625 462.6350402832031
698.55908203125 463.5454406738281
714.956298828125 464.4038391113281
731.357666015625 465.2249755859375