1 720 1333
589.4359741210938 463.3112487792969
601.9852905273438 465.69610595703125
614.6210327148438 468.1785583496094
627.6173095703125 470.65045166015625
640.738525390625 473.19091796875
654.2642211914062 475.71234130859375
667.8245849609375 478.28765869140625
681.76171875 480.8097839355469
695.8983154296875 483.45562744140625
710.3534545898438 486.17889404296875
724.9404907226562 488.7779235839844
583.4845581054688 474.60498046875
596.0922241210938 477.1826171875
608.9110107421875 479.7305908203125
622.024169921875 482.3721618652344
635.336669921875 485.0729064941406
648.8482055664062 487.6760559082031
662.6844482421875 490.42852783203125
676.7151489257812 493.1865234375
691.11376953125 495.9014587402344
705.6199340820312 498.735595703125
720.4920043945312 501.6044006347656
577.3220825195312 486.234619140625
590.095947265625 488.8466491699219
603.0176391601562 491.61260986328125
616.2789306640625 494.43212890625
629.6778564453125 497.2261962890625
643.4186401367188 500.0900573730469
657.3836059570312 502.94091796875
671.6041259765625 505.7848815917969
686.0883178710938 508.7309265136719
700.8320922851562 511.72393798828125
715.822265625 514.73779296875
570.974609375 498.1529846191406
583.8186645507812 500.9402160644531
596.9566040039062 503.81829833984375
610.3148193359375 506.7545471191406
623.8964233398438 509.7265625
637.718505859375 512.698974609375
651.881103515625 515.7595825195312
666.2825317382812 518.8760986328125
680.901123046875 521.9573974609375
695.807861328125 525.2135620117188
711.1103515625 528.4182739257812
564.4749145507812 510.41943359375
577.4808959960938 513.4189453125
590.66455078125 516.4574584960938
604.2354736328125 519.5392456054688
617.9417114257812 522.64501953125
631.920654296875 525.8330078125
646.2691040039062 529.1094970703125
660.7500610351562 532.3306274414062
675.5739135742188 535.576171875
690.7172241210938 538.9879150390625
706.1893310546875 542.4406127929688
557.75830078125 523.05859375
570.8797607421875 526.2343139648438
584.2864379882812 529.4332885742188
597.8614501953125 532.6473999023438
611.7847900390625 535.9744262695312
625.9571533203125 539.3633422851562
640.4307250976562 542.7327270507812
655.1466064453125 546.220458984375
670.1668090820312 549.65234375
685.445556640625 553.29638671875
701.0973510742188 556.8577880859375
550.832763671875 536.10302734375
564.1563110351562 539.4202270507812
577.6400756835938 542.7235107421875
591.4257202148438 546.268310546875
605.4744873046875 549.68603515625
619.7527465820312 553.2828369140625
634.4095458984375 556.8563232421875
649.3226928710938 560.5238647460938
664.4869384765625 564.2481079101562
680.0192260742188 568.016845703125
695.7897338867188 571.8203735351562
543.7365112304688 549.456787109375
557.1572875976562 552.9806518554688
570.7890625 556.5252685546875
584.715576171875 560.1906127929688
598.9212036132812 563.86328125
613.4326782226562 567.6121215820312
628.235595703125 571.46142578125
643.318359375 575.3602905273438
658.6456298828125 579.2894897460938
674.3831176757812 583.3242797851562
690.3899536132812 587.392333984375