1 720 1333
515.0851440429688 229.53018188476562
530.1632080078125 227.53045654296875
545.5079345703125 225.5350799560547
561.2327270507812 223.5098876953125
577.2650146484375 221.44691467285156
593.5570068359375 219.37591552734375
610.2833862304688 217.19467163085938
627.30517578125 215.0210723876953
644.58349609375 212.7806396484375
662.3758544921875 210.5713348388672
680.4411010742188 208.37486267089844
517.6043701171875 247.07830810546875
532.6090087890625 245.2911376953125
547.9548950195312 243.4455108642578
563.584228515625 241.5615234375
579.55078125 239.64071655273438
595.75830078125 237.72940063476562
612.4356689453125 235.77406311035156
629.3944702148438 233.77947998046875
646.6400146484375 231.79820251464844
664.3507080078125 229.77418518066406
682.3463745117188 227.685302734375
520.1351318359375 264.42205810546875
535.1094970703125 262.7389831542969
550.37646484375 261.1729431152344
565.90576171875 259.4821472167969
581.7852172851562 257.7301330566406
598.0562133789062 256.0402526855469
614.569091796875 254.298828125
631.4838256835938 252.4737548828125
648.6375122070312 250.6317901611328
666.3012084960938 248.77638244628906
684.263427734375 246.97544860839844
522.6015625 281.6163330078125
537.5090942382812 280.2470703125
552.7113647460938 278.66705322265625
568.28076171875 277.2439880371094
584.0867309570312 275.6512756347656
600.2518920898438 274.18817138671875
616.6845092773438 272.5236511230469
633.52392578125 270.9312744140625
650.65185546875 269.37811279296875
668.2667236328125 267.65087890625
686.1548461914062 266.0252990722656
525.0969848632812 298.67095947265625
539.9064331054688 297.4358825683594
555.1044311523438 296.1451416015625
570.5315551757812 294.7311096191406
586.347900390625 293.44732666015625
602.4104614257812 292.072998046875
618.7699584960938 290.6286926269531
635.5797729492188 289.3077392578125
652.6392822265625 287.7478942871094
670.1964721679688 286.3888854980469
687.898681640625 284.8476867675781
527.5533447265625 315.5653381347656
542.3425903320312 314.5087890625
557.4259643554688 313.3981628417969
572.768798828125 312.2431945800781
588.5443725585938 311.01434326171875
604.5411987304688 309.77099609375
620.9194946289062 308.5784606933594
637.5888671875 307.4256896972656
654.6427612304688 306.19232177734375
672.0744018554688 304.809326171875
689.7509765625 303.5665283203125
529.949462890625 332.3997497558594
544.6694946289062 331.42669677734375
559.7020263671875 330.4590148925781
575.162353515625 329.45745849609375
590.6748046875 328.46240234375
606.701171875 327.4660949707031
623.0274047851562 326.4271545410156
639.6500244140625 325.38134765625
656.6080322265625 324.332763671875
673.970703125 323.2618103027344
691.5859375 322.1423034667969
532.3991088867188 348.866943359375
547.06396484375 348.230224609375
562.0575561523438 347.38470458984375
577.3562622070312 346.52642822265625
592.9369506835938 345.6712341308594
608.8017578125 344.8009338378906
625.1417846679688 343.9896545410156
641.6712036132812 343.18841552734375
658.5852661132812 342.2999572753906
675.7919311523438 341.37481689453125
693.4575805664062 340.44720458984375