1 720 1333
585.1375732421875 468.171875
597.7911987304688 470.3655090332031
610.62841796875 472.5329895019531
623.7810668945312 474.73590087890625
637.1189575195312 477.0176696777344
650.632568359375 479.288330078125
664.3989868164062 481.5476989746094
678.3904418945312 483.81756591796875
692.5404052734375 486.2060241699219
706.9746704101562 488.5533447265625
721.596923828125 490.8901672363281
579.4801635742188 479.271484375
592.2395629882812 481.4937438964844
605.3395385742188 483.77325439453125
618.525634765625 486.1568908691406
632.0671997070312 488.5043029785156
645.66015625 490.8403015136719
659.627197265625 493.32757568359375
673.7569580078125 495.6906433105469
688.2137451171875 498.23614501953125
702.7506103515625 500.6744384765625
717.6170043945312 503.27978515625
573.5484619140625 490.5455627441406
586.5525512695312 492.89642333984375
599.686279296875 495.3873596191406
613.194091796875 497.81658935546875
626.7376098632812 500.35333251953125
640.6389770507812 502.83984375
654.70556640625 505.40533447265625
669.0731201171875 507.9818115234375
683.6315307617188 510.56402587890625
698.4866333007812 513.27490234375
713.5165405273438 515.89013671875
567.5304565429688 502.23809814453125
580.613037109375 504.71405029296875
594.0087890625 507.3394470214844
607.527587890625 509.88665771484375
621.4147338867188 512.5510864257812
635.3993530273438 515.2425537109375
649.6603393554688 517.8656616210938
664.2218627929688 520.6287231445312
678.9524536132812 523.3807983398438
693.9790649414062 526.2022094726562
709.303466796875 529.0770874023438
561.3131103515625 514.2828369140625
574.5820922851562 516.8670654296875
588.109375 519.5999755859375
601.7887573242188 522.3668212890625
615.7504272460938 525.1563110351562
629.9891357421875 527.9100341796875
644.4420166015625 530.7510375976562
659.2086791992188 533.64794921875
674.1630859375 536.5692749023438
689.3989868164062 539.5578002929688
704.8294677734375 542.5552978515625
554.8561401367188 526.630615234375
568.3313598632812 529.4610595703125
581.9281616210938 532.3289184570312
595.8309326171875 535.1947021484375
610.01416015625 538.174072265625
624.4107055664062 541.1331787109375
639.068603515625 544.1483764648438
653.9738159179688 547.1854858398438
669.1764526367188 550.2935180664062
684.5721435546875 553.41357421875
700.345458984375 556.6039428710938
548.248779296875 539.4710693359375
561.7993774414062 542.3936767578125
575.6063232421875 545.4052734375
589.6832275390625 548.4547119140625
604.07763671875 551.5469970703125
618.6279907226562 554.6718139648438
633.4789428710938 557.8723754882812
648.6029663085938 561.1627807617188
663.99169921875 564.4048461914062
679.634033203125 567.7088012695312
695.606689453125 571.147705078125
541.3972778320312 552.6414794921875
555.1240844726562 555.7380981445312
569.1472778320312 558.9020385742188
583.3704223632812 562.1878662109375
597.8486938476562 565.4429931640625
612.6344604492188 568.7105102539062
627.70654296875 572.1438598632812
643.0501098632812 575.5459594726562
658.6339721679688 579.0359497070312
674.565185546875 582.5802001953125
690.7272338867188 586.2222900390625