1 720 1333
528.270751953125 253.0701141357422
539.8392333984375 256.5644226074219
551.7991943359375 260.2616882324219
564.199462890625 264.0267028808594
576.8883056640625 267.8244323730469
590.12109375 271.8325500488281
603.630615234375 275.9675598144531
617.6343994140625 280.2801513671875
632.2293701171875 284.65966796875
647.2020874023438 289.2771911621094
662.7293701171875 293.9665222167969
525.87646484375 269.8172302246094
537.369384765625 273.59295654296875
549.2333374023438 277.47113037109375
561.4374389648438 281.4649353027344
574.0416870117188 285.5892028808594
587.06005859375 289.79559326171875
600.4571533203125 294.2542724609375
614.3705444335938 298.7291564941406
628.6515502929688 303.45599365234375
643.5216674804688 308.3268127441406
658.8538818359375 313.3518371582031
523.484130859375 286.4190368652344
534.8236694335938 290.4098815917969
546.5640258789062 294.4762878417969
558.671142578125 298.6829833984375
571.1596069335938 303.0674133300781
584.0670776367188 307.5671691894531
597.3212280273438 312.2278137207031
611.0623168945312 316.98907470703125
625.219482421875 321.9131774902344
639.8893432617188 327.1257629394531
655.0928344726562 332.40435791015625
521.2210083007812 302.7737731933594
532.4281005859375 307.0003967285156
544.0337524414062 311.3217468261719
555.9588012695312 315.7323303222656
568.3578491210938 320.36370849609375
581.0199584960938 325.07440185546875
594.2740478515625 329.9513854980469
607.7539672851562 334.99749755859375
621.7515258789062 340.24908447265625
636.3543090820312 345.5958557128906
651.3756713867188 351.2345886230469
518.8043823242188 318.8888244628906
530.0234375 323.3992614746094
541.4720458984375 327.85247802734375
553.3832397460938 332.5641784667969
565.5149536132812 337.38153076171875
578.1773071289062 342.3452453613281
591.1837158203125 347.4751281738281
604.5958251953125 352.74798583984375
618.4330444335938 358.2461242675781
632.8179321289062 363.8548278808594
647.658447265625 369.6788635253906
516.6170043945312 334.91534423828125
527.5554809570312 339.5153503417969
538.987548828125 344.2977294921875
550.6355590820312 349.1710510253906
562.7869262695312 354.2144775390625
575.2682495117188 359.3906555175781
588.2291259765625 364.7320861816406
601.444580078125 370.28082275390625
615.232666015625 376.0290832519531
629.3713989257812 381.82720947265625
644.1165161132812 387.93365478515625
514.3687744140625 350.6266174316406
525.2945556640625 355.4623107910156
536.50390625 360.4053955078125
548.2025756835938 365.50140380859375
560.1349487304688 370.7436218261719
572.4628295898438 376.2063903808594
585.2714233398438 381.7245178222656
598.4199829101562 387.5419006347656
611.91796875 393.4548645019531
626.0341186523438 399.5630187988281
640.5078735351562 405.8579406738281
512.1002197265625 366.2479553222656
522.8811645507812 371.23333740234375
534.1270141601562 376.3885803222656
545.5974731445312 381.63983154296875
557.4816284179688 387.1370544433594
569.686767578125 392.6953125
582.3842163085938 398.5246276855469
595.40283203125 404.49041748046875
608.8182373046875 410.6395568847656
622.7213134765625 416.9815673828125
637.1142578125 423.52606201171875