1 720 1333
589.1990356445312 482.6525573730469
601.82763671875 485.2493896484375
614.4033203125 487.6862487792969
627.388427734375 490.2613525390625
640.3859252929688 492.7210388183594
653.663818359375 495.3537902832031
667.1664428710938 497.8631286621094
680.8670654296875 500.47784423828125
694.705810546875 503.04522705078125
708.8935546875 505.683349609375
723.2485961914062 508.38525390625
583.1070556640625 491.6574401855469
595.6123657226562 494.32647705078125
608.642333984375 496.89813232421875
621.5947265625 499.57086181640625
634.9288330078125 502.2971496582031
648.3836059570312 504.9326477050781
662.1094970703125 507.66021728515625
675.9456787109375 510.3918762207031
690.1636352539062 513.1321411132812
704.4298095703125 515.8822631835938
719.0681762695312 518.6939697265625
576.6083984375 500.9702453613281
589.5088500976562 503.6705627441406
602.4782104492188 506.5044860839844
615.7611694335938 509.2961730957031
629.2286376953125 512.1367797851562
642.8969116210938 514.901611328125
656.7285766601562 517.7625732421875
670.9299926757812 520.6376342773438
685.2755737304688 523.5225219726562
699.8284301757812 526.4932861328125
714.6174926757812 529.428955078125
570.0589599609375 510.62005615234375
582.9880981445312 513.5298461914062
596.2841796875 516.4287719726562
609.6160888671875 519.376953125
623.368896484375 522.3379516601562
637.1954956054688 525.34375
651.3460693359375 528.3363647460938
665.635498046875 531.32470703125
680.2753295898438 534.371826171875
695.0654296875 537.467529296875
710.1559448242188 540.6148681640625
563.18408203125 520.6312866210938
576.3427124023438 523.62939453125
589.698974609375 526.67431640625
603.386962890625 529.7628784179688
617.2466430664062 532.90478515625
631.3438110351562 536.06201171875
645.5918579101562 539.2151489257812
660.2510375976562 542.3906860351562
675.0239868164062 545.5404052734375
690.1494750976562 548.83837890625
705.4114990234375 552.2264404296875
555.9739379882812 531.096923828125
569.3812866210938 534.2711791992188
582.9471435546875 537.4100952148438
596.772705078125 540.617919921875
610.8699951171875 543.86865234375
625.1787719726562 547.2540283203125
639.7291259765625 550.5204467773438
654.5230712890625 553.8515625
669.5859375 557.2792358398438
684.8983764648438 560.6907348632812
700.499755859375 564.2658081054688
548.5918579101562 541.8613891601562
562.1956176757812 545.2005615234375
575.9615478515625 548.5095825195312
590.0042724609375 551.8814086914062
604.3013916015625 555.3666381835938
618.7913208007812 558.7709350585938
633.5975341796875 562.3469848632812
648.6478271484375 565.8333129882812
663.9337158203125 569.437255859375
679.5314331054688 573.1473388671875
695.4404907226562 576.74951171875
540.879150390625 553.1028442382812
554.6406860351562 556.5372924804688
568.638427734375 560.0687255859375
582.9066772460938 563.6051635742188
597.4508666992188 567.2788696289062
612.249267578125 570.8648071289062
627.278564453125 574.5956420898438
642.5214233398438 578.39208984375
658.1285400390625 582.1918334960938
673.965576171875 586.0206298828125
690.1552734375 589.923095703125