1 720 1333
507.4314270019531 258.03936767578125
523.2308349609375 257.6676025390625
539.2551879882812 257.47711181640625
555.5782470703125 257.252197265625
572.328857421875 256.8610534667969
589.3959350585938 256.5859375
606.6885375976562 256.3945007324219
624.4822998046875 256.1209716796875
642.5243530273438 255.72962951660156
661.0650634765625 255.53970336914062
679.7982788085938 255.4047393798828
505.5601806640625 275.59075927734375
521.3404541015625 275.4981994628906
537.4368286132812 275.42425537109375
553.7501831054688 275.3553771972656
570.551513671875 275.2234802246094
587.5955200195312 275.11663818359375
605.104736328125 274.9251403808594
622.7637939453125 274.7671813964844
640.9471435546875 274.70086669921875
659.4647827148438 274.6475524902344
678.4407958984375 274.62139892578125
503.6815490722656 293.35943603515625
519.45654296875 293.4026184082031
535.5618896484375 293.4458923339844
552.0586547851562 293.4696960449219
568.7293090820312 293.526611328125
585.8631591796875 293.5847473144531
603.3797607421875 293.6571960449219
621.2438354492188 293.7057800292969
639.3516845703125 293.81005859375
657.9050903320312 293.98455810546875
676.830322265625 294.19683837890625
501.7491149902344 311.2217102050781
517.601318359375 311.402099609375
533.7062377929688 311.5658264160156
550.2472534179688 311.76422119140625
567.0313720703125 312.1059875488281
584.1896362304688 312.3782653808594
601.6151733398438 312.5598449707031
619.48828125 312.767578125
637.6912841796875 313.1932067871094
656.39306640625 313.47296142578125
675.3997192382812 313.71551513671875
499.9205017089844 329.088134765625
515.6817626953125 329.46417236328125
531.8707885742188 329.8118591308594
548.399169921875 330.3454895019531
565.2723388671875 330.646240234375
582.4074096679688 331.2459716796875
599.8986206054688 331.5794677734375
617.7792358398438 332.1197814941406
636.1441650390625 332.55010986328125
654.7339477539062 333.0869445800781
673.7904663085938 333.5768737792969
498.00250244140625 347.1731872558594
513.83642578125 347.63507080078125
530.0651245117188 348.35107421875
546.5496215820312 348.8423767089844
563.453125 349.49481201171875
580.6011962890625 350.1615295410156
598.25927734375 350.7145690917969
616.2168579101562 351.46124267578125
634.4794921875 352.1881408691406
653.2738037109375 352.7554931640625
672.3668212890625 353.5211486816406
496.1846618652344 365.3285827636719
512.001708984375 365.9599609375
528.282958984375 366.72357177734375
544.6992797851562 367.558349609375
561.6393432617188 368.4094543457031
578.8471069335938 369.2500915527344
596.5314331054688 370.0746154785156
614.5158081054688 370.916015625
632.8281860351562 371.7191162109375
651.5892944335938 372.6634216308594
670.71923828125 373.61016845703125
494.26019287109375 383.4838562011719
510.1548767089844 384.4447021484375
526.3961791992188 385.4073791503906
542.9345703125 386.4223937988281
559.8206176757812 387.405517578125
577.212158203125 388.4343566894531
594.7678833007812 389.46136474609375
612.8263549804688 390.4986877441406
631.3228149414062 391.590576171875
650.1148071289062 392.6524353027344
669.3329467773438 393.77752685546875