1 720 1333
524.139892578125 248.34725952148438
543.6961669921875 245.83184814453125
562.9981689453125 243.4728546142578
581.9512939453125 241.15538024902344
600.5530395507812 238.78839111328125
618.8059692382812 236.55804443359375
636.74462890625 234.41322326660156
654.4988403320312 232.2729034423828
671.80908203125 230.17694091796875
688.8468627929688 228.12234497070312
705.55517578125 226.1150665283203
526.4955444335938 267.51220703125
545.8031005859375 264.9034729003906
564.8433227539062 262.4186096191406
583.5541381835938 259.8065185546875
601.9789428710938 257.4537658691406
620.0507202148438 255.08969116210938
637.7373046875 252.6591796875
655.293701171875 250.43817138671875
672.4468994140625 248.2573699951172
689.2739868164062 246.01942443847656
705.7230834960938 243.85418701171875
528.8460693359375 286.2516784667969
547.9403076171875 283.5229187011719
566.6757202148438 280.7786560058594
585.2536010742188 278.24053955078125
603.39013671875 275.6087341308594
621.227294921875 273.1285705566406
638.6763305664062 270.6173400878906
655.9483032226562 268.2311706542969
672.9434814453125 265.8232116699219
689.5655517578125 263.55377197265625
705.8829345703125 261.3177490234375
531.216796875 304.494140625
550.0357055664062 301.6295471191406
568.5247802734375 298.8031311035156
586.7429809570312 296.1028137207031
604.6209106445312 293.42657470703125
622.365234375 290.7059631347656
639.587890625 288.2078857421875
656.6503295898438 285.6309814453125
673.4796142578125 283.19598388671875
689.8851318359375 280.6888427734375
706.1262817382812 278.3781433105469
533.4754028320312 322.3487243652344
552.044189453125 319.3704833984375
570.377197265625 316.4219665527344
588.3242797851562 313.56060791015625
606.034912109375 310.7146301269531
623.4368896484375 308.0353698730469
640.5736694335938 305.3127746582031
657.4447631835938 302.6539611816406
673.9947509765625 300.1064147949219
690.3162231445312 297.5138244628906
706.35693359375 294.9956359863281
535.6728515625 339.69976806640625
554.0521850585938 336.6236877441406
572.073486328125 333.61956787109375
589.7797241210938 330.63140869140625
607.3359375 327.7428894042969
624.516357421875 324.8929138183594
641.4617309570312 322.10333251953125
658.1868896484375 319.3565673828125
674.5020751953125 316.61761474609375
690.5842895507812 313.9128723144531
706.44287109375 311.3622741699219
537.8497924804688 356.6900634765625
555.9721069335938 353.5382385253906
573.756103515625 350.4403076171875
591.34765625 347.3901672363281
608.5931396484375 344.36236572265625
625.5797729492188 341.4002990722656
642.3900146484375 338.4721984863281
658.7192993164062 335.59918212890625
674.9969482421875 332.7782287597656
690.8756713867188 329.9942626953125
706.561767578125 327.314453125
540.0478515625 373.3240966796875
557.8784790039062 370.0607604980469
575.4758911132812 366.8342590332031
592.7549438476562 363.6679992675781
609.7991943359375 360.5549621582031
626.6300048828125 357.4986267089844
643.2492065429688 354.4959411621094
659.4517211914062 351.52337646484375
675.4586181640625 348.58465576171875
691.2507934570312 345.7119445800781
706.5992431640625 342.8631591796875