1 720 1333
788.5142822265625 45.40311813354492
783.3328857421875 69.05546569824219
778.2352294921875 92.47710418701172
773.1333618164062 115.651611328125
768.061279296875 138.59703063964844
763.0911865234375 161.28140258789062
758.1912231445312 183.60427856445312
753.3511962890625 205.68862915039062
748.5078735351562 227.5238800048828
743.732421875 249.07373046875
739.119140625 270.3782958984375
766.2928466796875 40.52100372314453
761.2833251953125 64.30298614501953
756.2511596679688 87.7447509765625
751.303955078125 111.02062225341797
746.370361328125 134.01144409179688
741.5048828125 156.6428985595703
736.6929321289062 179.1361541748047
731.9711303710938 201.29452514648438
727.3633422851562 223.15576171875
722.6908569335938 244.7247314453125
718.165771484375 266.12884521484375
744.0243530273438 35.65578842163086
739.1016235351562 59.474090576171875
734.2525024414062 83.03427124023438
729.3651733398438 106.39124298095703
724.5704956054688 129.37815856933594
719.8622436523438 152.1792449951172
715.2374877929688 174.577880859375
710.6217041015625 196.76626586914062
706.1116943359375 218.71556091308594
701.55859375 240.4381103515625
697.167724609375 261.80450439453125
721.604736328125 30.794967651367188
716.83740234375 54.657562255859375
712.1011352539062 78.32079315185547
707.4285278320312 101.66035461425781
702.7122802734375 124.76249694824219
698.1683349609375 147.5681915283203
693.6077270507812 170.12632751464844
689.1672973632812 192.38034057617188
684.7129516601562 214.3828125
680.3883666992188 236.1317596435547
676.0660400390625 257.5467834472656
699.2847900390625 25.996728897094727
694.5585327148438 49.866615295410156
689.9540405273438 73.57138061523438
685.3754272460938 97.01576232910156
680.826904296875 120.21280670166016
676.3998413085938 143.0786895751953
671.9851684570312 165.6221923828125
667.64013671875 187.9522247314453
663.3455810546875 210.00205993652344
659.104736328125 231.77230834960938
654.8783569335938 253.35093688964844
676.7216796875 21.21245765686035
672.2431030273438 45.181434631347656
667.6865844726562 68.85711669921875
663.32080078125 92.40140533447266
658.8823852539062 115.57991027832031
654.5361938476562 138.495849609375
650.33740234375 161.1750030517578
646.0723876953125 183.54835510253906
641.8759765625 205.64161682128906
637.7385864257812 227.50613403320312
633.7008666992188 249.12167358398438
654.2827758789062 16.41058349609375
649.7702026367188 40.40415573120117
645.4764404296875 64.2249984741211
641.171630859375 87.68965911865234
636.8572387695312 111.00423431396484
632.6732177734375 133.98251342773438
628.5316772460938 156.67372131347656
624.45849609375 179.16815185546875
620.4091186523438 201.3350830078125
616.4163208007812 223.260986328125
612.4788818359375 244.8309783935547
631.6372680664062 11.609879493713379
627.3887329101562 35.64603042602539
623.1466064453125 59.48398208618164
618.9368286132812 83.11841583251953
614.8097534179688 106.43034362792969
610.7449951171875 129.4957733154297
606.7352294921875 152.2617950439453
602.7598266601562 174.73028564453125
598.8621826171875 196.9898223876953
595.033935546875 218.89886474609375
591.2498779296875 240.63243103027344